timestamp,minute_start,session_id,open,high,low,close,volume
2025-11-01 00:02:59.995000+00:00,2025-11-01 00:00:00+00:00,continuous,109557.2,109600.0,109426.5,109426.5,14970614.115899986
2025-11-01 00:05:59.579000+00:00,2025-11-01 00:03:00+00:00,continuous,109426.6,109448.2,109368.4,109410.3,23042178.629699986
2025-11-01 00:08:59.638000+00:00,2025-11-01 00:06:00+00:00,continuous,109410.3,109410.3,109375.7,109375.8,7295867.693099989
2025-11-01 00:11:59.791000+00:00,2025-11-01 00:09:00+00:00,continuous,109375.9,109454.1,109375.8,109420.7,7499430.419099991
2025-11-01 00:14:59.983000+00:00,2025-11-01 00:12:00+00:00,continuous,109420.7,109451.2,109400.6,109430.0,5659709.409899994
2025-11-01 00:17:59.884000+00:00,2025-11-01 00:15:00+00:00,continuous,109429.9,109495.9,109410.0,109480.0,8408178.286499985
2025-11-01 00:20:59.400000+00:00,2025-11-01 00:18:00+00:00,continuous,109480.0,109489.0,109412.1,109438.2,5049731.365399999
2025-11-01 00:23:59.727000+00:00,2025-11-01 00:21:00+00:00,continuous,109438.2,109457.8,109351.5,109457.8,9190797.38399998
2025-11-01 00:26:59.811000+00:00,2025-11-01 00:24:00+00:00,continuous,109457.8,109510.0,109456.3,109503.1,4429712.266199998
2025-11-01 00:29:59.860000+00:00,2025-11-01 00:27:00+00:00,continuous,109503.2,109528.1,109482.2,109500.0,5811114.519900003
2025-11-01 00:32:59.897000+00:00,2025-11-01 00:30:00+00:00,continuous,109500.0,109500.0,109406.6,109418.8,4607771.528600003
2025-11-01 00:35:59.061000+00:00,2025-11-01 00:33:00+00:00,continuous,109418.8,109452.9,109393.6,109437.9,4042968.964999995
2025-11-01 00:38:58.016000+00:00,2025-11-01 00:36:00+00:00,continuous,109437.9,109475.0,109421.9,109453.0,3672964.172100001
2025-11-01 00:41:59.105000+00:00,2025-11-01 00:39:00+00:00,continuous,109453.1,109465.8,109451.1,109451.2,975142.061000001
2025-11-01 00:44:59.813000+00:00,2025-11-01 00:42:00+00:00,continuous,109451.2,109582.0,109451.1,109582.0,9869688.622399993
2025-11-01 00:47:59.704000+00:00,2025-11-01 00:45:00+00:00,continuous,109582.0,109692.4,109580.0,109680.1,12342605.5929
2025-11-01 00:50:59.916000+00:00,2025-11-01 00:48:00+00:00,continuous,109680.1,109714.8,109680.0,109714.7,9312040.30749999
2025-11-01 00:53:59.963000+00:00,2025-11-01 00:51:00+00:00,continuous,109714.8,109725.0,109636.3,109636.3,11467269.515800022
2025-11-01 00:56:59.894000+00:00,2025-11-01 00:54:00+00:00,continuous,109636.3,109660.8,109631.2,109652.3,5980231.779400007
2025-11-01 00:59:59.834000+00:00,2025-11-01 00:57:00+00:00,continuous,109652.3,109717.9,109652.2,109689.7,9433998.614800002
2025-11-01 01:02:59.565000+00:00,2025-11-01 01:00:00+00:00,continuous,109689.7,109848.0,109684.7,109789.3,26366046.256900046
2025-11-01 01:05:58.782000+00:00,2025-11-01 01:03:00+00:00,continuous,109789.3,109829.6,109761.2,109794.1,6187428.937000003
2025-11-01 01:08:59.949000+00:00,2025-11-01 01:06:00+00:00,continuous,109794.1,109805.0,109733.6,109733.6,8323552.011200013
2025-11-01 01:11:59.594000+00:00,2025-11-01 01:09:00+00:00,continuous,109733.6,109760.7,109733.5,109744.2,6003339.73630001
2025-11-01 01:14:59.210000+00:00,2025-11-01 01:12:00+00:00,continuous,109744.1,109752.3,109712.5,109725.1,4340795.6673
2025-11-01 01:17:59.987000+00:00,2025-11-01 01:15:00+00:00,continuous,109725.0,109747.6,109713.2,109738.9,5424024.730499995
2025-11-01 01:20:59.636000+00:00,2025-11-01 01:18:00+00:00,continuous,109738.9,109738.9,109660.7,109689.0,6834509.911999989
2025-11-01 01:23:59.852000+00:00,2025-11-01 01:21:00+00:00,continuous,109689.0,109689.0,109656.2,109687.2,3388785.0745000015
2025-11-01 01:26:59.435000+00:00,2025-11-01 01:24:00+00:00,continuous,109687.3,109765.0,109687.3,109765.0,4832354.719599999
2025-11-01 01:29:59.809000+00:00,2025-11-01 01:27:00+00:00,continuous,109765.0,109900.0,109764.9,109900.0,14281530.840400027
2025-11-01 01:32:59.962000+00:00,2025-11-01 01:30:00+00:00,continuous,109900.0,110052.5,109870.5,110007.9,38820165.259799905
2025-11-01 01:35:59.962000+00:00,2025-11-01 01:33:00+00:00,continuous,110007.8,110012.3,109789.5,109791.7,28821990.876700006
2025-11-01 01:38:59.286000+00:00,2025-11-01 01:36:00+00:00,continuous,109791.7,109826.5,109765.0,109769.3,5921269.675099989
2025-11-01 01:41:59.434000+00:00,2025-11-01 01:39:00+00:00,continuous,109769.2,109769.3,109739.4,109745.5,5811749.936600003
2025-11-01 01:44:59.093000+00:00,2025-11-01 01:42:00+00:00,continuous,109745.4,109783.0,109740.0,109775.9,3665939.098700001
2025-11-01 01:47:59.622000+00:00,2025-11-01 01:45:00+00:00,continuous,109776.0,109815.9,109776.0,109815.8,3468102.9325999953
2025-11-01 01:50:58.718000+00:00,2025-11-01 01:48:00+00:00,continuous,109815.9,109815.9,109763.4,109782.6,4254012.046500003
2025-11-01 01:53:59.260000+00:00,2025-11-01 01:51:00+00:00,continuous,109782.6,109789.5,109719.9,109719.9,4828326.876399994
2025-11-01 01:56:59.914000+00:00,2025-11-01 01:54:00+00:00,continuous,109719.9,109744.8,109705.2,109705.2,5200782.757699994
2025-11-01 01:59:59.676000+00:00,2025-11-01 01:57:00+00:00,continuous,109705.3,109716.6,109690.0,109690.0,3537853.9944000016
2025-11-01 02:02:59.897000+00:00,2025-11-01 02:00:00+00:00,continuous,109690.0,109719.0,109631.8,109631.8,17447371.798200004
2025-11-01 02:05:59.711000+00:00,2025-11-01 02:03:00+00:00,continuous,109631.8,109637.9,109578.3,109590.0,10140885.147899987
2025-11-01 02:08:59.399000+00:00,2025-11-01 02:06:00+00:00,continuous,109590.1,109590.1,109536.3,109557.3,7725353.965799986
2025-11-01 02:11:59.851000+00:00,2025-11-01 02:09:00+00:00,continuous,109557.4,109557.4,109480.0,109542.0,15052492.766899997
2025-11-01 02:14:59.573000+00:00,2025-11-01 02:12:00+00:00,continuous,109542.0,109600.0,109542.0,109600.0,7830760.871499988
2025-11-01 02:17:59.865000+00:00,2025-11-01 02:15:00+00:00,continuous,109600.0,109763.3,109599.9,109756.4,10854824.261400051
2025-11-01 02:20:59.133000+00:00,2025-11-01 02:18:00+00:00,continuous,109756.3,109756.4,109714.3,109740.6,5119243.830400001
2025-11-01 02:23:59.595000+00:00,2025-11-01 02:21:00+00:00,continuous,109740.6,109746.0,109641.6,109641.7,6701319.826000001
2025-11-01 02:26:59.983000+00:00,2025-11-01 02:24:00+00:00,continuous,109641.6,109649.0,109617.5,109641.4,6505657.5017000055
2025-11-01 02:29:59.046000+00:00,2025-11-01 02:27:00+00:00,continuous,109641.5,109641.6,109610.1,109610.2,3168597.0815000045
2025-11-01 02:32:59.467000+00:00,2025-11-01 02:30:00+00:00,continuous,109610.2,109630.8,109586.0,109586.0,4654260.573199992
2025-11-01 02:35:59.871000+00:00,2025-11-01 02:33:00+00:00,continuous,109585.8,109585.8,109458.5,109460.1,10650146.892199993
2025-11-01 02:38:59.887000+00:00,2025-11-01 02:36:00+00:00,continuous,109460.1,109505.9,109432.0,109498.2,8852136.636200005
2025-11-01 02:41:58.679000+00:00,2025-11-01 02:39:00+00:00,continuous,109498.2,109546.5,109461.4,109546.4,7707338.209900013
2025-11-01 02:44:59.055000+00:00,2025-11-01 02:42:00+00:00,continuous,109546.5,109600.0,109546.4,109580.3,7204395.838700003
2025-11-01 02:47:59.477000+00:00,2025-11-01 02:45:00+00:00,continuous,109580.3,109775.2,109580.2,109743.8,21654362.983499978
2025-11-01 02:50:59.825000+00:00,2025-11-01 02:48:00+00:00,continuous,109743.8,109778.9,109725.3,109746.5,6263455.827700003
2025-11-01 02:53:59.675000+00:00,2025-11-01 02:51:00+00:00,continuous,109746.5,109779.9,109746.5,109771.1,5702920.458099993
2025-11-01 02:56:59.822000+00:00,2025-11-01 02:54:00+00:00,continuous,109771.2,109847.3,109746.4,109746.4,16944356.463400077
2025-11-01 02:59:59.058000+00:00,2025-11-01 02:57:00+00:00,continuous,109746.4,109767.4,109746.4,109750.0,5695437.622499989
2025-11-01 03:02:59.645000+00:00,2025-11-01 03:00:00+00:00,continuous,109750.0,109782.7,109750.0,109779.0,5742805.972800002
2025-11-01 03:05:59.893000+00:00,2025-11-01 03:03:00+00:00,continuous,109779.0,109832.4,109778.9,109832.4,6913726.901500007
2025-11-01 03:08:59.463000+00:00,2025-11-01 03:06:00+00:00,continuous,109832.3,109920.1,109832.3,109900.1,11517132.40980002
2025-11-01 03:11:58.921000+00:00,2025-11-01 03:09:00+00:00,continuous,109900.0,109919.8,109842.5,109857.1,12457289.508099973
2025-11-01 03:14:59.893000+00:00,2025-11-01 03:12:00+00:00,continuous,109857.1,109872.3,109845.0,109858.4,5079718.974199994
2025-11-01 03:17:59.775000+00:00,2025-11-01 03:15:00+00:00,continuous,109858.4,109940.8,109858.3,109939.9,13744820.34089995
2025-11-01 03:20:59.885000+00:00,2025-11-01 03:18:00+00:00,continuous,109939.9,110242.0,109916.3,110067.1,84940322.7745999
2025-11-01 03:23:59.908000+00:00,2025-11-01 03:21:00+00:00,continuous,110067.1,110129.5,109972.2,109990.0,44380373.67579992
2025-11-01 03:26:59.892000+00:00,2025-11-01 03:24:00+00:00,continuous,109990.0,110086.0,109969.2,110000.2,16396259.852599967
2025-11-01 03:29:59.542000+00:00,2025-11-01 03:27:00+00:00,continuous,110000.2,110033.0,110000.0,110003.0,10536652.418599999
2025-11-01 03:32:59.770000+00:00,2025-11-01 03:30:00+00:00,continuous,110003.0,110016.0,110000.0,110015.9,12514084.773800038
2025-11-01 03:35:59.867000+00:00,2025-11-01 03:33:00+00:00,continuous,110016.0,110094.0,110016.0,110042.6,15739718.14499999
2025-11-01 03:38:59.842000+00:00,2025-11-01 03:36:00+00:00,continuous,110042.6,110126.3,110042.6,110090.8,13236765.647200016
2025-11-01 03:41:59.950000+00:00,2025-11-01 03:39:00+00:00,continuous,110090.7,110266.0,110044.8,110232.0,53313296.33179992
2025-11-01 03:44:59.991000+00:00,2025-11-01 03:42:00+00:00,continuous,110232.0,110232.1,110110.1,110138.5,18168413.32249999
2025-11-01 03:47:59.821000+00:00,2025-11-01 03:45:00+00:00,continuous,110138.5,110138.7,110092.7,110138.5,12207202.691699984
2025-11-01 03:50:59.947000+00:00,2025-11-01 03:48:00+00:00,continuous,110138.5,110184.4,110113.4,110157.3,14421468.617600003
2025-11-01 03:53:59.988000+00:00,2025-11-01 03:51:00+00:00,continuous,110157.4,110169.4,110105.1,110105.2,10577898.679100005
2025-11-01 03:56:58.490000+00:00,2025-11-01 03:54:00+00:00,continuous,110105.1,110120.3,110076.8,110098.2,10481724.066999985
2025-11-01 03:59:58.375000+00:00,2025-11-01 03:57:00+00:00,continuous,110098.2,110300.0,110098.2,110194.6,49785152.77340003
2025-11-01 04:02:59.961000+00:00,2025-11-01 04:00:00+00:00,continuous,110194.6,110326.6,110194.6,110312.7,31216308.004099943
2025-11-01 04:05:59.674000+00:00,2025-11-01 04:03:00+00:00,continuous,110312.6,110365.0,110283.3,110365.0,34488427.44579993
2025-11-01 04:08:59.970000+00:00,2025-11-01 04:06:00+00:00,continuous,110364.9,110557.0,110364.9,110532.6,62729745.87909996
2025-11-01 04:11:59.942000+00:00,2025-11-01 04:09:00+00:00,continuous,110532.7,110532.7,110221.7,110241.4,32287076.55509988
2025-11-01 04:14:59.942000+00:00,2025-11-01 04:12:00+00:00,continuous,110241.4,110289.6,110230.0,110230.1,15041899.524400007
2025-11-01 04:17:59.821000+00:00,2025-11-01 04:15:00+00:00,continuous,110230.1,110230.1,110073.2,110090.6,25944442.888699953
2025-11-01 04:20:59.893000+00:00,2025-11-01 04:18:00+00:00,continuous,110090.6,110200.0,110090.5,110200.0,15250154.154899986
2025-11-01 04:23:59.986000+00:00,2025-11-01 04:21:00+00:00,continuous,110200.0,110234.1,110159.0,110220.8,11835491.277600009
2025-11-01 04:26:59.939000+00:00,2025-11-01 04:24:00+00:00,continuous,110219.4,110342.7,110219.3,110329.9,14192884.788100008
2025-11-01 04:29:59.786000+00:00,2025-11-01 04:27:00+00:00,continuous,110330.0,110330.1,110256.2,110256.2,9216263.952599986
2025-11-01 04:32:59.701000+00:00,2025-11-01 04:30:00+00:00,continuous,110256.2,110325.8,110256.2,110312.4,8699484.636999989
2025-11-01 04:35:59.992000+00:00,2025-11-01 04:33:00+00:00,continuous,110312.4,110347.5,110256.0,110268.3,29926378.027399953
2025-11-01 04:38:59.981000+00:00,2025-11-01 04:36:00+00:00,continuous,110268.2,110288.5,110196.9,110219.8,11795468.332400016
2025-11-01 04:41:59.943000+00:00,2025-11-01 04:39:00+00:00,continuous,110220.0,110248.1,110163.5,110218.1,11963766.534200002
2025-11-01 04:44:59.770000+00:00,2025-11-01 04:42:00+00:00,continuous,110218.1,110258.6,110218.0,110241.8,4577230.743599995
2025-11-01 04:47:59.796000+00:00,2025-11-01 04:45:00+00:00,continuous,110241.9,110299.4,110178.3,110198.3,9738106.2709
2025-11-01 04:50:59.408000+00:00,2025-11-01 04:48:00+00:00,continuous,110198.4,110215.7,110189.7,110211.6,5446312.114199997
2025-11-01 04:53:59.361000+00:00,2025-11-01 04:51:00+00:00,continuous,110211.6,110297.6,110211.6,110263.8,7032645.209999997
2025-11-01 04:56:59.108000+00:00,2025-11-01 04:54:00+00:00,continuous,110263.8,110315.4,110252.6,110252.6,7712950.553200001
2025-11-01 04:59:59.849000+00:00,2025-11-01 04:57:00+00:00,continuous,110252.6,110255.7,110223.2,110245.8,4965396.953999993
2025-11-01 05:02:59.942000+00:00,2025-11-01 05:00:00+00:00,continuous,110245.8,110284.7,110179.1,110179.1,9092317.449500006
2025-11-01 05:05:59.733000+00:00,2025-11-01 05:03:00+00:00,continuous,110179.1,110186.4,110094.2,110111.9,13202789.962800032
2025-11-01 05:08:59.972000+00:00,2025-11-01 05:06:00+00:00,continuous,110111.9,110129.7,110055.0,110055.4,12081642.467100013
2025-11-01 05:11:59.989000+00:00,2025-11-01 05:09:00+00:00,continuous,110055.5,110099.5,110043.3,110061.9,11030042.788999947
2025-11-01 05:14:59.882000+00:00,2025-11-01 05:12:00+00:00,continuous,110062.0,110078.8,110046.0,110046.0,6493462.074999994
2025-11-01 05:17:59.913000+00:00,2025-11-01 05:15:00+00:00,continuous,110046.1,110094.7,110000.0,110053.4,13591919.075199991
2025-11-01 05:20:59.942000+00:00,2025-11-01 05:18:00+00:00,continuous,110053.4,110143.9,110053.4,110107.3,7094179.220599992
2025-11-01 05:23:59.876000+00:00,2025-11-01 05:21:00+00:00,continuous,110107.2,110109.4,110071.4,110097.7,5238466.3054
2025-11-01 05:26:59.846000+00:00,2025-11-01 05:24:00+00:00,continuous,110097.6,110097.6,110026.0,110065.6,11775689.762199983
2025-11-01 05:29:59.450000+00:00,2025-11-01 05:27:00+00:00,continuous,110065.6,110103.9,110055.0,110103.8,4862148.005900011
2025-11-01 05:32:59.860000+00:00,2025-11-01 05:30:00+00:00,continuous,110103.9,110120.0,110069.6,110083.8,5755732.426499997
2025-11-01 05:35:59.960000+00:00,2025-11-01 05:33:00+00:00,continuous,110083.8,110188.3,110083.8,110180.1,8453672.22320001
2025-11-01 05:38:59.957000+00:00,2025-11-01 05:36:00+00:00,continuous,110180.0,110321.5,110180.0,110321.4,11655455.990199996
2025-11-01 05:41:59.557000+00:00,2025-11-01 05:39:00+00:00,continuous,110321.5,110338.0,110265.7,110265.7,8516500.935600005
2025-11-01 05:44:59.901000+00:00,2025-11-01 05:42:00+00:00,continuous,110265.7,110265.7,110223.4,110231.6,6320946.192199998
2025-11-01 05:47:59.525000+00:00,2025-11-01 05:45:00+00:00,continuous,110231.7,110231.7,110193.2,110193.2,5187910.153100005
2025-11-01 05:50:59.459000+00:00,2025-11-01 05:48:00+00:00,continuous,110193.2,110209.4,110168.8,110193.2,6300506.360700007
2025-11-01 05:53:58.892000+00:00,2025-11-01 05:51:00+00:00,continuous,110193.1,110193.2,110151.8,110161.3,4633522.418299995
2025-11-01 05:56:59.674000+00:00,2025-11-01 05:54:00+00:00,continuous,110161.3,110190.0,110057.8,110064.4,10059366.720400019
2025-11-01 05:59:58.728000+00:00,2025-11-01 05:57:00+00:00,continuous,110064.4,110100.0,110052.0,110087.7,5318857.594500001
2025-11-01 06:02:59.925000+00:00,2025-11-01 06:00:00+00:00,continuous,110087.7,110112.7,110079.2,110086.9,6156959.215700006
2025-11-01 06:05:59.832000+00:00,2025-11-01 06:03:00+00:00,continuous,110087.0,110121.6,110077.8,110077.9,5353509.001900007
2025-11-01 06:08:59.974000+00:00,2025-11-01 06:06:00+00:00,continuous,110077.8,110080.1,109993.7,109993.7,15156521.357700009
2025-11-01 06:11:59.959000+00:00,2025-11-01 06:09:00+00:00,continuous,109993.7,110047.3,109977.7,110023.7,12750421.60619999
2025-11-01 06:14:59.983000+00:00,2025-11-01 06:12:00+00:00,continuous,110023.6,110047.3,110011.1,110016.5,9523581.0006
2025-11-01 06:17:59.858000+00:00,2025-11-01 06:15:00+00:00,continuous,110016.5,110027.2,109983.0,109987.2,6478430.9849000005
2025-11-01 06:20:59.820000+00:00,2025-11-01 06:18:00+00:00,continuous,109987.1,110008.9,109969.3,109981.3,7312614.260500011
2025-11-01 06:23:59.808000+00:00,2025-11-01 06:21:00+00:00,continuous,109981.3,110000.0,109953.1,109977.1,6034628.5493
2025-11-01 06:26:59.550000+00:00,2025-11-01 06:24:00+00:00,continuous,109977.1,109980.0,109953.2,109979.9,4683808.144000003
2025-11-01 06:29:59.493000+00:00,2025-11-01 06:27:00+00:00,continuous,109979.9,109980.0,109955.1,109979.9,4612841.040400002
2025-11-01 06:32:59.548000+00:00,2025-11-01 06:30:00+00:00,continuous,109980.0,110064.5,109979.9,110052.3,6247138.80209999
2025-11-01 06:35:59.650000+00:00,2025-11-01 06:33:00+00:00,continuous,110052.3,110125.0,110052.2,110097.9,9441226.624600025
2025-11-01 06:38:59.203000+00:00,2025-11-01 06:36:00+00:00,continuous,110097.9,110097.9,110053.8,110071.4,5108385.3427000055
2025-11-01 06:41:59.900000+00:00,2025-11-01 06:39:00+00:00,continuous,110071.4,110088.0,109932.2,109932.3,9169924.492500007
2025-11-01 06:44:59.238000+00:00,2025-11-01 06:42:00+00:00,continuous,109932.2,109949.1,109901.0,109923.4,10946499.524600007
2025-11-01 06:47:59.764000+00:00,2025-11-01 06:45:00+00:00,continuous,109923.4,109923.5,109900.0,109900.1,8649923.489700016
2025-11-01 06:50:59.750000+00:00,2025-11-01 06:48:00+00:00,continuous,109900.1,109961.0,109885.5,109940.1,9361705.817599988
2025-11-01 06:53:59.545000+00:00,2025-11-01 06:51:00+00:00,continuous,109940.2,109950.3,109912.3,109921.1,5088730.315299997
2025-11-01 06:56:59.225000+00:00,2025-11-01 06:54:00+00:00,continuous,109921.0,109963.6,109921.0,109942.4,6097783.695600004
2025-11-01 06:59:59.781000+00:00,2025-11-01 06:57:00+00:00,continuous,109942.3,109965.4,109937.4,109956.2,9078827.320799982
2025-11-01 07:02:59.917000+00:00,2025-11-01 07:00:00+00:00,continuous,109956.2,109985.6,109954.8,109954.9,6350492.623000006
2025-11-01 07:05:59.821000+00:00,2025-11-01 07:03:00+00:00,continuous,109954.8,110018.6,109945.0,110011.6,10123804.163899988
2025-11-01 07:08:59.708000+00:00,2025-11-01 07:06:00+00:00,continuous,110011.6,110064.9,110011.5,110056.2,7449653.467699994
2025-11-01 07:11:59.860000+00:00,2025-11-01 07:09:00+00:00,continuous,110056.1,110090.5,110056.1,110074.5,4430004.383499999
2025-11-01 07:14:59.897000+00:00,2025-11-01 07:12:00+00:00,continuous,110074.5,110074.6,109999.7,109999.7,5864729.801899999
2025-11-01 07:17:59.930000+00:00,2025-11-01 07:15:00+00:00,continuous,109999.7,110154.7,109999.7,110141.8,9947420.247400006
2025-11-01 07:20:58.969000+00:00,2025-11-01 07:18:00+00:00,continuous,110141.7,110141.8,110042.8,110083.6,7257777.241399999
2025-11-01 07:23:59.905000+00:00,2025-11-01 07:21:00+00:00,continuous,110083.7,110100.0,110056.1,110099.8,3293345.8675999986
2025-11-01 07:26:59.850000+00:00,2025-11-01 07:24:00+00:00,continuous,110099.8,110158.0,110089.3,110157.9,6352265.427300002
2025-11-01 07:29:59.143000+00:00,2025-11-01 07:27:00+00:00,continuous,110158.0,110158.0,110114.3,110133.0,4256643.047699999
2025-11-01 07:32:59.547000+00:00,2025-11-01 07:30:00+00:00,continuous,110133.1,110224.0,110133.1,110193.8,15655995.233999988
2025-11-01 07:35:59.853000+00:00,2025-11-01 07:33:00+00:00,continuous,110193.8,110193.9,110145.4,110163.8,6118181.614900007
2025-11-01 07:38:59.862000+00:00,2025-11-01 07:36:00+00:00,continuous,110163.8,110185.9,110137.9,110137.9,5208927.290400006
2025-11-01 07:41:59.937000+00:00,2025-11-01 07:39:00+00:00,continuous,110137.9,110138.0,110045.2,110069.4,6067095.5187000055
2025-11-01 07:44:59.780000+00:00,2025-11-01 07:42:00+00:00,continuous,110069.4,110069.4,110026.1,110050.0,5041531.932
2025-11-01 07:47:59.021000+00:00,2025-11-01 07:45:00+00:00,continuous,110049.9,110050.0,110020.6,110042.7,3831016.302399997
2025-11-01 07:50:59.661000+00:00,2025-11-01 07:48:00+00:00,continuous,110042.7,110042.7,109969.8,110012.7,9476294.752299987
2025-11-01 07:53:59.410000+00:00,2025-11-01 07:51:00+00:00,continuous,110012.8,110028.4,109994.0,110013.1,4315316.7386000035
2025-11-01 07:56:59.971000+00:00,2025-11-01 07:54:00+00:00,continuous,110013.1,110047.8,110013.0,110030.0,5168659.341499993
2025-11-01 07:59:59.927000+00:00,2025-11-01 07:57:00+00:00,continuous,110030.0,110030.0,110004.4,110025.3,3405507.8051999994
2025-11-01 08:02:59.841000+00:00,2025-11-01 08:00:00+00:00,continuous,110025.3,110120.7,110025.3,110101.6,8464130.500900017
2025-11-01 08:05:59.817000+00:00,2025-11-01 08:03:00+00:00,continuous,110101.5,110123.3,110094.5,110111.8,4437931.354299998
2025-11-01 08:08:58.577000+00:00,2025-11-01 08:06:00+00:00,continuous,110111.8,110150.0,110058.3,110098.9,7435362.552899985
2025-11-01 08:11:59.647000+00:00,2025-11-01 08:09:00+00:00,continuous,110098.8,110141.9,110098.8,110119.8,5139197.2656000005
2025-11-01 08:14:59.790000+00:00,2025-11-01 08:12:00+00:00,continuous,110119.7,110124.4,110081.6,110116.9,5561203.905700004
2025-11-01 08:17:59.390000+00:00,2025-11-01 08:15:00+00:00,continuous,110117.0,110237.6,110116.9,110221.7,7464825.679500003
2025-11-01 08:20:59.840000+00:00,2025-11-01 08:18:00+00:00,continuous,110221.7,110221.8,110139.9,110152.2,6220557.3010000065
2025-11-01 08:23:58.430000+00:00,2025-11-01 08:21:00+00:00,continuous,110152.2,110176.6,110152.2,110158.1,2814519.2964999974
2025-11-01 08:26:59.333000+00:00,2025-11-01 08:24:00+00:00,continuous,110158.2,110158.2,110120.1,110125.1,6019114.9038
2025-11-01 08:29:59.599000+00:00,2025-11-01 08:27:00+00:00,continuous,110125.0,110160.0,110125.0,110148.3,3236371.055300002
2025-11-01 08:32:59.981000+00:00,2025-11-01 08:30:00+00:00,continuous,110148.3,110193.8,110132.3,110166.3,5087797.332200004
2025-11-01 08:35:59.580000+00:00,2025-11-01 08:33:00+00:00,continuous,110166.2,110195.0,110143.8,110164.7,5557486.516300005
2025-11-01 08:38:59.741000+00:00,2025-11-01 08:36:00+00:00,continuous,110164.7,110166.0,110139.7,110139.9,5445381.287000001
2025-11-01 08:41:59.198000+00:00,2025-11-01 08:39:00+00:00,continuous,110139.9,110154.3,110121.9,110132.7,5690846.760800007
2025-11-01 08:44:59.642000+00:00,2025-11-01 08:42:00+00:00,continuous,110132.6,110132.7,110123.5,110129.9,2163153.2864999985
2025-11-01 08:47:59.064000+00:00,2025-11-01 08:45:00+00:00,continuous,110129.9,110165.4,110129.9,110165.4,4956942.785900009
2025-11-01 08:50:59.621000+00:00,2025-11-01 08:48:00+00:00,continuous,110165.3,110195.3,110165.3,110166.3,3868938.418899998
2025-11-01 08:53:59.438000+00:00,2025-11-01 08:51:00+00:00,continuous,110166.2,110225.0,110166.2,110208.4,4876803.7726000035
2025-11-01 08:56:59.940000+00:00,2025-11-01 08:54:00+00:00,continuous,110208.4,110208.5,110172.8,110196.6,3525893.9831000017
2025-11-01 08:59:59.950000+00:00,2025-11-01 08:57:00+00:00,continuous,110196.6,110208.8,110170.8,110200.3,4620003.296999997
2025-11-01 09:02:59.409000+00:00,2025-11-01 09:00:00+00:00,continuous,110200.3,110203.6,110127.2,110155.0,7735481.410400006
2025-11-01 09:05:59.962000+00:00,2025-11-01 09:03:00+00:00,continuous,110154.9,110190.3,110154.8,110175.5,5887816.212400008
2025-11-01 09:08:59.950000+00:00,2025-11-01 09:06:00+00:00,continuous,110175.4,110175.5,110127.2,110140.4,6554337.3249
2025-11-01 09:11:59.044000+00:00,2025-11-01 09:09:00+00:00,continuous,110140.4,110185.7,110140.0,110185.7,7704127.615900003
2025-11-01 09:14:59.527000+00:00,2025-11-01 09:12:00+00:00,continuous,110185.6,110194.9,110168.2,110194.9,3652698.8829000005
2025-11-01 09:17:59.970000+00:00,2025-11-01 09:15:00+00:00,continuous,110194.9,110213.4,110180.0,110180.0,4577254.658800004
2025-11-01 09:20:59.486000+00:00,2025-11-01 09:18:00+00:00,continuous,110180.0,110192.5,110166.4,110170.7,3209070.3585999906
2025-11-01 09:23:59.901000+00:00,2025-11-01 09:21:00+00:00,continuous,110170.7,110170.8,110106.7,110111.7,5760765.514399998
2025-11-01 09:26:59.450000+00:00,2025-11-01 09:24:00+00:00,continuous,110111.8,110130.7,110107.9,110107.9,3615713.2434999975
2025-11-01 09:29:59.683000+00:00,2025-11-01 09:27:00+00:00,continuous,110107.9,110143.6,110085.6,110143.6,10154148.866699995
2025-11-01 09:32:58.174000+00:00,2025-11-01 09:30:00+00:00,continuous,110143.6,110143.6,110054.3,110054.3,7779405.654900004
2025-11-01 09:35:59.790000+00:00,2025-11-01 09:33:00+00:00,continuous,110054.4,110054.4,110015.4,110040.0,7970033.788299979
2025-11-01 09:38:59.620000+00:00,2025-11-01 09:36:00+00:00,continuous,110040.1,110045.7,110014.0,110023.7,5978646.5706999935
2025-11-01 09:41:59.678000+00:00,2025-11-01 09:39:00+00:00,continuous,110023.6,110023.7,109997.8,109997.8,10753065.017799998
2025-11-01 09:44:59.852000+00:00,2025-11-01 09:42:00+00:00,continuous,109997.9,109997.9,109925.0,109952.9,17226978.572499968
2025-11-01 09:47:59.136000+00:00,2025-11-01 09:45:00+00:00,continuous,109953.0,110050.0,109952.9,110050.0,9652597.701499984
2025-11-01 09:50:59.181000+00:00,2025-11-01 09:48:00+00:00,continuous,110050.0,110080.7,109983.4,109983.5,24085961.713399976
2025-11-01 09:53:59.991000+00:00,2025-11-01 09:51:00+00:00,continuous,109983.4,109997.8,109931.0,109940.0,13107342.837200018
2025-11-01 09:56:59.081000+00:00,2025-11-01 09:54:00+00:00,continuous,109940.0,109971.9,109936.1,109953.9,8919719.091300009
2025-11-01 09:59:59.703000+00:00,2025-11-01 09:57:00+00:00,continuous,109953.9,109964.3,109937.9,109954.6,4715987.307599994
2025-11-01 10:02:59.503000+00:00,2025-11-01 10:00:00+00:00,continuous,109954.6,110055.3,109954.6,110052.4,12076011.131000001
2025-11-01 10:05:59.919000+00:00,2025-11-01 10:03:00+00:00,continuous,110052.4,110066.0,109979.2,109979.2,10548981.311899988
2025-11-01 10:08:59.960000+00:00,2025-11-01 10:06:00+00:00,continuous,109979.2,109979.2,109926.1,109926.2,9655600.072499996
2025-11-01 10:11:59.949000+00:00,2025-11-01 10:09:00+00:00,continuous,109926.1,109941.7,109828.8,109828.8,24531573.81380001
2025-11-01 10:14:59.988000+00:00,2025-11-01 10:12:00+00:00,continuous,109828.8,109858.8,109803.0,109858.7,18076711.774099976
2025-11-01 10:17:59.369000+00:00,2025-11-01 10:15:00+00:00,continuous,109858.8,109896.3,109858.7,109896.3,8081650.793500003
2025-11-01 10:20:59.854000+00:00,2025-11-01 10:18:00+00:00,continuous,109896.2,109939.9,109882.2,109939.8,8512276.793299997
2025-11-01 10:23:59.852000+00:00,2025-11-01 10:21:00+00:00,continuous,109939.9,109939.9,109925.7,109939.6,3355849.199300002
2025-11-01 10:26:59.181000+00:00,2025-11-01 10:24:00+00:00,continuous,109939.6,109939.6,109934.4,109934.5,3733697.163699998
2025-11-01 10:29:59.620000+00:00,2025-11-01 10:27:00+00:00,continuous,109934.4,109990.4,109934.4,109966.3,7472183.532499996
2025-11-01 10:32:59.528000+00:00,2025-11-01 10:30:00+00:00,continuous,109966.2,109983.1,109960.9,109983.0,2905867.7142999982
2025-11-01 10:35:59.942000+00:00,2025-11-01 10:33:00+00:00,continuous,109983.1,110014.2,109983.0,109996.7,7574394.6352
2025-11-01 10:38:59.620000+00:00,2025-11-01 10:36:00+00:00,continuous,109996.8,109996.8,109935.9,109951.7,7028853.417899997
2025-11-01 10:41:59.526000+00:00,2025-11-01 10:39:00+00:00,continuous,109951.7,110000.0,109951.7,109991.9,4435054.985199995
2025-11-01 10:44:59.773000+00:00,2025-11-01 10:42:00+00:00,continuous,109991.8,110042.1,109991.8,110038.9,5120173.430399995
2025-11-01 10:47:59.810000+00:00,2025-11-01 10:45:00+00:00,continuous,110038.9,110069.6,110038.9,110069.5,4172690.454900016
2025-11-01 10:50:59.581000+00:00,2025-11-01 10:48:00+00:00,continuous,110069.5,110077.9,110024.6,110046.3,10699712.088199984
2025-11-01 10:53:59.601000+00:00,2025-11-01 10:51:00+00:00,continuous,110046.2,110151.0,110046.2,110100.1,13022400.658400003
2025-11-01 10:56:59.974000+00:00,2025-11-01 10:54:00+00:00,continuous,110100.0,110100.1,110080.5,110085.3,3435136.536700001
2025-11-01 10:59:59.936000+00:00,2025-11-01 10:57:00+00:00,continuous,110085.3,110119.5,110085.3,110119.4,4279733.2074
2025-11-01 11:02:59.658000+00:00,2025-11-01 11:00:00+00:00,continuous,110119.5,110174.9,110119.5,110166.1,9145293.889399992
2025-11-01 11:05:59.983000+00:00,2025-11-01 11:03:00+00:00,continuous,110166.0,110166.1,110135.4,110146.1,6191859.812599985
2025-11-01 11:08:59.887000+00:00,2025-11-01 11:06:00+00:00,continuous,110146.0,110207.1,110146.0,110186.0,12580662.114500007
2025-11-01 11:11:59.882000+00:00,2025-11-01 11:09:00+00:00,continuous,110186.0,110194.7,110178.3,110185.4,3753937.1017000014
2025-11-01 11:14:59.783000+00:00,2025-11-01 11:12:00+00:00,continuous,110185.4,110185.4,110153.5,110161.5,5305129.010699998
2025-11-01 11:17:58.504000+00:00,2025-11-01 11:15:00+00:00,continuous,110161.5,110161.6,110143.2,110155.0,4296020.557799998
2025-11-01 11:20:59.445000+00:00,2025-11-01 11:18:00+00:00,continuous,110155.0,110161.5,110131.2,110133.5,4505476.421400001
2025-11-01 11:23:59.384000+00:00,2025-11-01 11:21:00+00:00,continuous,110133.5,110133.6,110080.3,110098.9,6946316.210499987
2025-11-01 11:26:59.643000+00:00,2025-11-01 11:24:00+00:00,continuous,110098.9,110099.0,110046.1,110046.1,4847287.942400001
2025-11-01 11:29:59.619000+00:00,2025-11-01 11:27:00+00:00,continuous,110046.1,110051.7,110009.3,110010.7,8268462.540900012
2025-11-01 11:32:59.713000+00:00,2025-11-01 11:30:00+00:00,continuous,110010.7,110015.4,109959.5,109983.8,11908515.858899973
2025-11-01 11:35:59.948000+00:00,2025-11-01 11:33:00+00:00,continuous,109983.8,110000.0,109983.8,109991.3,4646620.628300001
2025-11-01 11:38:59.211000+00:00,2025-11-01 11:36:00+00:00,continuous,109991.3,109991.3,109958.6,109971.0,5296017.126200005
2025-11-01 11:41:59.926000+00:00,2025-11-01 11:39:00+00:00,continuous,109970.9,110043.9,109970.9,110043.9,8524440.803900003
2025-11-01 11:44:59.633000+00:00,2025-11-01 11:42:00+00:00,continuous,110043.9,110058.0,110043.8,110051.6,3611382.2355000023
2025-11-01 11:47:59.980000+00:00,2025-11-01 11:45:00+00:00,continuous,110051.5,110058.0,110039.0,110039.9,6075846.287200001
2025-11-01 11:50:59.755000+00:00,2025-11-01 11:48:00+00:00,continuous,110040.0,110084.4,110039.9,110084.4,4782577.4825000055
2025-11-01 11:53:59.901000+00:00,2025-11-01 11:51:00+00:00,continuous,110084.4,110151.5,110084.3,110138.5,6935835.699000002
2025-11-01 11:56:59.977000+00:00,2025-11-01 11:54:00+00:00,continuous,110138.6,110138.6,110073.7,110082.6,7133007.853299994
2025-11-01 11:59:59.221000+00:00,2025-11-01 11:57:00+00:00,continuous,110082.6,110096.3,110071.0,110096.2,4184355.5585
2025-11-01 12:02:59.435000+00:00,2025-11-01 12:00:00+00:00,continuous,110096.3,110127.1,110090.9,110101.9,10555368.974500004
2025-11-01 12:05:59.810000+00:00,2025-11-01 12:03:00+00:00,continuous,110101.9,110124.4,110091.7,110124.3,4591746.058700006
2025-11-01 12:08:59.007000+00:00,2025-11-01 12:06:00+00:00,continuous,110124.2,110149.7,110124.2,110144.0,6540555.980699992
2025-11-01 12:11:59.160000+00:00,2025-11-01 12:09:00+00:00,continuous,110144.0,110164.4,110115.1,110119.9,7735993.021199989
2025-11-01 12:14:59.522000+00:00,2025-11-01 12:12:00+00:00,continuous,110119.8,110121.4,110058.0,110058.0,8175228.295899997
2025-11-01 12:17:59.919000+00:00,2025-11-01 12:15:00+00:00,continuous,110058.1,110075.4,110027.3,110060.4,8191014.827199995
2025-11-01 12:20:59.934000+00:00,2025-11-01 12:18:00+00:00,continuous,110060.4,110082.5,110000.0,110006.5,9331249.38800001
2025-11-01 12:23:59.389000+00:00,2025-11-01 12:21:00+00:00,continuous,110006.4,110006.5,109956.5,109992.4,13054097.953500018
2025-11-01 12:26:59.869000+00:00,2025-11-01 12:24:00+00:00,continuous,109992.4,110021.9,109989.6,110021.9,6145081.592000015
2025-11-01 12:29:59.768000+00:00,2025-11-01 12:27:00+00:00,continuous,110021.9,110046.6,110021.8,110045.3,6300462.489199996
2025-11-01 12:32:59.120000+00:00,2025-11-01 12:30:00+00:00,continuous,110045.2,110078.9,110040.1,110078.8,5222004.009299994
2025-11-01 12:35:59.844000+00:00,2025-11-01 12:33:00+00:00,continuous,110078.9,110120.0,110078.8,110095.3,5888014.737899999
2025-11-01 12:38:59.071000+00:00,2025-11-01 12:36:00+00:00,continuous,110095.3,110095.3,110059.9,110078.5,6011021.61990001
2025-11-01 12:41:59.680000+00:00,2025-11-01 12:39:00+00:00,continuous,110078.5,110113.2,110078.4,110112.9,6112925.788499991
2025-11-01 12:44:59.871000+00:00,2025-11-01 12:42:00+00:00,continuous,110112.9,110113.0,110102.8,110111.0,3200216.7153999996
2025-11-01 12:47:59.767000+00:00,2025-11-01 12:45:00+00:00,continuous,110111.0,110111.1,109988.0,109994.5,12005498.681099987
2025-11-01 12:50:59.767000+00:00,2025-11-01 12:48:00+00:00,continuous,109994.5,110011.5,109985.0,109985.0,5661531.413800008
2025-11-01 12:53:59.146000+00:00,2025-11-01 12:51:00+00:00,continuous,109985.1,110022.7,109985.0,109988.5,4305891.0849
2025-11-01 12:56:58.957000+00:00,2025-11-01 12:54:00+00:00,continuous,109988.4,110026.2,109987.2,110000.9,7158515.753999997
2025-11-01 12:59:59.246000+00:00,2025-11-01 12:57:00+00:00,continuous,110001.0,110002.2,109972.0,109972.0,4566004.9439
2025-11-01 13:02:59.768000+00:00,2025-11-01 13:00:00+00:00,continuous,109972.1,109977.8,109913.2,109916.8,10770491.379800005
2025-11-01 13:05:59.942000+00:00,2025-11-01 13:03:00+00:00,continuous,109916.9,109997.2,109914.6,109914.6,11972274.439399965
2025-11-01 13:08:59.641000+00:00,2025-11-01 13:06:00+00:00,continuous,109914.7,109918.6,109903.0,109911.8,8769441.14369999
2025-11-01 13:11:59.861000+00:00,2025-11-01 13:09:00+00:00,continuous,109911.8,109914.9,109907.1,109914.9,4795093.068300006
2025-11-01 13:14:59.121000+00:00,2025-11-01 13:12:00+00:00,continuous,109914.9,109915.0,109911.5,109915.0,5001851.634400001
2025-11-01 13:17:59.428000+00:00,2025-11-01 13:15:00+00:00,continuous,109915.0,109941.5,109914.9,109923.7,9226596.445999974
2025-11-01 13:20:59.825000+00:00,2025-11-01 13:18:00+00:00,continuous,109923.6,109956.1,109923.6,109927.7,11195061.928999996
2025-11-01 13:23:59.821000+00:00,2025-11-01 13:21:00+00:00,continuous,109927.6,109978.3,109927.6,109978.1,12035160.651400002
2025-11-01 13:26:59.421000+00:00,2025-11-01 13:24:00+00:00,continuous,109978.2,109978.2,109950.6,109955.5,5163850.6931000035
2025-11-01 13:29:59.471000+00:00,2025-11-01 13:27:00+00:00,continuous,109955.5,109967.0,109955.4,109966.9,3485512.3303999975
2025-11-01 13:32:59.748000+00:00,2025-11-01 13:30:00+00:00,continuous,109966.9,110015.0,109966.2,110015.0,7275533.523699996
2025-11-01 13:35:59.590000+00:00,2025-11-01 13:33:00+00:00,continuous,110014.9,110015.0,109949.3,109949.3,4954100.369100003
2025-11-01 13:38:59.967000+00:00,2025-11-01 13:36:00+00:00,continuous,109949.3,109960.0,109912.3,109912.3,6186228.708199991
2025-11-01 13:41:59.835000+00:00,2025-11-01 13:39:00+00:00,continuous,109912.4,109912.4,109819.7,109826.8,19942002.214099973
2025-11-01 13:44:59.927000+00:00,2025-11-01 13:42:00+00:00,continuous,109826.8,109826.9,109654.5,109733.7,65880007.98709978
2025-11-01 13:47:59.029000+00:00,2025-11-01 13:45:00+00:00,continuous,109733.6,109830.0,109733.6,109809.7,18999881.423000026
2025-11-01 13:50:59.611000+00:00,2025-11-01 13:48:00+00:00,continuous,109809.6,109923.6,109809.6,109882.4,14883072.882099984
2025-11-01 13:53:59.604000+00:00,2025-11-01 13:51:00+00:00,continuous,109882.3,109936.1,109863.2,109936.0,7831704.981799985
2025-11-01 13:56:59.764000+00:00,2025-11-01 13:54:00+00:00,continuous,109936.0,109947.2,109895.5,109895.5,9035458.659899993
2025-11-01 13:59:59.899000+00:00,2025-11-01 13:57:00+00:00,continuous,109895.5,109922.7,109886.7,109899.6,5960998.304899998
2025-11-01 14:02:59.516000+00:00,2025-11-01 14:00:00+00:00,continuous,109899.7,109945.8,109886.2,109900.8,7222696.866499991
2025-11-01 14:05:59.157000+00:00,2025-11-01 14:03:00+00:00,continuous,109900.9,109939.0,109900.8,109933.7,7098108.2109
2025-11-01 14:08:59.945000+00:00,2025-11-01 14:06:00+00:00,continuous,109933.7,109933.9,109880.0,109880.0,7058047.226199989
2025-11-01 14:11:59.951000+00:00,2025-11-01 14:09:00+00:00,continuous,109880.0,109880.0,109756.3,109761.4,19945676.28470004
2025-11-01 14:14:59.649000+00:00,2025-11-01 14:12:00+00:00,continuous,109761.4,109778.1,109683.3,109696.3,43905402.703899994
2025-11-01 14:17:59.899000+00:00,2025-11-01 14:15:00+00:00,continuous,109696.3,109799.1,109679.5,109798.6,45738594.70860003
2025-11-01 14:20:59.893000+00:00,2025-11-01 14:18:00+00:00,continuous,109798.7,109825.0,109781.6,109799.3,23264832.286199998
2025-11-01 14:23:59.996000+00:00,2025-11-01 14:21:00+00:00,continuous,109799.2,109842.4,109768.7,109809.3,15110440.614000008
2025-11-01 14:26:59.982000+00:00,2025-11-01 14:24:00+00:00,continuous,109809.2,109833.9,109791.3,109791.3,6530929.6929000085
2025-11-01 14:29:59.978000+00:00,2025-11-01 14:27:00+00:00,continuous,109791.3,109833.1,109790.4,109833.0,7791742.420599997
2025-11-01 14:32:59.461000+00:00,2025-11-01 14:30:00+00:00,continuous,109833.1,109838.1,109818.7,109832.0,6688552.024500003
2025-11-01 14:35:59.546000+00:00,2025-11-01 14:33:00+00:00,continuous,109832.1,109850.0,109822.9,109840.0,8897379.647000005
2025-11-01 14:38:59.428000+00:00,2025-11-01 14:36:00+00:00,continuous,109839.9,109849.5,109828.0,109849.5,6722240.923299995
2025-11-01 14:41:59.734000+00:00,2025-11-01 14:39:00+00:00,continuous,109849.4,109849.4,109818.5,109818.6,7662107.157799992
2025-11-01 14:44:59.848000+00:00,2025-11-01 14:42:00+00:00,continuous,109818.6,109906.0,109818.6,109884.1,33476127.55009997
2025-11-01 14:47:58.154000+00:00,2025-11-01 14:45:00+00:00,continuous,109884.2,109884.8,109859.4,109867.1,6725951.738399998
2025-11-01 14:50:59.311000+00:00,2025-11-01 14:48:00+00:00,continuous,109867.1,109875.9,109842.4,109853.5,8727605.03030002
2025-11-01 14:53:59.692000+00:00,2025-11-01 14:51:00+00:00,continuous,109853.4,109864.2,109843.6,109843.7,7587064.606099991
2025-11-01 14:56:59.780000+00:00,2025-11-01 14:54:00+00:00,continuous,109843.8,109867.2,109843.7,109867.1,5450526.242199998
2025-11-01 14:59:59.820000+00:00,2025-11-01 14:57:00+00:00,continuous,109867.2,109880.0,109863.4,109880.0,6668400.125199993
2025-11-01 15:02:59.399000+00:00,2025-11-01 15:00:00+00:00,continuous,109880.0,109910.2,109854.4,109862.1,33250790.22680001
2025-11-01 15:05:59.942000+00:00,2025-11-01 15:03:00+00:00,continuous,109862.1,110095.2,109862.1,110093.2,26251912.2596
2025-11-01 15:08:59.948000+00:00,2025-11-01 15:06:00+00:00,continuous,110093.3,110288.7,110047.7,110286.1,59007184.529700086
2025-11-01 15:11:59.966000+00:00,2025-11-01 15:09:00+00:00,continuous,110286.0,110300.0,110151.1,110151.1,44832389.90590002
2025-11-01 15:14:59.950000+00:00,2025-11-01 15:12:00+00:00,continuous,110151.2,110172.0,110131.1,110139.0,12783840.81420002
2025-11-01 15:17:59.359000+00:00,2025-11-01 15:15:00+00:00,continuous,110138.9,110210.0,110138.9,110151.8,28645749.210700072
2025-11-01 15:20:59.750000+00:00,2025-11-01 15:18:00+00:00,continuous,110151.8,110154.8,110073.5,110073.5,16034082.65739998
2025-11-01 15:23:59.323000+00:00,2025-11-01 15:21:00+00:00,continuous,110073.6,110073.6,110040.2,110040.3,10838855.914200006
2025-11-01 15:26:59.616000+00:00,2025-11-01 15:24:00+00:00,continuous,110040.2,110040.3,109948.1,110026.8,25423304.598600127
2025-11-01 15:29:59.898000+00:00,2025-11-01 15:27:00+00:00,continuous,110026.7,110026.8,109922.8,110007.3,22118101.181499965
2025-11-01 15:32:59.405000+00:00,2025-11-01 15:30:00+00:00,continuous,110007.2,110100.0,109988.7,110082.1,23147472.64340004
2025-11-01 15:35:59.831000+00:00,2025-11-01 15:33:00+00:00,continuous,110082.2,110088.2,110024.7,110053.1,9317062.5973
2025-11-01 15:38:59.273000+00:00,2025-11-01 15:36:00+00:00,continuous,110053.2,110053.2,109961.2,109984.5,12674194.035299957
2025-11-01 15:41:59.760000+00:00,2025-11-01 15:39:00+00:00,continuous,109984.4,109995.8,109957.8,109995.7,6018016.116099994
2025-11-01 15:44:58.341000+00:00,2025-11-01 15:42:00+00:00,continuous,109995.7,110042.4,109989.6,110019.5,4451543.611
2025-11-01 15:47:59.628000+00:00,2025-11-01 15:45:00+00:00,continuous,110019.5,110033.3,110008.8,110013.5,5320421.060899998
2025-11-01 15:50:59.868000+00:00,2025-11-01 15:48:00+00:00,continuous,110013.5,110100.0,110013.5,110053.9,7349391.590399988
2025-11-01 15:53:59.851000+00:00,2025-11-01 15:51:00+00:00,continuous,110054.0,110086.7,110054.0,110086.6,3676628.807199996
2025-11-01 15:56:59.929000+00:00,2025-11-01 15:54:00+00:00,continuous,110086.7,110100.0,110079.2,110100.0,15354955.492799995
2025-11-01 15:59:59.909000+00:00,2025-11-01 15:57:00+00:00,continuous,110100.0,110267.4,110099.9,110253.2,39792960.29370004
2025-11-01 16:02:59.904000+00:00,2025-11-01 16:00:00+00:00,continuous,110253.1,110285.7,110182.5,110249.9,36219153.16819994
2025-11-01 16:05:59.911000+00:00,2025-11-01 16:03:00+00:00,continuous,110249.9,110350.0,110249.8,110350.0,48174125.490500174
2025-11-01 16:08:59.887000+00:00,2025-11-01 16:06:00+00:00,continuous,110349.9,110400.0,110343.3,110346.6,35746319.016400054
2025-11-01 16:11:59.533000+00:00,2025-11-01 16:09:00+00:00,continuous,110346.6,110351.7,110192.3,110263.6,21164492.12259994
2025-11-01 16:14:59.929000+00:00,2025-11-01 16:12:00+00:00,continuous,110263.6,110297.0,110145.5,110145.5,15882913.414899994
2025-11-01 16:17:59.767000+00:00,2025-11-01 16:15:00+00:00,continuous,110145.6,110191.1,110145.5,110160.4,10092550.892900009
2025-11-01 16:20:59.482000+00:00,2025-11-01 16:18:00+00:00,continuous,110160.4,110237.0,110157.5,110236.9,8887476.200099971
2025-11-01 16:23:59.882000+00:00,2025-11-01 16:21:00+00:00,continuous,110237.0,110253.9,110180.6,110185.9,9498908.344799997
2025-11-01 16:26:59.898000+00:00,2025-11-01 16:24:00+00:00,continuous,110186.0,110254.2,110176.8,110216.0,9069538.397199998
2025-11-01 16:29:59.583000+00:00,2025-11-01 16:27:00+00:00,continuous,110216.0,110216.0,110144.0,110144.0,7167266.020900004
2025-11-01 16:32:59.740000+00:00,2025-11-01 16:30:00+00:00,continuous,110144.0,110300.0,110144.0,110299.9,14181642.312300006
2025-11-01 16:35:59.958000+00:00,2025-11-01 16:33:00+00:00,continuous,110299.8,110338.7,110293.2,110338.7,14465534.132899981
2025-11-01 16:38:59.970000+00:00,2025-11-01 16:36:00+00:00,continuous,110338.7,110366.0,110331.8,110350.1,19122835.547200017
2025-11-01 16:41:59.352000+00:00,2025-11-01 16:39:00+00:00,continuous,110350.2,110355.6,110303.8,110336.7,22437947.162799947
2025-11-01 16:44:59.663000+00:00,2025-11-01 16:42:00+00:00,continuous,110336.7,110400.0,110336.7,110399.9,22173808.6795
2025-11-01 16:47:59.895000+00:00,2025-11-01 16:45:00+00:00,continuous,110399.8,110486.4,110393.7,110446.8,49694622.06270014
2025-11-01 16:50:59.682000+00:00,2025-11-01 16:48:00+00:00,continuous,110446.7,110446.8,110339.4,110416.4,14558982.199199988
2025-11-01 16:53:59.943000+00:00,2025-11-01 16:51:00+00:00,continuous,110416.4,110479.1,110416.4,110452.8,10327363.336600002
2025-11-01 16:56:59.753000+00:00,2025-11-01 16:54:00+00:00,continuous,110452.8,110452.9,110391.8,110399.9,8050898.229199992
2025-11-01 16:59:59.836000+00:00,2025-11-01 16:57:00+00:00,continuous,110400.0,110413.8,110399.9,110413.7,5262103.599100007
2025-11-01 17:02:59.892000+00:00,2025-11-01 17:00:00+00:00,continuous,110413.8,110455.5,110289.6,110307.0,22962359.420499977
2025-11-01 17:05:59.942000+00:00,2025-11-01 17:03:00+00:00,continuous,110307.0,110380.9,110306.9,110332.8,10139778.631599985
2025-11-01 17:08:59.321000+00:00,2025-11-01 17:06:00+00:00,continuous,110332.8,110339.8,110247.5,110247.5,22050085.559599962
2025-11-01 17:11:59.941000+00:00,2025-11-01 17:09:00+00:00,continuous,110247.5,110275.1,110215.9,110275.0,10336514.087599972
2025-11-01 17:14:59.895000+00:00,2025-11-01 17:12:00+00:00,continuous,110275.0,110307.8,110275.0,110305.2,4843295.816500009
2025-11-01 17:17:59.971000+00:00,2025-11-01 17:15:00+00:00,continuous,110305.1,110323.4,110175.7,110228.6,16961616.57679998
2025-11-01 17:20:59.385000+00:00,2025-11-01 17:18:00+00:00,continuous,110228.6,110228.6,110192.5,110197.0,4294117.09820001
2025-11-01 17:23:59.782000+00:00,2025-11-01 17:21:00+00:00,continuous,110196.9,110242.4,110192.3,110242.3,5250276.7029000055
2025-11-01 17:26:59.607000+00:00,2025-11-01 17:24:00+00:00,continuous,110242.3,110242.4,110163.7,110179.9,6796834.446900012
2025-11-01 17:29:58.894000+00:00,2025-11-01 17:27:00+00:00,continuous,110179.9,110200.0,110157.5,110170.0,7155685.5966
2025-11-01 17:32:59.104000+00:00,2025-11-01 17:30:00+00:00,continuous,110170.1,110219.6,110170.1,110219.6,8089030.669299986
2025-11-01 17:35:57.841000+00:00,2025-11-01 17:33:00+00:00,continuous,110219.6,110219.6,110163.9,110202.3,6032654.484600003
2025-11-01 17:38:59.642000+00:00,2025-11-01 17:36:00+00:00,continuous,110202.4,110298.7,110202.3,110298.6,6001166.028699993
2025-11-01 17:41:59.608000+00:00,2025-11-01 17:39:00+00:00,continuous,110298.6,110298.7,110265.3,110289.2,5391859.295900008
2025-11-01 17:44:59.746000+00:00,2025-11-01 17:42:00+00:00,continuous,110289.1,110301.0,110238.4,110243.4,3800957.935000002
2025-11-01 17:47:58.709000+00:00,2025-11-01 17:45:00+00:00,continuous,110243.4,110298.9,110243.4,110277.9,3691222.5574999973
2025-11-01 17:50:58.876000+00:00,2025-11-01 17:48:00+00:00,continuous,110278.0,110284.3,110229.9,110246.7,4345582.639699999
2025-11-01 17:53:59.917000+00:00,2025-11-01 17:51:00+00:00,continuous,110246.7,110280.0,110218.5,110258.4,3845354.666399998
2025-11-01 17:56:58.794000+00:00,2025-11-01 17:54:00+00:00,continuous,110258.3,110258.3,110125.1,110160.5,11222487.545400001
2025-11-01 17:59:59.850000+00:00,2025-11-01 17:57:00+00:00,continuous,110160.5,110180.0,110160.0,110160.1,2010065.6866000018
2025-11-01 18:02:59.952000+00:00,2025-11-01 18:00:00+00:00,continuous,110160.1,110215.9,110145.5,110194.3,5325350.401600007
2025-11-01 18:05:59.748000+00:00,2025-11-01 18:03:00+00:00,continuous,110194.3,110227.7,110175.0,110194.6,5310270.957099985
2025-11-01 18:08:59.426000+00:00,2025-11-01 18:06:00+00:00,continuous,110194.6,110215.0,110171.7,110214.9,4957747.834099993
2025-11-01 18:11:59.985000+00:00,2025-11-01 18:09:00+00:00,continuous,110215.0,110255.7,110175.4,110255.7,3672406.492
2025-11-01 18:14:59.478000+00:00,2025-11-01 18:12:00+00:00,continuous,110255.8,110255.8,110221.4,110221.4,3013513.7128000017
2025-11-01 18:17:59.966000+00:00,2025-11-01 18:15:00+00:00,continuous,110221.4,110297.3,110215.0,110273.2,4621378.087699994
2025-11-01 18:20:59.186000+00:00,2025-11-01 18:18:00+00:00,continuous,110273.1,110280.0,110221.4,110266.1,6269810.576999995
2025-11-01 18:23:59.968000+00:00,2025-11-01 18:21:00+00:00,continuous,110266.0,110266.1,110228.6,110228.7,4406808.161199991
2025-11-01 18:26:57.014000+00:00,2025-11-01 18:24:00+00:00,continuous,110228.7,110243.1,110196.2,110230.2,4242838.9238
2025-11-01 18:29:59.894000+00:00,2025-11-01 18:27:00+00:00,continuous,110230.3,110237.7,110207.5,110208.2,7628097.765300002
2025-11-01 18:32:59.681000+00:00,2025-11-01 18:30:00+00:00,continuous,110208.2,110211.8,110180.5,110188.8,9241593.174299994
2025-11-01 18:35:59.895000+00:00,2025-11-01 18:33:00+00:00,continuous,110188.9,110224.3,110182.4,110182.5,4547661.609000004
2025-11-01 18:38:58.593000+00:00,2025-11-01 18:36:00+00:00,continuous,110182.5,110186.7,110179.0,110186.6,5145777.747899999
2025-11-01 18:41:59.207000+00:00,2025-11-01 18:39:00+00:00,continuous,110186.7,110186.7,110163.5,110169.4,4294935.202100001
2025-11-01 18:44:56.287000+00:00,2025-11-01 18:42:00+00:00,continuous,110169.3,110203.1,110169.3,110203.0,2695667.501299998
2025-11-01 18:47:59.830000+00:00,2025-11-01 18:45:00+00:00,continuous,110203.1,110223.1,110203.0,110223.1,1588132.1468999984
2025-11-01 18:50:58.216000+00:00,2025-11-01 18:48:00+00:00,continuous,110223.1,110253.6,110223.0,110252.9,7739741.413399995
2025-11-01 18:53:59.501000+00:00,2025-11-01 18:51:00+00:00,continuous,110253.0,110314.3,110252.9,110297.2,8704060.197399992
2025-11-01 18:56:59.806000+00:00,2025-11-01 18:54:00+00:00,continuous,110297.2,110325.1,110286.2,110310.8,7074624.017399997
2025-11-01 18:59:59.909000+00:00,2025-11-01 18:57:00+00:00,continuous,110310.9,110310.9,110294.8,110294.9,2942251.274099997
2025-11-01 19:02:58.308000+00:00,2025-11-01 19:00:00+00:00,continuous,110294.9,110294.9,110186.7,110186.8,8596891.279800005
2025-11-01 19:05:59.433000+00:00,2025-11-01 19:03:00+00:00,continuous,110186.8,110207.8,110186.7,110191.2,6876382.447000003
2025-11-01 19:08:59.736000+00:00,2025-11-01 19:06:00+00:00,continuous,110191.3,110191.3,110171.7,110173.7,3125005.008299999
2025-11-01 19:11:59.822000+00:00,2025-11-01 19:09:00+00:00,continuous,110173.8,110200.0,110173.7,110174.4,4316844.330700006
2025-11-01 19:14:58.744000+00:00,2025-11-01 19:12:00+00:00,continuous,110174.4,110186.6,110174.3,110186.6,2275035.632400001
2025-11-01 19:17:59.272000+00:00,2025-11-01 19:15:00+00:00,continuous,110186.5,110198.7,110186.5,110189.9,4406739.8728
2025-11-01 19:20:59.536000+00:00,2025-11-01 19:18:00+00:00,continuous,110189.9,110243.6,110189.9,110243.5,1881272.9359999998
2025-11-01 19:23:59.023000+00:00,2025-11-01 19:21:00+00:00,continuous,110243.5,110254.5,110208.9,110223.5,4381874.067399991
2025-11-01 19:26:59.805000+00:00,2025-11-01 19:24:00+00:00,continuous,110223.5,110250.0,110223.5,110250.0,1820886.240599997
2025-11-01 19:29:59.450000+00:00,2025-11-01 19:27:00+00:00,continuous,110250.0,110250.0,110217.6,110217.6,2211796.084700001
2025-11-01 19:32:59.367000+00:00,2025-11-01 19:30:00+00:00,continuous,110217.5,110219.7,110179.7,110179.8,2667830.2706000004
2025-11-01 19:35:59.233000+00:00,2025-11-01 19:33:00+00:00,continuous,110179.7,110204.6,110179.7,110195.1,2727859.949300001
2025-11-01 19:38:59.533000+00:00,2025-11-01 19:36:00+00:00,continuous,110195.1,110207.9,110176.9,110183.5,3288461.1784999957
2025-11-01 19:41:59.478000+00:00,2025-11-01 19:39:00+00:00,continuous,110183.5,110226.6,110183.5,110215.3,1941196.7859000002
2025-11-01 19:44:59.953000+00:00,2025-11-01 19:42:00+00:00,continuous,110215.3,110238.9,110215.2,110238.9,1085403.8103999991
2025-11-01 19:47:59.769000+00:00,2025-11-01 19:45:00+00:00,continuous,110238.8,110238.9,110214.0,110220.1,1627359.6179999996
2025-11-01 19:50:59.584000+00:00,2025-11-01 19:48:00+00:00,continuous,110220.0,110243.5,110220.0,110243.4,1355204.1986999996
2025-11-01 19:53:59.313000+00:00,2025-11-01 19:51:00+00:00,continuous,110243.5,110243.5,110240.6,110240.7,669608.6916000006
2025-11-01 19:56:59.749000+00:00,2025-11-01 19:54:00+00:00,continuous,110240.7,110279.3,110240.6,110279.2,2878401.8634000057
2025-11-01 19:59:58.953000+00:00,2025-11-01 19:57:00+00:00,continuous,110279.3,110279.3,110248.9,110249.0,1783194.1230000008
2025-11-01 20:02:59.721000+00:00,2025-11-01 20:00:00+00:00,continuous,110249.0,110249.0,110248.9,110248.9,1307111.4832000008
2025-11-01 20:05:59.410000+00:00,2025-11-01 20:03:00+00:00,continuous,110249.0,110290.3,110248.9,110272.4,3232942.7576000006
2025-11-01 20:08:59.606000+00:00,2025-11-01 20:06:00+00:00,continuous,110272.4,110292.0,110253.0,110253.1,3124365.5182000017
2025-11-01 20:11:59.097000+00:00,2025-11-01 20:09:00+00:00,continuous,110253.1,110292.8,110253.0,110292.7,3805369.431
2025-11-01 20:14:59.586000+00:00,2025-11-01 20:12:00+00:00,continuous,110292.8,110342.5,110292.7,110298.2,10051587.22599999
2025-11-01 20:17:59.950000+00:00,2025-11-01 20:15:00+00:00,continuous,110298.3,110342.1,110283.2,110342.1,2882528.191900001
2025-11-01 20:20:59.585000+00:00,2025-11-01 20:18:00+00:00,continuous,110342.1,110360.0,110335.2,110360.0,3015549.662800001
2025-11-01 20:23:58.408000+00:00,2025-11-01 20:21:00+00:00,continuous,110359.9,110391.1,110359.9,110391.1,4654797.752299992
2025-11-01 20:26:59.129000+00:00,2025-11-01 20:24:00+00:00,continuous,110391.0,110440.0,110370.4,110378.1,11655631.108899998
2025-11-01 20:29:59.288000+00:00,2025-11-01 20:27:00+00:00,continuous,110378.1,110399.0,110350.3,110399.0,5356058.774700001
2025-11-01 20:32:59.513000+00:00,2025-11-01 20:30:00+00:00,continuous,110399.0,110487.0,110393.1,110444.9,15380209.174399996
2025-11-01 20:35:59.598000+00:00,2025-11-01 20:33:00+00:00,continuous,110444.9,110444.9,110343.5,110364.7,8734280.50310001
2025-11-01 20:38:59.010000+00:00,2025-11-01 20:36:00+00:00,continuous,110364.8,110424.7,110364.8,110394.1,5374019.2047000015
2025-11-01 20:41:59.359000+00:00,2025-11-01 20:39:00+00:00,continuous,110394.1,110418.0,110394.0,110394.1,3605108.4734999985
2025-11-01 20:44:59.758000+00:00,2025-11-01 20:42:00+00:00,continuous,110394.1,110394.1,110394.0,110394.0,932829.5703999994
2025-11-01 20:47:59.895000+00:00,2025-11-01 20:45:00+00:00,continuous,110394.0,110402.7,110299.9,110358.7,12650898.315399986
2025-11-01 20:50:59.501000+00:00,2025-11-01 20:48:00+00:00,continuous,110358.6,110406.8,110358.6,110400.0,4701408.817099996
2025-11-01 20:53:59.497000+00:00,2025-11-01 20:51:00+00:00,continuous,110400.0,110400.0,110365.7,110365.8,1978345.092299999
2025-11-01 20:56:57.470000+00:00,2025-11-01 20:54:00+00:00,continuous,110365.7,110377.9,110339.3,110344.9,3571678.3595999996
2025-11-01 20:59:59.897000+00:00,2025-11-01 20:57:00+00:00,continuous,110344.9,110378.4,110344.9,110358.4,2644967.486799995
2025-11-01 21:02:59.857000+00:00,2025-11-01 21:00:00+00:00,continuous,110358.4,110389.9,110358.4,110358.5,3577567.6443000054
2025-11-01 21:05:59.896000+00:00,2025-11-01 21:03:00+00:00,continuous,110358.5,110360.1,110346.6,110349.0,2878369.551100002
2025-11-01 21:08:59.986000+00:00,2025-11-01 21:06:00+00:00,continuous,110349.0,110349.0,110308.6,110308.8,2401701.5722000026
2025-11-01 21:11:59.329000+00:00,2025-11-01 21:09:00+00:00,continuous,110308.7,110323.8,110308.7,110319.4,3336288.574899998
2025-11-01 21:14:59.903000+00:00,2025-11-01 21:12:00+00:00,continuous,110319.3,110332.3,110157.6,110167.7,11991691.869899992
2025-11-01 21:17:59.165000+00:00,2025-11-01 21:15:00+00:00,continuous,110167.6,110334.3,110167.6,110311.1,22566701.254299935
2025-11-01 21:20:58.210000+00:00,2025-11-01 21:18:00+00:00,continuous,110311.1,110311.2,110255.2,110304.2,6111593.170900012
2025-11-01 21:23:59.970000+00:00,2025-11-01 21:21:00+00:00,continuous,110304.2,110311.2,110304.2,110311.1,2259082.2903000023
2025-11-01 21:26:58.497000+00:00,2025-11-01 21:24:00+00:00,continuous,110311.1,110311.6,110311.1,110311.5,1435151.184499999
2025-11-01 21:29:59.623000+00:00,2025-11-01 21:27:00+00:00,continuous,110311.5,110316.6,110289.7,110316.5,3357985.9941000026
2025-11-01 21:32:58.408000+00:00,2025-11-01 21:30:00+00:00,continuous,110316.6,110316.6,110277.4,110292.0,7570693.2619
2025-11-01 21:35:59.690000+00:00,2025-11-01 21:33:00+00:00,continuous,110292.0,110292.1,110274.8,110274.9,1012748.5372000007
2025-11-01 21:38:59.714000+00:00,2025-11-01 21:36:00+00:00,continuous,110274.8,110274.9,110152.5,110170.0,12836211.6905
2025-11-01 21:41:59.941000+00:00,2025-11-01 21:39:00+00:00,continuous,110170.1,110180.1,110111.9,110164.6,11902979.105300013
2025-11-01 21:44:59.575000+00:00,2025-11-01 21:42:00+00:00,continuous,110164.5,110164.6,110105.6,110154.6,6920763.862100001
2025-11-01 21:47:59.871000+00:00,2025-11-01 21:45:00+00:00,continuous,110154.7,110154.7,110101.0,110123.9,8575610.710899988
2025-11-01 21:50:59.729000+00:00,2025-11-01 21:48:00+00:00,continuous,110123.9,110123.9,110000.0,110006.2,21408386.319499977
2025-11-01 21:53:59.825000+00:00,2025-11-01 21:51:00+00:00,continuous,110006.6,110061.0,110000.6,110004.0,8453702.119599992
2025-11-01 21:56:59.534000+00:00,2025-11-01 21:54:00+00:00,continuous,110004.1,110041.0,109932.1,109932.1,15951913.642600028
2025-11-01 21:59:59.700000+00:00,2025-11-01 21:57:00+00:00,continuous,109932.1,109932.1,109803.5,109815.2,24681019.77459995
2025-11-01 22:02:59.208000+00:00,2025-11-01 22:00:00+00:00,continuous,109815.2,109934.0,109815.1,109907.8,16146145.939699998
2025-11-01 22:05:59.746000+00:00,2025-11-01 22:03:00+00:00,continuous,109907.8,109921.5,109846.0,109917.4,7515176.987500004
2025-11-01 22:08:59.860000+00:00,2025-11-01 22:06:00+00:00,continuous,109917.5,109980.1,109881.4,109980.1,17662037.9767
2025-11-01 22:11:58.384000+00:00,2025-11-01 22:09:00+00:00,continuous,109980.1,109999.8,109926.9,109944.1,8423177.493500007
2025-11-01 22:14:59.500000+00:00,2025-11-01 22:12:00+00:00,continuous,109944.1,109977.8,109912.1,109912.1,4057086.352499997
2025-11-01 22:17:59.454000+00:00,2025-11-01 22:15:00+00:00,continuous,109912.1,109925.2,109900.0,109925.1,4152054.593699998
2025-11-01 22:20:59.753000+00:00,2025-11-01 22:18:00+00:00,continuous,109925.2,109952.3,109906.5,109952.2,4299668.816000007
2025-11-01 22:23:59.548000+00:00,2025-11-01 22:21:00+00:00,continuous,109952.2,109981.1,109952.2,109962.8,1960169.136700004
2025-11-01 22:26:59.719000+00:00,2025-11-01 22:24:00+00:00,continuous,109962.7,109970.0,109942.8,109967.8,3542088.157099999
2025-11-01 22:29:59.850000+00:00,2025-11-01 22:27:00+00:00,continuous,109967.9,109993.0,109949.9,109955.0,4776520.269800005
2025-11-01 22:32:59.299000+00:00,2025-11-01 22:30:00+00:00,continuous,109955.1,109972.2,109955.0,109969.2,2729918.500599992
2025-11-01 22:35:59.919000+00:00,2025-11-01 22:33:00+00:00,continuous,109969.1,110004.3,109969.1,109998.5,3828536.7834000047
2025-11-01 22:38:59.185000+00:00,2025-11-01 22:36:00+00:00,continuous,109998.5,110028.6,109998.5,110003.2,3444961.5711000026
2025-11-01 22:41:59.660000+00:00,2025-11-01 22:39:00+00:00,continuous,110003.3,110003.3,109987.8,110003.2,2359477.2769000004
2025-11-01 22:44:58.249000+00:00,2025-11-01 22:42:00+00:00,continuous,110003.3,110011.0,109993.6,110010.9,1699751.3773000005
2025-11-01 22:47:59.197000+00:00,2025-11-01 22:45:00+00:00,continuous,110011.0,110014.3,109982.8,110008.0,2732391.534799998
2025-11-01 22:50:59.949000+00:00,2025-11-01 22:48:00+00:00,continuous,110008.1,110021.1,109955.3,109967.1,3358039.4848000044
2025-11-01 22:53:58.819000+00:00,2025-11-01 22:51:00+00:00,continuous,109967.1,110005.3,109951.6,110002.4,2977878.0605999995
2025-11-01 22:56:59.284000+00:00,2025-11-01 22:54:00+00:00,continuous,110002.3,110033.0,110002.3,110032.9,2885568.2086000005
2025-11-01 22:59:59.245000+00:00,2025-11-01 22:57:00+00:00,continuous,110033.0,110060.2,110032.9,110044.0,2541320.7375000054
2025-11-01 23:02:59.770000+00:00,2025-11-01 23:00:00+00:00,continuous,110044.0,110044.1,109989.0,109997.5,4201276.177899998
2025-11-01 23:05:57.659000+00:00,2025-11-01 23:03:00+00:00,continuous,109997.5,109997.6,109991.1,109991.1,2767398.143600001
2025-11-01 23:08:58.524000+00:00,2025-11-01 23:06:00+00:00,continuous,109991.1,110027.6,109950.5,110010.9,7107067.500800002
2025-11-01 23:11:59.721000+00:00,2025-11-01 23:09:00+00:00,continuous,110011.0,110016.6,109985.7,109985.7,3291814.3565000026
2025-11-01 23:14:58.641000+00:00,2025-11-01 23:12:00+00:00,continuous,109985.7,110001.7,109979.7,109999.9,2887481.7489999933
2025-11-01 23:17:59.799000+00:00,2025-11-01 23:15:00+00:00,continuous,109999.9,110000.0,109953.7,109953.7,2311645.2790999985
2025-11-01 23:20:59.497000+00:00,2025-11-01 23:18:00+00:00,continuous,109953.8,109966.1,109943.9,109944.1,3261234.0002999995
2025-11-01 23:23:59.895000+00:00,2025-11-01 23:21:00+00:00,continuous,109944.0,110036.4,109944.0,110036.4,3071223.412799996
2025-11-01 23:26:59.364000+00:00,2025-11-01 23:24:00+00:00,continuous,110036.4,110044.1,110012.0,110026.6,4288436.854600003
2025-11-01 23:29:59.751000+00:00,2025-11-01 23:27:00+00:00,continuous,110026.5,110044.1,110026.5,110037.0,1985232.8201000018
2025-11-01 23:32:58.830000+00:00,2025-11-01 23:30:00+00:00,continuous,110037.0,110037.1,110003.3,110017.0,1801985.660399999
2025-11-01 23:35:58.976000+00:00,2025-11-01 23:33:00+00:00,continuous,110016.9,110041.5,110008.9,110016.7,2459269.6227
2025-11-01 23:38:57.634000+00:00,2025-11-01 23:36:00+00:00,continuous,110016.8,110034.9,109922.4,109950.3,5784316.5704
2025-11-01 23:41:58.902000+00:00,2025-11-01 23:39:00+00:00,continuous,109950.2,109992.8,109950.2,109987.2,3058898.486599999
2025-11-01 23:44:59.802000+00:00,2025-11-01 23:42:00+00:00,continuous,109987.3,110007.0,109987.2,110002.7,2114183.8745999997
2025-11-01 23:47:58.356000+00:00,2025-11-01 23:45:00+00:00,continuous,110002.8,110006.4,109987.6,109987.7,3710182.878800001
2025-11-01 23:50:59.542000+00:00,2025-11-01 23:48:00+00:00,continuous,109987.7,110002.3,109973.4,109985.9,2965739.0508
2025-11-01 23:53:59.848000+00:00,2025-11-01 23:51:00+00:00,continuous,109986.0,110010.8,109985.9,110010.8,1377525.4736000022
2025-11-01 23:56:59.963000+00:00,2025-11-01 23:54:00+00:00,continuous,110010.7,110013.6,110000.0,110013.6,2688986.376500001
2025-11-01 23:59:59.747000+00:00,2025-11-01 23:57:00+00:00,continuous,110013.6,110100.0,110013.6,110047.2,7852062.7047000015
2025-11-02 00:02:59.567000+00:00,2025-11-02 00:00:00+00:00,continuous,110047.3,110075.1,109990.6,110016.2,17879821.420600004
2025-11-02 00:05:59.741000+00:00,2025-11-02 00:03:00+00:00,continuous,110016.2,110021.9,109988.7,109988.8,6536232.477800014
2025-11-02 00:08:59.771000+00:00,2025-11-02 00:06:00+00:00,continuous,109988.8,110045.5,109988.8,109997.1,10087265.589399997
2025-11-02 00:11:59.727000+00:00,2025-11-02 00:09:00+00:00,continuous,109997.0,110013.1,109982.7,110011.5,5088424.260600005
2025-11-02 00:14:59.956000+00:00,2025-11-02 00:12:00+00:00,continuous,110011.4,110014.6,109991.2,109998.3,2660339.758800002
2025-11-02 00:17:59.830000+00:00,2025-11-02 00:15:00+00:00,continuous,109998.3,110003.9,109950.3,109950.4,3804589.4589999947
2025-11-02 00:20:59.727000+00:00,2025-11-02 00:18:00+00:00,continuous,109950.3,109950.4,109895.4,109895.4,10120966.99870001
2025-11-02 00:23:59.559000+00:00,2025-11-02 00:21:00+00:00,continuous,109895.5,109965.9,109846.7,109950.3,14590769.664000014
2025-11-02 00:26:59.975000+00:00,2025-11-02 00:24:00+00:00,continuous,109950.4,110050.5,109950.3,110042.9,9436195.912200006
2025-11-02 00:29:59.672000+00:00,2025-11-02 00:27:00+00:00,continuous,110043.0,110088.0,109980.0,109980.0,8422311.827199997
2025-11-02 00:32:59.981000+00:00,2025-11-02 00:30:00+00:00,continuous,109980.1,110033.5,109968.8,109974.2,8792363.181800015
2025-11-02 00:35:59.530000+00:00,2025-11-02 00:33:00+00:00,continuous,109974.3,110017.3,109950.3,109979.2,5186210.030599992
2025-11-02 00:38:59.659000+00:00,2025-11-02 00:36:00+00:00,continuous,109979.3,109984.6,109910.0,109929.4,7605321.071200006
2025-11-02 00:41:58.839000+00:00,2025-11-02 00:39:00+00:00,continuous,109929.5,109970.4,109923.8,109942.1,3758425.7722000014
2025-11-02 00:44:59.466000+00:00,2025-11-02 00:42:00+00:00,continuous,109942.2,109959.3,109942.2,109959.2,1844879.8904999995
2025-11-02 00:47:59.631000+00:00,2025-11-02 00:45:00+00:00,continuous,109959.3,109991.9,109959.2,109970.9,2697916.862700002
2025-11-02 00:50:59.884000+00:00,2025-11-02 00:48:00+00:00,continuous,109970.9,109970.9,109924.1,109932.8,2424324.6831999994
2025-11-02 00:53:57.074000+00:00,2025-11-02 00:51:00+00:00,continuous,109932.9,109944.0,109923.8,109923.9,2201153.145599998
2025-11-02 00:56:59.692000+00:00,2025-11-02 00:54:00+00:00,continuous,109923.9,109945.2,109923.8,109923.8,2623698.632499996
2025-11-02 00:59:59.444000+00:00,2025-11-02 00:57:00+00:00,continuous,109923.8,109932.3,109904.6,109932.3,5801224.675900003
2025-11-02 01:02:59.602000+00:00,2025-11-02 01:00:00+00:00,continuous,109932.2,109967.1,109932.2,109967.1,2593319.909099998
2025-11-02 01:05:59.810000+00:00,2025-11-02 01:03:00+00:00,continuous,109967.1,109972.5,109892.2,109910.2,8009275.680500004
2025-11-02 01:08:59.679000+00:00,2025-11-02 01:06:00+00:00,continuous,109910.3,109910.3,109888.0,109888.0,3261800.4862000006
2025-11-02 01:11:59.271000+00:00,2025-11-02 01:09:00+00:00,continuous,109888.1,109938.9,109872.1,109938.9,4774301.3975999905
2025-11-02 01:14:59.987000+00:00,2025-11-02 01:12:00+00:00,continuous,109938.8,109995.7,109931.0,109935.8,12124473.391999995
2025-11-02 01:17:57.789000+00:00,2025-11-02 01:15:00+00:00,continuous,109935.9,110000.0,109935.8,110000.0,3840406.9717999967
2025-11-02 01:20:59.213000+00:00,2025-11-02 01:18:00+00:00,continuous,110000.0,110007.3,109929.4,109969.1,5113531.104899998
2025-11-02 01:23:59.688000+00:00,2025-11-02 01:21:00+00:00,continuous,109969.2,110000.0,109952.0,110000.0,3330692.5769000016
2025-11-02 01:26:59.995000+00:00,2025-11-02 01:24:00+00:00,continuous,110000.0,110039.2,109987.0,110039.1,4570091.808300001
2025-11-02 01:29:59.995000+00:00,2025-11-02 01:27:00+00:00,continuous,110039.1,110058.0,110034.4,110058.0,3356460.1726000034
2025-11-02 01:32:59.529000+00:00,2025-11-02 01:30:00+00:00,continuous,110057.9,110058.0,110006.0,110040.6,4025194.948999999
2025-11-02 01:35:59.956000+00:00,2025-11-02 01:33:00+00:00,continuous,110040.7,110045.2,110000.0,110045.2,3841084.4028999987
2025-11-02 01:38:58.575000+00:00,2025-11-02 01:36:00+00:00,continuous,110045.1,110045.2,110017.7,110030.0,2334783.5585000035
2025-11-02 01:41:59.779000+00:00,2025-11-02 01:39:00+00:00,continuous,110030.0,110030.0,110003.1,110003.1,3351066.6872000033
2025-11-02 01:44:59.057000+00:00,2025-11-02 01:42:00+00:00,continuous,110003.1,110004.3,109979.0,109993.0,2688195.7448999994
2025-11-02 01:47:59.929000+00:00,2025-11-02 01:45:00+00:00,continuous,109993.1,109993.1,109925.1,109925.1,3815771.2178000044
2025-11-02 01:50:59.739000+00:00,2025-11-02 01:48:00+00:00,continuous,109925.2,109969.6,109900.0,109969.5,9763601.635800013
2025-11-02 01:53:59.434000+00:00,2025-11-02 01:51:00+00:00,continuous,109969.5,109979.2,109930.1,109942.7,4597144.577500001
2025-11-02 01:56:58.302000+00:00,2025-11-02 01:54:00+00:00,continuous,109942.7,109954.4,109920.1,109946.2,5130596.196499997
2025-11-02 01:59:59.800000+00:00,2025-11-02 01:57:00+00:00,continuous,109946.1,109946.2,109929.1,109930.0,6626655.280999995
2025-11-02 02:02:59.120000+00:00,2025-11-02 02:00:00+00:00,continuous,109930.0,109930.0,109865.4,109896.1,10979455.571699996
2025-11-02 02:05:59.761000+00:00,2025-11-02 02:03:00+00:00,continuous,109896.1,109896.1,109840.0,109840.0,9042268.450699992
2025-11-02 02:08:59.999000+00:00,2025-11-02 02:06:00+00:00,continuous,109839.9,109874.8,109836.7,109854.0,8166451.595299983
2025-11-02 02:11:59.930000+00:00,2025-11-02 02:09:00+00:00,continuous,109854.1,109896.1,109854.0,109896.0,2867509.6358000026
2025-11-02 02:14:59.827000+00:00,2025-11-02 02:12:00+00:00,continuous,109896.1,109970.2,109896.0,109970.2,5404433.2217999995
2025-11-02 02:17:59.682000+00:00,2025-11-02 02:15:00+00:00,continuous,109970.1,109970.2,109912.0,109912.0,5419421.070199994
2025-11-02 02:20:59.798000+00:00,2025-11-02 02:18:00+00:00,continuous,109912.0,109912.1,109850.0,109868.3,6051168.93129999
2025-11-02 02:23:59.863000+00:00,2025-11-02 02:21:00+00:00,continuous,109868.2,109909.2,109868.2,109907.1,5089079.671799998
2025-11-02 02:26:58.836000+00:00,2025-11-02 02:24:00+00:00,continuous,109907.0,109940.9,109907.0,109940.9,2484360.585799996
2025-11-02 02:29:59.841000+00:00,2025-11-02 02:27:00+00:00,continuous,109940.9,109965.6,109940.8,109953.2,3936982.4508999996
2025-11-02 02:32:59.956000+00:00,2025-11-02 02:30:00+00:00,continuous,109953.1,110067.3,109953.1,110036.1,13007031.810800016
2025-11-02 02:35:59.987000+00:00,2025-11-02 02:33:00+00:00,continuous,110036.1,110234.4,110036.1,110131.5,36733675.850700006
2025-11-02 02:38:57.904000+00:00,2025-11-02 02:36:00+00:00,continuous,110131.6,110131.6,110088.6,110088.6,4160957.8598000016
2025-11-02 02:41:57.793000+00:00,2025-11-02 02:39:00+00:00,continuous,110088.6,110088.7,110015.2,110022.4,8727399.138200002
2025-11-02 02:44:58.279000+00:00,2025-11-02 02:42:00+00:00,continuous,110022.4,110022.4,109954.0,109966.9,6591325.911900009
2025-11-02 02:47:58.491000+00:00,2025-11-02 02:45:00+00:00,continuous,109966.8,110006.0,109966.8,110000.0,4828748.525700004
2025-11-02 02:50:59.944000+00:00,2025-11-02 02:48:00+00:00,continuous,110000.0,110008.2,109987.9,109995.9,3834171.552900002
2025-11-02 02:53:59.650000+00:00,2025-11-02 02:51:00+00:00,continuous,109995.8,110011.5,109950.1,109950.1,9197526.192699997
2025-11-02 02:56:57.748000+00:00,2025-11-02 02:54:00+00:00,continuous,109950.1,109998.6,109929.4,109982.2,9630120.414700007
2025-11-02 02:59:59.970000+00:00,2025-11-02 02:57:00+00:00,continuous,109982.1,109998.0,109973.2,109976.4,5164265.071499999
2025-11-02 03:02:59.867000+00:00,2025-11-02 03:00:00+00:00,continuous,109975.9,110001.5,109956.2,110001.4,5993263.209899997
2025-11-02 03:05:59.789000+00:00,2025-11-02 03:03:00+00:00,continuous,110001.5,110001.5,109991.4,109991.5,4160145.6491000075
2025-11-02 03:08:59.994000+00:00,2025-11-02 03:06:00+00:00,continuous,109991.5,109991.5,109925.0,109934.1,7538028.9141000025
2025-11-02 03:11:59.318000+00:00,2025-11-02 03:09:00+00:00,continuous,109934.2,109941.1,109918.2,109933.3,4553165.5228
2025-11-02 03:14:59.547000+00:00,2025-11-02 03:12:00+00:00,continuous,109933.4,110002.9,109933.3,109987.2,4815955.874599995
2025-11-02 03:17:58.579000+00:00,2025-11-02 03:15:00+00:00,continuous,109987.3,109987.3,109956.2,109972.5,3136482.9590999978
2025-11-02 03:20:58.432000+00:00,2025-11-02 03:18:00+00:00,continuous,109972.4,109996.4,109945.0,109945.0,3909004.111199999
2025-11-02 03:23:58.457000+00:00,2025-11-02 03:21:00+00:00,continuous,109945.1,109974.6,109944.6,109959.6,5253612.726800003
2025-11-02 03:26:58.197000+00:00,2025-11-02 03:24:00+00:00,continuous,109959.6,109959.7,109922.7,109931.5,3255919.3823999907
2025-11-02 03:29:59.385000+00:00,2025-11-02 03:27:00+00:00,continuous,109931.5,109945.0,109931.5,109945.0,2333831.8794000004
2025-11-02 03:32:59.038000+00:00,2025-11-02 03:30:00+00:00,continuous,109945.0,109978.7,109944.9,109951.8,4562369.968299996
2025-11-02 03:35:59.395000+00:00,2025-11-02 03:33:00+00:00,continuous,109951.8,110048.4,109951.8,109999.8,8386968.949000005
2025-11-02 03:38:59.115000+00:00,2025-11-02 03:36:00+00:00,continuous,109999.8,109999.8,109934.4,109934.4,5975365.850399994
2025-11-02 03:41:59.845000+00:00,2025-11-02 03:39:00+00:00,continuous,109934.4,109940.9,109934.4,109940.9,2533929.0697999974
2025-11-02 03:44:59.940000+00:00,2025-11-02 03:42:00+00:00,continuous,109940.8,109986.2,109940.8,109975.0,3876337.5563000017
2025-11-02 03:47:59.058000+00:00,2025-11-02 03:45:00+00:00,continuous,109975.1,109990.5,109966.8,109973.2,4040089.753100001
2025-11-02 03:50:59.868000+00:00,2025-11-02 03:48:00+00:00,continuous,109973.2,109973.2,109934.8,109940.1,3807483.254199999
2025-11-02 03:53:59.522000+00:00,2025-11-02 03:51:00+00:00,continuous,109940.0,109968.9,109911.7,109968.9,8875175.00390001
2025-11-02 03:56:59.696000+00:00,2025-11-02 03:54:00+00:00,continuous,109968.9,110012.6,109968.8,110007.0,11513699.135300003
2025-11-02 03:59:59.690000+00:00,2025-11-02 03:57:00+00:00,continuous,110007.1,110008.5,109999.9,110008.5,10014179.3955
2025-11-02 04:02:59.635000+00:00,2025-11-02 04:00:00+00:00,continuous,110008.4,110008.5,109974.1,109984.1,6096876.723000004
2025-11-02 04:05:59.736000+00:00,2025-11-02 04:03:00+00:00,continuous,109984.0,110012.1,109980.3,109994.3,6010956.582799995
2025-11-02 04:08:59.826000+00:00,2025-11-02 04:06:00+00:00,continuous,109994.3,110074.6,109994.3,110054.3,19112542.898800015
2025-11-02 04:11:59.958000+00:00,2025-11-02 04:09:00+00:00,continuous,110054.4,110105.5,110050.4,110105.5,9062168.440399999
2025-11-02 04:14:58.893000+00:00,2025-11-02 04:12:00+00:00,continuous,110105.5,110105.5,110055.0,110076.9,12965740.729999973
2025-11-02 04:17:59.717000+00:00,2025-11-02 04:15:00+00:00,continuous,110076.9,110103.5,110050.0,110050.0,7948749.3222999945
2025-11-02 04:20:59.344000+00:00,2025-11-02 04:18:00+00:00,continuous,110050.1,110060.4,110009.1,110009.2,5055551.548900001
2025-11-02 04:23:59.862000+00:00,2025-11-02 04:21:00+00:00,continuous,110009.1,110108.0,110009.1,110099.2,8756667.937299991
2025-11-02 04:26:59.967000+00:00,2025-11-02 04:24:00+00:00,continuous,110099.1,110118.0,110077.6,110117.9,7449919.290099992
2025-11-02 04:29:59.440000+00:00,2025-11-02 04:27:00+00:00,continuous,110117.9,110156.8,110089.3,110107.5,16414227.473500004
2025-11-02 04:32:59.969000+00:00,2025-11-02 04:30:00+00:00,continuous,110107.5,110146.1,110073.7,110104.6,12408973.90899998
2025-11-02 04:35:59.881000+00:00,2025-11-02 04:33:00+00:00,continuous,110104.7,110112.4,110062.4,110112.3,12672827.124299988
2025-11-02 04:38:59.697000+00:00,2025-11-02 04:36:00+00:00,continuous,110112.4,110124.6,110087.3,110124.3,8762750.535999995
2025-11-02 04:41:59.905000+00:00,2025-11-02 04:39:00+00:00,continuous,110124.2,110266.4,110124.2,110266.3,29420691.35990005
2025-11-02 04:44:59.809000+00:00,2025-11-02 04:42:00+00:00,continuous,110266.3,110450.0,110263.1,110402.6,69764878.36720021
2025-11-02 04:47:59.852000+00:00,2025-11-02 04:45:00+00:00,continuous,110402.6,110550.0,110390.0,110511.2,66113729.220699765
2025-11-02 04:50:59.860000+00:00,2025-11-02 04:48:00+00:00,continuous,110511.1,110521.6,110420.0,110491.8,23523261.676400013
2025-11-02 04:53:59.956000+00:00,2025-11-02 04:51:00+00:00,continuous,110491.8,110550.0,110460.7,110481.5,25026424.34850011
2025-11-02 04:56:59.994000+00:00,2025-11-02 04:54:00+00:00,continuous,110481.4,110799.7,110481.4,110707.9,92931797.13629977
2025-11-02 04:59:59.942000+00:00,2025-11-02 04:57:00+00:00,continuous,110707.8,110764.5,110602.3,110624.8,37900512.11420003
2025-11-02 05:02:59.749000+00:00,2025-11-02 05:00:00+00:00,continuous,110624.8,110667.0,110550.0,110559.6,28803399.555599958
2025-11-02 05:05:59.688000+00:00,2025-11-02 05:03:00+00:00,continuous,110559.6,110662.0,110553.6,110657.6,12100477.860000027
2025-11-02 05:08:59.970000+00:00,2025-11-02 05:06:00+00:00,continuous,110657.5,110657.6,110481.4,110481.5,17060247.634699997
2025-11-02 05:11:59.965000+00:00,2025-11-02 05:09:00+00:00,continuous,110481.4,110511.8,110434.2,110459.9,20567757.879299995
2025-11-02 05:14:59.512000+00:00,2025-11-02 05:12:00+00:00,continuous,110460.0,110470.0,110400.0,110470.0,27568844.51320004
2025-11-02 05:17:59.890000+00:00,2025-11-02 05:15:00+00:00,continuous,110470.0,110554.4,110469.9,110540.0,15130841.869899984
2025-11-02 05:20:59.834000+00:00,2025-11-02 05:18:00+00:00,continuous,110540.1,110540.1,110408.8,110429.9,18098571.91089999
2025-11-02 05:23:59.458000+00:00,2025-11-02 05:21:00+00:00,continuous,110429.9,110430.0,110278.4,110333.4,41009727.302000016
2025-11-02 05:26:59.553000+00:00,2025-11-02 05:24:00+00:00,continuous,110333.4,110373.6,110265.5,110347.6,22162246.983500037
2025-11-02 05:29:59.840000+00:00,2025-11-02 05:27:00+00:00,continuous,110347.5,110415.2,110347.5,110402.3,9062603.254999984
2025-11-02 05:32:59.752000+00:00,2025-11-02 05:30:00+00:00,continuous,110402.2,110435.0,110379.8,110435.0,8872482.338499974
2025-11-02 05:35:59.423000+00:00,2025-11-02 05:33:00+00:00,continuous,110434.9,110471.2,110329.8,110334.4,18891277.213399984
2025-11-02 05:38:59.787000+00:00,2025-11-02 05:36:00+00:00,continuous,110334.5,110358.0,110230.0,110249.9,12454394.547100011
2025-11-02 05:41:59.358000+00:00,2025-11-02 05:39:00+00:00,continuous,110250.0,110346.2,110244.5,110310.1,9594657.968900006
2025-11-02 05:44:59.926000+00:00,2025-11-02 05:42:00+00:00,continuous,110310.1,110430.0,110310.0,110429.9,7244192.166299984
2025-11-02 05:47:59.982000+00:00,2025-11-02 05:45:00+00:00,continuous,110430.0,110478.9,110417.0,110417.0,9676637.109500015
2025-11-02 05:50:59.839000+00:00,2025-11-02 05:48:00+00:00,continuous,110417.1,110424.6,110300.0,110324.7,14534278.545099972
2025-11-02 05:53:59.793000+00:00,2025-11-02 05:51:00+00:00,continuous,110324.6,110413.3,110308.8,110413.2,8275273.451999994
2025-11-02 05:56:59.948000+00:00,2025-11-02 05:54:00+00:00,continuous,110413.3,110484.0,110413.2,110480.1,13622520.463399982
2025-11-02 05:59:59.628000+00:00,2025-11-02 05:57:00+00:00,continuous,110480.2,110516.0,110452.7,110452.7,11427442.60819999
2025-11-02 06:02:59.720000+00:00,2025-11-02 06:00:00+00:00,continuous,110453.1,110480.0,110353.9,110369.7,10654125.084400004
2025-11-02 06:05:59.551000+00:00,2025-11-02 06:03:00+00:00,continuous,110369.7,110438.7,110369.6,110408.6,6838155.996100002
2025-11-02 06:08:58.977000+00:00,2025-11-02 06:06:00+00:00,continuous,110408.6,110410.8,110373.0,110405.2,6200249.683099996
2025-11-02 06:11:59.798000+00:00,2025-11-02 06:09:00+00:00,continuous,110405.2,110405.3,110334.3,110335.3,5163128.819300003
2025-11-02 06:14:59.654000+00:00,2025-11-02 06:12:00+00:00,continuous,110335.2,110352.0,110317.9,110318.0,4305472.170299994
2025-11-02 06:17:59.958000+00:00,2025-11-02 06:15:00+00:00,continuous,110318.0,110375.8,110312.5,110312.5,7094046.161399982
2025-11-02 06:20:59.965000+00:00,2025-11-02 06:18:00+00:00,continuous,110312.6,110331.6,110308.2,110327.2,3746021.459200004
2025-11-02 06:23:59.571000+00:00,2025-11-02 06:21:00+00:00,continuous,110327.2,110327.3,110268.8,110270.6,6799728.975399996
2025-11-02 06:26:59.222000+00:00,2025-11-02 06:24:00+00:00,continuous,110270.6,110305.0,110268.5,110304.9,5064255.959300004
2025-11-02 06:29:59.840000+00:00,2025-11-02 06:27:00+00:00,continuous,110305.0,110376.4,110304.9,110352.0,9503263.504499989
2025-11-02 06:32:59.593000+00:00,2025-11-02 06:30:00+00:00,continuous,110352.0,110379.0,110320.0,110362.8,14797267.571399992
2025-11-02 06:35:59.905000+00:00,2025-11-02 06:33:00+00:00,continuous,110362.8,110362.8,110300.0,110300.0,4059471.7442000005
2025-11-02 06:38:59.868000+00:00,2025-11-02 06:36:00+00:00,continuous,110300.1,110325.6,110244.8,110305.3,10389065.496300042
2025-11-02 06:41:59.811000+00:00,2025-11-02 06:39:00+00:00,continuous,110305.3,110395.0,110294.8,110380.6,6006353.685400001
2025-11-02 06:44:59.645000+00:00,2025-11-02 06:42:00+00:00,continuous,110380.7,110470.0,110380.6,110469.9,6858071.863200008
2025-11-02 06:47:59.839000+00:00,2025-11-02 06:45:00+00:00,continuous,110469.9,110621.1,110464.8,110586.9,29621391.443199977
2025-11-02 06:50:59.309000+00:00,2025-11-02 06:48:00+00:00,continuous,110586.9,110675.4,110586.9,110654.5,20463316.444100052
2025-11-02 06:53:59.485000+00:00,2025-11-02 06:51:00+00:00,continuous,110654.5,110664.4,110580.0,110661.8,13805276.234299995
2025-11-02 06:56:59.937000+00:00,2025-11-02 06:54:00+00:00,continuous,110661.7,110661.8,110621.6,110635.0,7385275.295299997
2025-11-02 06:59:59.755000+00:00,2025-11-02 06:57:00+00:00,continuous,110634.9,110640.3,110590.6,110610.0,8034007.659700012
2025-11-02 07:02:59.832000+00:00,2025-11-02 07:00:00+00:00,continuous,110609.9,110633.7,110543.3,110543.3,9875480.234499987
2025-11-02 07:05:59.963000+00:00,2025-11-02 07:03:00+00:00,continuous,110543.3,110564.0,110480.0,110480.1,7010530.767700015
2025-11-02 07:08:59.741000+00:00,2025-11-02 07:06:00+00:00,continuous,110480.0,110509.7,110468.8,110487.2,12046050.800099991
2025-11-02 07:11:59.990000+00:00,2025-11-02 07:09:00+00:00,continuous,110487.3,110500.1,110462.0,110500.1,7954594.723699982
2025-11-02 07:14:59.499000+00:00,2025-11-02 07:12:00+00:00,continuous,110500.1,110519.5,110485.3,110493.2,8096103.038099993
2025-11-02 07:17:59.935000+00:00,2025-11-02 07:15:00+00:00,continuous,110493.2,110497.0,110482.8,110495.0,4306534.9120000005
2025-11-02 07:20:59.818000+00:00,2025-11-02 07:18:00+00:00,continuous,110494.9,110495.0,110430.0,110449.9,11408594.067600017
2025-11-02 07:23:59.560000+00:00,2025-11-02 07:21:00+00:00,continuous,110449.9,110449.9,110375.0,110375.0,6787880.708999989
2025-11-02 07:26:59.381000+00:00,2025-11-02 07:24:00+00:00,continuous,110375.1,110492.8,110375.0,110462.7,10072608.660100006
2025-11-02 07:29:59.361000+00:00,2025-11-02 07:27:00+00:00,continuous,110462.8,110462.8,110429.0,110451.0,4973824.507300003
2025-11-02 07:32:59.724000+00:00,2025-11-02 07:30:00+00:00,continuous,110450.9,110485.1,110429.0,110429.1,6773777.333899982
2025-11-02 07:35:59.540000+00:00,2025-11-02 07:33:00+00:00,continuous,110429.0,110437.4,110416.0,110437.4,6954590.896199997
2025-11-02 07:38:59.810000+00:00,2025-11-02 07:36:00+00:00,continuous,110437.3,110501.9,110437.3,110480.5,7793029.658400007
2025-11-02 07:41:59.806000+00:00,2025-11-02 07:39:00+00:00,continuous,110480.6,110645.1,110469.1,110645.1,32955493.049899988
2025-11-02 07:44:59.981000+00:00,2025-11-02 07:42:00+00:00,continuous,110645.1,110681.2,110617.0,110636.8,18968370.120199922
2025-11-02 07:47:59.441000+00:00,2025-11-02 07:45:00+00:00,continuous,110636.8,110660.0,110607.2,110659.9,13257236.998800036
2025-11-02 07:50:59.980000+00:00,2025-11-02 07:48:00+00:00,continuous,110659.9,110814.6,110637.9,110814.5,41982377.196000114
2025-11-02 07:53:59.979000+00:00,2025-11-02 07:51:00+00:00,continuous,110814.6,110974.4,110802.0,110957.5,72883633.86520018
2025-11-02 07:56:59.973000+00:00,2025-11-02 07:54:00+00:00,continuous,110957.5,110988.0,110918.6,110930.3,37724963.03040005
2025-11-02 07:59:59.475000+00:00,2025-11-02 07:57:00+00:00,continuous,110930.4,110940.4,110824.7,110844.1,30798202.7896
2025-11-02 08:02:59.861000+00:00,2025-11-02 08:00:00+00:00,continuous,110844.0,110966.2,110844.0,110885.1,30915850.384499952
2025-11-02 08:05:59.962000+00:00,2025-11-02 08:03:00+00:00,continuous,110885.1,110885.1,110783.2,110783.3,26839238.664099995
2025-11-02 08:08:59.786000+00:00,2025-11-02 08:06:00+00:00,continuous,110783.3,110800.0,110753.6,110759.9,12168856.822900001
2025-11-02 08:11:59.402000+00:00,2025-11-02 08:09:00+00:00,continuous,110760.0,110811.0,110738.6,110738.7,11634238.028099982
2025-11-02 08:14:59.894000+00:00,2025-11-02 08:12:00+00:00,continuous,110738.6,110758.1,110738.6,110758.0,6600428.520399999
2025-11-02 08:17:59.927000+00:00,2025-11-02 08:15:00+00:00,continuous,110758.0,110770.1,110736.0,110743.7,7973328.199599999
2025-11-02 08:20:59.525000+00:00,2025-11-02 08:18:00+00:00,continuous,110743.6,110819.6,110743.6,110749.2,10894808.682499992
2025-11-02 08:23:59.700000+00:00,2025-11-02 08:21:00+00:00,continuous,110749.2,110749.2,110650.4,110700.0,13591929.940100007
2025-11-02 08:26:59.852000+00:00,2025-11-02 08:24:00+00:00,continuous,110699.9,110801.0,110668.3,110801.0,16085250.593399996
2025-11-02 08:29:59.687000+00:00,2025-11-02 08:27:00+00:00,continuous,110801.0,110812.0,110727.0,110747.9,10422597.985299986
2025-11-02 08:32:59.958000+00:00,2025-11-02 08:30:00+00:00,continuous,110747.8,110780.0,110678.0,110710.1,8872360.43499999
2025-11-02 08:35:59.877000+00:00,2025-11-02 08:33:00+00:00,continuous,110710.1,110748.4,110690.7,110744.8,12872348.886999968
2025-11-02 08:38:59.572000+00:00,2025-11-02 08:36:00+00:00,continuous,110744.9,110766.8,110701.7,110766.8,7825970.677299988
2025-11-02 08:41:59.886000+00:00,2025-11-02 08:39:00+00:00,continuous,110766.8,110797.8,110746.9,110785.4,8598028.228799986
2025-11-02 08:44:59.722000+00:00,2025-11-02 08:42:00+00:00,continuous,110785.4,110804.3,110726.3,110784.3,9632519.824199993
2025-11-02 08:47:59.908000+00:00,2025-11-02 08:45:00+00:00,continuous,110784.4,110798.6,110715.1,110759.7,11305631.6972
2025-11-02 08:50:59.927000+00:00,2025-11-02 08:48:00+00:00,continuous,110759.7,110789.2,110737.7,110789.2,5429844.390599999
2025-11-02 08:53:59.457000+00:00,2025-11-02 08:51:00+00:00,continuous,110789.2,110817.7,110761.2,110761.3,7228811.196500007
2025-11-02 08:56:59.752000+00:00,2025-11-02 08:54:00+00:00,continuous,110761.3,110775.7,110754.9,110754.9,7128075.0553
2025-11-02 08:59:59.601000+00:00,2025-11-02 08:57:00+00:00,continuous,110754.9,110805.8,110722.8,110805.7,7122145.246700007
2025-11-02 09:02:59.908000+00:00,2025-11-02 09:00:00+00:00,continuous,110805.7,110887.6,110805.7,110870.5,26362567.684699927
2025-11-02 09:05:59.281000+00:00,2025-11-02 09:03:00+00:00,continuous,110870.5,110897.0,110831.7,110897.0,5996935.855699989
2025-11-02 09:08:59.840000+00:00,2025-11-02 09:06:00+00:00,continuous,110897.0,110950.0,110896.9,110916.3,13013831.644600036
2025-11-02 09:11:59.946000+00:00,2025-11-02 09:09:00+00:00,continuous,110916.3,110916.4,110853.2,110870.8,9142802.933700005
2025-11-02 09:14:59.985000+00:00,2025-11-02 09:12:00+00:00,continuous,110870.9,110942.0,110870.8,110930.2,5983952.888800001
2025-11-02 09:17:59.181000+00:00,2025-11-02 09:15:00+00:00,continuous,110930.3,110951.3,110866.8,110899.9,18849918.320100028
2025-11-02 09:20:59.871000+00:00,2025-11-02 09:18:00+00:00,continuous,110899.9,110979.9,110899.9,110979.9,11768230.07110001
2025-11-02 09:23:59.687000+00:00,2025-11-02 09:21:00+00:00,continuous,110979.9,110999.0,110966.0,110987.9,24653656.3688
2025-11-02 09:26:59.915000+00:00,2025-11-02 09:24:00+00:00,continuous,110987.9,110999.9,110946.6,110957.1,13494051.404300034
2025-11-02 09:29:59.927000+00:00,2025-11-02 09:27:00+00:00,continuous,110957.0,110968.0,110923.1,110923.1,7135221.967700005
2025-11-02 09:32:59.917000+00:00,2025-11-02 09:30:00+00:00,continuous,110923.1,110923.1,110750.0,110750.0,20997715.988799978
2025-11-02 09:35:59.931000+00:00,2025-11-02 09:33:00+00:00,continuous,110750.0,110800.6,110682.4,110732.7,17311362.25850001
2025-11-02 09:38:59.728000+00:00,2025-11-02 09:36:00+00:00,continuous,110732.8,110766.6,110671.4,110734.3,18006249.858600035
2025-11-02 09:41:59.973000+00:00,2025-11-02 09:39:00+00:00,continuous,110734.3,110734.4,110534.2,110605.8,36170739.49260008
2025-11-02 09:44:59.973000+00:00,2025-11-02 09:42:00+00:00,continuous,110605.7,110663.1,110525.0,110584.8,29339130.283799995
2025-11-02 09:47:59.811000+00:00,2025-11-02 09:45:00+00:00,continuous,110584.7,110584.8,110464.0,110536.2,36209776.14680006
2025-11-02 09:50:59.885000+00:00,2025-11-02 09:48:00+00:00,continuous,110536.2,110545.9,110466.0,110521.5,22269740.741300095
2025-11-02 09:53:59.980000+00:00,2025-11-02 09:51:00+00:00,continuous,110521.6,110619.2,110507.5,110569.2,32515142.448300015
2025-11-02 09:56:59.955000+00:00,2025-11-02 09:54:00+00:00,continuous,110569.2,110659.9,110569.2,110653.2,12963060.70510001
2025-11-02 09:59:59.906000+00:00,2025-11-02 09:57:00+00:00,continuous,110653.3,110674.1,110642.9,110657.1,8572178.703199996
2025-11-02 10:02:59.731000+00:00,2025-11-02 10:00:00+00:00,continuous,110657.2,110781.3,110657.1,110727.3,28901608.620800048
2025-11-02 10:05:59.973000+00:00,2025-11-02 10:03:00+00:00,continuous,110727.3,110745.3,110526.5,110570.3,32358128.93980003
2025-11-02 10:08:59.962000+00:00,2025-11-02 10:06:00+00:00,continuous,110570.3,110681.8,110570.1,110665.1,7461459.6841000095
2025-11-02 10:11:59.731000+00:00,2025-11-02 10:09:00+00:00,continuous,110665.1,110732.0,110665.0,110722.8,8315920.631999998
2025-11-02 10:14:59.950000+00:00,2025-11-02 10:12:00+00:00,continuous,110722.8,110814.0,110715.4,110804.0,13641461.053299967
2025-11-02 10:17:59.921000+00:00,2025-11-02 10:15:00+00:00,continuous,110804.0,110804.0,110677.6,110677.7,11832150.528699972
2025-11-02 10:20:59.864000+00:00,2025-11-02 10:18:00+00:00,continuous,110677.6,110682.6,110615.0,110632.7,8980216.886000019
2025-11-02 10:23:59.427000+00:00,2025-11-02 10:21:00+00:00,continuous,110632.8,110650.5,110582.3,110623.9,17469629.518000014
2025-11-02 10:26:59.911000+00:00,2025-11-02 10:24:00+00:00,continuous,110624.0,110637.9,110520.0,110556.3,17801330.185500007
2025-11-02 10:29:59.955000+00:00,2025-11-02 10:27:00+00:00,continuous,110556.3,110568.4,110527.4,110527.4,16905215.623599984
2025-11-02 10:32:59.984000+00:00,2025-11-02 10:30:00+00:00,continuous,110527.4,110527.5,110302.1,110334.5,80734507.56280005
2025-11-02 10:35:59.894000+00:00,2025-11-02 10:33:00+00:00,continuous,110334.6,110375.3,110309.7,110370.1,26450981.232400082
2025-11-02 10:38:59.698000+00:00,2025-11-02 10:36:00+00:00,continuous,110370.2,110379.6,110323.2,110351.1,19912293.68619999
2025-11-02 10:41:59.941000+00:00,2025-11-02 10:39:00+00:00,continuous,110351.0,110397.6,110315.6,110388.1,15707761.642499976
2025-11-02 10:44:59.901000+00:00,2025-11-02 10:42:00+00:00,continuous,110388.1,110425.0,110334.4,110352.0,16508315.659100045
2025-11-02 10:47:59.848000+00:00,2025-11-02 10:45:00+00:00,continuous,110352.0,110439.3,110352.0,110424.0,10657032.746599989
2025-11-02 10:50:59.570000+00:00,2025-11-02 10:48:00+00:00,continuous,110423.9,110430.3,110340.0,110366.0,10684752.999299996
2025-11-02 10:53:59.501000+00:00,2025-11-02 10:51:00+00:00,continuous,110366.1,110410.0,110366.0,110401.7,9516317.779799985
2025-11-02 10:56:59.741000+00:00,2025-11-02 10:54:00+00:00,continuous,110401.7,110421.1,110339.6,110339.6,12970666.388799986
2025-11-02 10:59:59.954000+00:00,2025-11-02 10:57:00+00:00,continuous,110339.6,110452.6,110339.6,110450.0,9297287.593499996
2025-11-02 11:02:59.387000+00:00,2025-11-02 11:00:00+00:00,continuous,110449.9,110600.0,110434.3,110600.0,15284854.63299999
2025-11-02 11:05:59.923000+00:00,2025-11-02 11:03:00+00:00,continuous,110599.9,110620.4,110540.8,110584.6,16743188.9123
2025-11-02 11:08:59.563000+00:00,2025-11-02 11:06:00+00:00,continuous,110584.6,110640.1,110584.6,110629.9,11056245.828899993
2025-11-02 11:11:57.734000+00:00,2025-11-02 11:09:00+00:00,continuous,110630.0,110630.0,110574.6,110611.3,10704465.300299993
2025-11-02 11:14:59.898000+00:00,2025-11-02 11:12:00+00:00,continuous,110611.3,110611.3,110600.0,110606.9,4400892.615700005
2025-11-02 11:17:59.890000+00:00,2025-11-02 11:15:00+00:00,continuous,110606.9,110710.0,110606.8,110709.9,22497300.697700012
2025-11-02 11:20:59.960000+00:00,2025-11-02 11:18:00+00:00,continuous,110710.0,110759.4,110702.9,110726.4,16261709.114399986
2025-11-02 11:23:59.766000+00:00,2025-11-02 11:21:00+00:00,continuous,110726.3,110745.7,110700.3,110739.2,13701056.09259998
2025-11-02 11:26:59.611000+00:00,2025-11-02 11:24:00+00:00,continuous,110739.2,110800.0,110739.2,110792.1,17070855.586200025
2025-11-02 11:29:59.908000+00:00,2025-11-02 11:27:00+00:00,continuous,110792.0,110831.8,110776.2,110805.9,21636681.0156
2025-11-02 11:32:59.960000+00:00,2025-11-02 11:30:00+00:00,continuous,110805.8,110850.0,110704.5,110711.8,22804415.212100003
2025-11-02 11:35:59.997000+00:00,2025-11-02 11:33:00+00:00,continuous,110711.8,110758.9,110667.7,110742.0,8886445.260599993
2025-11-02 11:38:59.903000+00:00,2025-11-02 11:36:00+00:00,continuous,110742.0,110847.2,110727.6,110833.7,15032799.75269999
2025-11-02 11:41:59.779000+00:00,2025-11-02 11:39:00+00:00,continuous,110833.7,110919.0,110797.6,110918.9,23720544.4201
2025-11-02 11:44:59.884000+00:00,2025-11-02 11:42:00+00:00,continuous,110918.9,110922.8,110845.0,110862.4,19917586.217800014
2025-11-02 11:47:59.940000+00:00,2025-11-02 11:45:00+00:00,continuous,110862.3,110922.0,110862.3,110911.0,10082918.500000032
2025-11-02 11:50:59.848000+00:00,2025-11-02 11:48:00+00:00,continuous,110911.1,110988.0,110891.1,110988.0,22577072.101400025
2025-11-02 11:53:59.641000+00:00,2025-11-02 11:51:00+00:00,continuous,110988.0,111193.5,110987.9,111106.9,82387220.54090023
2025-11-02 11:56:59.906000+00:00,2025-11-02 11:54:00+00:00,continuous,111107.0,111120.6,111014.0,111046.5,15512099.474899976
2025-11-02 11:59:59.987000+00:00,2025-11-02 11:57:00+00:00,continuous,111046.5,111152.4,111046.4,111145.4,24988392.307300005
2025-11-02 12:02:59.663000+00:00,2025-11-02 12:00:00+00:00,continuous,111145.3,111216.0,111053.0,111071.1,55329571.92550008
2025-11-02 12:05:59.954000+00:00,2025-11-02 12:03:00+00:00,continuous,111071.0,111196.0,111050.0,111163.8,18900359.124100022
2025-11-02 12:08:59.716000+00:00,2025-11-02 12:06:00+00:00,continuous,111163.8,111163.9,111059.2,111079.1,18125244.531400006
2025-11-02 12:11:59.928000+00:00,2025-11-02 12:09:00+00:00,continuous,111079.2,111090.7,111008.1,111026.2,27999467.86779999
2025-11-02 12:14:59.982000+00:00,2025-11-02 12:12:00+00:00,continuous,111026.2,111100.0,111015.0,111053.5,20310664.34990002
2025-11-02 12:17:59.858000+00:00,2025-11-02 12:15:00+00:00,continuous,111053.6,111137.1,111053.6,111106.0,12185883.408700032
2025-11-02 12:20:59.918000+00:00,2025-11-02 12:18:00+00:00,continuous,111106.1,111106.1,111020.0,111030.0,12825196.493800025
2025-11-02 12:23:59.866000+00:00,2025-11-02 12:21:00+00:00,continuous,111030.1,111030.1,110847.0,110942.3,35678881.37889986
2025-11-02 12:26:59.837000+00:00,2025-11-02 12:24:00+00:00,continuous,110942.2,111008.3,110904.5,110956.8,12645614.987400027
2025-11-02 12:29:59.792000+00:00,2025-11-02 12:27:00+00:00,continuous,110956.8,110964.2,110873.4,110893.7,10332940.310099997
2025-11-02 12:32:59.895000+00:00,2025-11-02 12:30:00+00:00,continuous,110893.7,110981.9,110893.6,110904.5,6742686.3900999995
2025-11-02 12:35:59.617000+00:00,2025-11-02 12:33:00+00:00,continuous,110904.5,110930.1,110802.9,110814.9,17270297.71870003
2025-11-02 12:38:59.632000+00:00,2025-11-02 12:36:00+00:00,continuous,110815.0,110826.1,110740.4,110783.4,38311919.20130006
2025-11-02 12:41:59.622000+00:00,2025-11-02 12:39:00+00:00,continuous,110783.5,110843.0,110750.0,110834.6,18598758.116799973
2025-11-02 12:44:59.736000+00:00,2025-11-02 12:42:00+00:00,continuous,110834.6,110859.8,110775.0,110775.0,7965568.893099995
2025-11-02 12:47:59.993000+00:00,2025-11-02 12:45:00+00:00,continuous,110775.0,110777.7,110614.8,110704.1,37969888.0127999
2025-11-02 12:50:59.800000+00:00,2025-11-02 12:48:00+00:00,continuous,110704.3,110748.5,110689.2,110743.8,10085602.154199999
2025-11-02 12:53:59.225000+00:00,2025-11-02 12:51:00+00:00,continuous,110743.8,110772.1,110737.3,110749.4,13175546.545799982
2025-11-02 12:56:59.395000+00:00,2025-11-02 12:54:00+00:00,continuous,110749.4,110787.6,110749.3,110772.8,14989565.756800001
2025-11-02 12:59:59.894000+00:00,2025-11-02 12:57:00+00:00,continuous,110772.8,110772.8,110680.6,110690.8,23635137.664599966
2025-11-02 13:02:59.604000+00:00,2025-11-02 13:00:00+00:00,continuous,110690.8,110726.3,110610.0,110695.2,27932896.540199965
2025-11-02 13:05:59.988000+00:00,2025-11-02 13:03:00+00:00,continuous,110695.2,110712.6,110575.5,110581.7,19959767.132399995
2025-11-02 13:08:59.949000+00:00,2025-11-02 13:06:00+00:00,continuous,110581.7,110581.7,110520.1,110554.2,26201660.345399976
2025-11-02 13:11:59.350000+00:00,2025-11-02 13:09:00+00:00,continuous,110554.3,110580.7,110554.0,110560.2,14758186.475899987
2025-11-02 13:14:59.711000+00:00,2025-11-02 13:12:00+00:00,continuous,110560.2,110599.0,110560.1,110560.2,9683164.459699992
2025-11-02 13:17:59.970000+00:00,2025-11-02 13:15:00+00:00,continuous,110560.2,110560.2,110466.0,110466.0,32024180.36099996
2025-11-02 13:20:59.893000+00:00,2025-11-02 13:18:00+00:00,continuous,110466.0,110466.1,110354.0,110355.5,43196119.825100124
2025-11-02 13:23:59.853000+00:00,2025-11-02 13:21:00+00:00,continuous,110355.4,110365.1,110109.2,110212.3,86407039.38380012
2025-11-02 13:26:59.939000+00:00,2025-11-02 13:24:00+00:00,continuous,110212.2,110347.8,110150.0,110296.2,46162730.77449988
2025-11-02 13:29:59.584000+00:00,2025-11-02 13:27:00+00:00,continuous,110296.1,110361.8,110236.1,110361.8,22496247.49430003
2025-11-02 13:32:59.658000+00:00,2025-11-02 13:30:00+00:00,continuous,110361.7,110441.8,110306.7,110400.0,31060838.222200077
2025-11-02 13:35:59.896000+00:00,2025-11-02 13:33:00+00:00,continuous,110400.1,110433.7,110286.8,110321.2,24973939.07169994
2025-11-02 13:38:59.627000+00:00,2025-11-02 13:36:00+00:00,continuous,110321.3,110321.3,110235.8,110272.1,20840384.42759994
2025-11-02 13:41:59.971000+00:00,2025-11-02 13:39:00+00:00,continuous,110272.0,110300.0,110246.0,110273.2,10049061.553800004
2025-11-02 13:44:59.812000+00:00,2025-11-02 13:42:00+00:00,continuous,110273.3,110333.2,110273.2,110321.2,7512789.964700006
2025-11-02 13:47:59.809000+00:00,2025-11-02 13:45:00+00:00,continuous,110321.2,110348.4,110251.3,110292.7,10874674.519700006
2025-11-02 13:50:59.945000+00:00,2025-11-02 13:48:00+00:00,continuous,110292.6,110454.4,110292.6,110406.7,22352058.767900035
2025-11-02 13:53:59.521000+00:00,2025-11-02 13:51:00+00:00,continuous,110406.7,110437.7,110400.0,110424.1,11553589.621100001
2025-11-02 13:56:59.686000+00:00,2025-11-02 13:54:00+00:00,continuous,110424.1,110499.0,110420.0,110467.9,12355182.930499962
2025-11-02 13:59:59.787000+00:00,2025-11-02 13:57:00+00:00,continuous,110468.0,110550.7,110467.9,110513.0,15220772.524699962
2025-11-02 14:02:59.770000+00:00,2025-11-02 14:00:00+00:00,continuous,110513.0,110513.0,110430.0,110465.2,14339171.54229997
2025-11-02 14:05:59.970000+00:00,2025-11-02 14:03:00+00:00,continuous,110465.3,110614.6,110465.2,110588.0,22342756.690199994
2025-11-02 14:08:59.920000+00:00,2025-11-02 14:06:00+00:00,continuous,110588.1,110613.9,110564.3,110613.9,10429942.307200009
2025-11-02 14:11:59.762000+00:00,2025-11-02 14:09:00+00:00,continuous,110613.9,110625.0,110459.1,110468.2,15742640.013600009
2025-11-02 14:14:59.648000+00:00,2025-11-02 14:12:00+00:00,continuous,110468.2,110468.3,110379.5,110427.7,15372080.218900003
2025-11-02 14:17:59.340000+00:00,2025-11-02 14:15:00+00:00,continuous,110427.6,110490.9,110397.0,110487.2,12843284.423099978
2025-11-02 14:20:59.934000+00:00,2025-11-02 14:18:00+00:00,continuous,110487.3,110487.3,110252.6,110351.6,29120050.05110008
2025-11-02 14:23:59.698000+00:00,2025-11-02 14:21:00+00:00,continuous,110351.5,110364.4,110250.0,110338.9,24861296.813699998
2025-11-02 14:26:59.745000+00:00,2025-11-02 14:24:00+00:00,continuous,110338.8,110393.4,110287.1,110318.2,10092355.400300035
2025-11-02 14:29:59.813000+00:00,2025-11-02 14:27:00+00:00,continuous,110318.2,110345.1,110152.0,110254.7,44400498.010500066
2025-11-02 14:32:59.864000+00:00,2025-11-02 14:30:00+00:00,continuous,110254.6,110334.3,110239.0,110261.9,19913249.38780006
2025-11-02 14:35:59.905000+00:00,2025-11-02 14:33:00+00:00,continuous,110261.8,110350.0,110261.8,110337.3,10154297.842800004
2025-11-02 14:38:59.996000+00:00,2025-11-02 14:36:00+00:00,continuous,110337.2,110380.0,110323.4,110370.0,11752794.29580003
2025-11-02 14:41:59.850000+00:00,2025-11-02 14:39:00+00:00,continuous,110370.0,110406.9,110332.4,110406.9,12903207.999400016
2025-11-02 14:44:59.960000+00:00,2025-11-02 14:42:00+00:00,continuous,110406.9,110500.0,110297.8,110297.8,15664498.313100023
2025-11-02 14:47:59.942000+00:00,2025-11-02 14:45:00+00:00,continuous,110297.8,110297.9,110138.5,110190.3,27853143.205100056
2025-11-02 14:50:59.894000+00:00,2025-11-02 14:48:00+00:00,continuous,110190.3,110325.7,110181.5,110262.9,10906895.51690002
2025-11-02 14:53:59.932000+00:00,2025-11-02 14:51:00+00:00,continuous,110262.9,110473.3,110262.9,110384.2,18332635.994199984
2025-11-02 14:56:59.646000+00:00,2025-11-02 14:54:00+00:00,continuous,110384.3,110442.8,110384.3,110404.7,8253621.8626999855
2025-11-02 14:59:59.676000+00:00,2025-11-02 14:57:00+00:00,continuous,110404.7,110408.8,110325.0,110370.7,7846743.016900002
2025-11-02 15:02:59.750000+00:00,2025-11-02 15:00:00+00:00,continuous,110370.7,110370.8,110217.2,110284.4,20172041.595299955
2025-11-02 15:05:59.900000+00:00,2025-11-02 15:03:00+00:00,continuous,110284.5,110318.2,110272.8,110317.8,5608710.9615
2025-11-02 15:08:59.599000+00:00,2025-11-02 15:06:00+00:00,continuous,110317.7,110317.8,110220.2,110253.6,8012977.338300016
2025-11-02 15:11:59.788000+00:00,2025-11-02 15:09:00+00:00,continuous,110253.6,110386.2,110253.5,110292.1,12999462.409499994
2025-11-02 15:14:59.955000+00:00,2025-11-02 15:12:00+00:00,continuous,110292.1,110334.1,110267.3,110334.0,4791358.078099999
2025-11-02 15:17:59.684000+00:00,2025-11-02 15:15:00+00:00,continuous,110334.0,110393.5,110321.0,110361.4,7778649.324600004
2025-11-02 15:20:59.832000+00:00,2025-11-02 15:18:00+00:00,continuous,110361.9,110439.2,110321.5,110439.1,12022847.756600017
2025-11-02 15:23:59.594000+00:00,2025-11-02 15:21:00+00:00,continuous,110439.2,110450.0,110386.7,110450.0,12958942.16290001
2025-11-02 15:26:59.850000+00:00,2025-11-02 15:24:00+00:00,continuous,110449.9,110500.0,110427.7,110455.8,20063327.24990001
2025-11-02 15:29:59.939000+00:00,2025-11-02 15:27:00+00:00,continuous,110455.8,110475.3,110432.1,110470.0,4943504.002900002
2025-11-02 15:32:59.828000+00:00,2025-11-02 15:30:00+00:00,continuous,110470.0,110496.5,110428.5,110493.2,6167323.702899999
2025-11-02 15:35:59.830000+00:00,2025-11-02 15:33:00+00:00,continuous,110493.1,110498.2,110455.4,110455.4,7484453.585999995
2025-11-02 15:38:59.872000+00:00,2025-11-02 15:36:00+00:00,continuous,110455.4,110455.4,110388.0,110390.1,8298232.072299999
2025-11-02 15:41:59.501000+00:00,2025-11-02 15:39:00+00:00,continuous,110390.1,110510.0,110242.2,110280.0,51387764.65369998
2025-11-02 15:44:59.806000+00:00,2025-11-02 15:42:00+00:00,continuous,110280.1,110280.1,110170.0,110222.7,14378141.816500038
2025-11-02 15:47:59.951000+00:00,2025-11-02 15:45:00+00:00,continuous,110222.7,110300.0,110222.6,110270.0,9994992.415400019
2025-11-02 15:50:59.880000+00:00,2025-11-02 15:48:00+00:00,continuous,110270.0,110276.3,110157.1,110193.3,11370119.412600012
2025-11-02 15:53:59.959000+00:00,2025-11-02 15:51:00+00:00,continuous,110193.3,110198.8,110160.3,110198.8,11279117.08010002
2025-11-02 15:56:58.915000+00:00,2025-11-02 15:54:00+00:00,continuous,110198.8,110209.9,110158.0,110175.9,12852706.8865
2025-11-02 15:59:59.957000+00:00,2025-11-02 15:57:00+00:00,continuous,110175.9,110179.3,110030.0,110066.1,49723908.435200214
2025-11-02 16:02:59.927000+00:00,2025-11-02 16:00:00+00:00,continuous,110066.2,110097.3,109728.0,109981.5,183520634.41950053
2025-11-02 16:05:59.822000+00:00,2025-11-02 16:03:00+00:00,continuous,109981.5,109987.0,109760.3,109788.9,49081854.54119998
2025-11-02 16:08:59.986000+00:00,2025-11-02 16:06:00+00:00,continuous,109789.0,109869.8,109775.0,109827.7,38631007.37580005
2025-11-02 16:11:59.739000+00:00,2025-11-02 16:09:00+00:00,continuous,109827.6,109884.3,109803.7,109837.4,22380715.979000047
2025-11-02 16:14:59.955000+00:00,2025-11-02 16:12:00+00:00,continuous,109837.4,109837.4,109751.0,109781.3,35247456.72459996
2025-11-02 16:17:59.945000+00:00,2025-11-02 16:15:00+00:00,continuous,109781.4,109847.5,109661.2,109845.2,56532711.62860004
2025-11-02 16:20:59.637000+00:00,2025-11-02 16:18:00+00:00,continuous,109845.3,109891.6,109768.5,109891.6,24098482.003200084
2025-11-02 16:23:59.899000+00:00,2025-11-02 16:21:00+00:00,continuous,109891.6,109946.9,109879.1,109927.7,19408554.056600034
2025-11-02 16:26:59.887000+00:00,2025-11-02 16:24:00+00:00,continuous,109927.7,110032.3,109927.6,110003.2,35131305.91089995
2025-11-02 16:29:59.905000+00:00,2025-11-02 16:27:00+00:00,continuous,110003.3,110035.6,109985.7,110027.3,9462007.001299983
2025-11-02 16:32:59.837000+00:00,2025-11-02 16:30:00+00:00,continuous,110027.3,110066.2,109963.9,110066.2,20394850.21340001
2025-11-02 16:35:59.971000+00:00,2025-11-02 16:33:00+00:00,continuous,110066.2,110066.2,109890.0,109983.5,12808876.118599992
2025-11-02 16:38:59.993000+00:00,2025-11-02 16:36:00+00:00,continuous,109983.4,110081.1,109969.1,109988.7,24776330.663900003
2025-11-02 16:41:59.629000+00:00,2025-11-02 16:39:00+00:00,continuous,109988.8,110021.8,109975.6,110012.9,17789257.379600048
2025-11-02 16:44:59.801000+00:00,2025-11-02 16:42:00+00:00,continuous,110012.9,110058.3,110000.0,110025.3,10630854.745300002
2025-11-02 16:47:59.878000+00:00,2025-11-02 16:45:00+00:00,continuous,110025.3,110025.3,109905.6,110011.3,14081779.942800002
2025-11-02 16:50:59.673000+00:00,2025-11-02 16:48:00+00:00,continuous,110011.2,110011.3,109914.1,109950.0,5157129.6746000005
2025-11-02 16:53:59.782000+00:00,2025-11-02 16:51:00+00:00,continuous,109949.9,110056.5,109949.9,110019.6,6768320.074299991
2025-11-02 16:56:59.782000+00:00,2025-11-02 16:54:00+00:00,continuous,110019.7,110076.8,110000.0,110076.7,4718646.4378
2025-11-02 16:59:59.471000+00:00,2025-11-02 16:57:00+00:00,continuous,110076.7,110086.2,110060.9,110068.1,7922651.7460999945
2025-11-02 17:02:59.891000+00:00,2025-11-02 17:00:00+00:00,continuous,110068.2,110106.5,110047.7,110106.5,7024570.173799993
2025-11-02 17:05:59.791000+00:00,2025-11-02 17:03:00+00:00,continuous,110106.5,110112.1,110100.0,110112.0,6969464.041999999
2025-11-02 17:08:59.913000+00:00,2025-11-02 17:06:00+00:00,continuous,110112.1,110188.9,110112.1,110159.3,23014841.163600054
2025-11-02 17:11:59.207000+00:00,2025-11-02 17:09:00+00:00,continuous,110159.4,110196.1,110130.3,110187.2,8388544.339800004
2025-11-02 17:14:59.570000+00:00,2025-11-02 17:12:00+00:00,continuous,110187.1,110195.5,110159.5,110174.9,5615299.701299994
2025-11-02 17:17:59.942000+00:00,2025-11-02 17:15:00+00:00,continuous,110175.0,110222.0,110147.9,110198.8,8820717.092899995
2025-11-02 17:20:59.858000+00:00,2025-11-02 17:18:00+00:00,continuous,110198.8,110198.8,110090.0,110121.8,8106286.995899987
2025-11-02 17:23:59.545000+00:00,2025-11-02 17:21:00+00:00,continuous,110121.9,110156.6,110090.0,110156.6,8799312.56869999
2025-11-02 17:26:59.634000+00:00,2025-11-02 17:24:00+00:00,continuous,110156.8,110222.0,110146.8,110170.1,8751355.392400008
2025-11-02 17:29:59.931000+00:00,2025-11-02 17:27:00+00:00,continuous,110170.1,110176.2,110107.7,110107.7,5127040.630099995
2025-11-02 17:32:59.733000+00:00,2025-11-02 17:30:00+00:00,continuous,110107.7,110107.7,110027.0,110088.6,7930421.15269999
2025-11-02 17:35:59.752000+00:00,2025-11-02 17:33:00+00:00,continuous,110088.6,110092.7,109970.1,109974.2,16457066.870299986
2025-11-02 17:38:59.875000+00:00,2025-11-02 17:36:00+00:00,continuous,109974.3,110050.0,109974.3,110023.7,7575050.762700002
2025-11-02 17:41:59.933000+00:00,2025-11-02 17:39:00+00:00,continuous,110023.7,110028.1,109982.7,109982.7,5525584.034900004
2025-11-02 17:44:59.436000+00:00,2025-11-02 17:42:00+00:00,continuous,109982.7,110040.4,109980.0,110003.3,9750129.375600021
2025-11-02 17:47:58.972000+00:00,2025-11-02 17:45:00+00:00,continuous,110003.2,110033.6,109971.8,110000.0,5225093.902899991
2025-11-02 17:50:59.678000+00:00,2025-11-02 17:48:00+00:00,continuous,110000.0,110040.0,109993.0,110024.1,3481604.8141000043
2025-11-02 17:53:59.346000+00:00,2025-11-02 17:51:00+00:00,continuous,110024.1,110031.0,109993.8,110013.4,3409883.636600004
2025-11-02 17:56:59.070000+00:00,2025-11-02 17:54:00+00:00,continuous,110013.3,110119.5,110006.8,110119.5,6363067.754000005
2025-11-02 17:59:59.499000+00:00,2025-11-02 17:57:00+00:00,continuous,110119.5,110142.2,110097.4,110142.2,5313853.315199998
2025-11-02 18:02:59.876000+00:00,2025-11-02 18:00:00+00:00,continuous,110142.1,110183.9,110137.1,110157.4,6483701.071500017
2025-11-02 18:05:59.650000+00:00,2025-11-02 18:03:00+00:00,continuous,110157.4,110183.6,110126.8,110183.5,3897340.5451
2025-11-02 18:08:59.399000+00:00,2025-11-02 18:06:00+00:00,continuous,110183.5,110234.3,110169.7,110170.1,8204898.986199995
2025-11-02 18:11:59.950000+00:00,2025-11-02 18:09:00+00:00,continuous,110170.1,110222.5,110170.1,110193.6,6325639.573700012
2025-11-02 18:14:59.987000+00:00,2025-11-02 18:12:00+00:00,continuous,110193.7,110220.0,110132.9,110132.9,4886667.616499997
2025-11-02 18:17:59.623000+00:00,2025-11-02 18:15:00+00:00,continuous,110132.9,110159.6,110121.0,110142.8,3107093.5793
2025-11-02 18:20:59.540000+00:00,2025-11-02 18:18:00+00:00,continuous,110142.7,110227.8,110142.7,110212.0,3588018.2881999966
2025-11-02 18:23:59.952000+00:00,2025-11-02 18:21:00+00:00,continuous,110212.1,110234.0,110212.0,110224.7,3205777.954900002
2025-11-02 18:26:59.464000+00:00,2025-11-02 18:24:00+00:00,continuous,110224.8,110224.8,110150.0,110156.9,3963832.736299999
2025-11-02 18:29:58.440000+00:00,2025-11-02 18:27:00+00:00,continuous,110156.8,110200.0,110156.8,110197.3,5173084.921500005
2025-11-02 18:32:59.622000+00:00,2025-11-02 18:30:00+00:00,continuous,110197.3,110215.9,110156.8,110215.8,5398793.789000007
2025-11-02 18:35:59.803000+00:00,2025-11-02 18:33:00+00:00,continuous,110215.9,110215.9,110180.0,110182.6,3741132.638199996
2025-11-02 18:38:59.985000+00:00,2025-11-02 18:36:00+00:00,continuous,110182.7,110227.6,110171.8,110221.0,7506443.696600001
2025-11-02 18:41:59.670000+00:00,2025-11-02 18:39:00+00:00,continuous,110220.9,110221.0,110133.7,110205.6,4527088.371999995
2025-11-02 18:44:59.267000+00:00,2025-11-02 18:42:00+00:00,continuous,110205.6,110250.0,110205.6,110231.2,5462798.974399999
2025-11-02 18:47:59.281000+00:00,2025-11-02 18:45:00+00:00,continuous,110231.1,110266.0,110222.2,110235.5,5798404.133700007
2025-11-02 18:50:59.954000+00:00,2025-11-02 18:48:00+00:00,continuous,110235.6,110251.8,110220.0,110244.4,2396192.7084000004
2025-11-02 18:53:58.540000+00:00,2025-11-02 18:51:00+00:00,continuous,110244.3,110261.8,110219.4,110256.7,3050758.5867999997
2025-11-02 18:56:59.788000+00:00,2025-11-02 18:54:00+00:00,continuous,110256.7,110286.2,110240.5,110271.3,6683169.1893000025
2025-11-02 18:59:59.419000+00:00,2025-11-02 18:57:00+00:00,continuous,110271.3,110283.2,110237.6,110283.2,3793876.9270999995
2025-11-02 19:02:59.911000+00:00,2025-11-02 19:00:00+00:00,continuous,110283.2,110283.2,110235.9,110259.4,3645008.588500001
2025-11-02 19:05:59.840000+00:00,2025-11-02 19:03:00+00:00,continuous,110259.4,110269.6,110227.4,110228.8,7304994.445900006
2025-11-02 19:08:58.041000+00:00,2025-11-02 19:06:00+00:00,continuous,110228.9,110235.0,110155.8,110172.7,9755933.301399985
2025-11-02 19:11:59.874000+00:00,2025-11-02 19:09:00+00:00,continuous,110172.7,110192.5,110155.6,110166.0,4036243.594400001
2025-11-02 19:14:59.144000+00:00,2025-11-02 19:12:00+00:00,continuous,110166.0,110193.4,110161.2,110165.7,4019244.862999999
2025-11-02 19:17:59.039000+00:00,2025-11-02 19:15:00+00:00,continuous,110165.7,110165.8,110112.1,110149.7,4498749.556900003
2025-11-02 19:20:59.819000+00:00,2025-11-02 19:18:00+00:00,continuous,110149.7,110149.7,110092.5,110092.5,6545357.313900006
2025-11-02 19:23:59.935000+00:00,2025-11-02 19:21:00+00:00,continuous,110092.6,110109.7,110084.5,110109.7,3960972.636400002
2025-11-02 19:26:59.100000+00:00,2025-11-02 19:24:00+00:00,continuous,110109.6,110130.7,110104.3,110104.3,3269444.8543000054
2025-11-02 19:29:59.652000+00:00,2025-11-02 19:27:00+00:00,continuous,110104.4,110104.4,109900.4,109905.4,24573685.242100045
2025-11-02 19:32:59.467000+00:00,2025-11-02 19:30:00+00:00,continuous,109905.4,110009.2,109905.3,110009.2,14363090.017999968
2025-11-02 19:35:59.078000+00:00,2025-11-02 19:33:00+00:00,continuous,110009.1,110104.3,109993.3,110082.3,9831649.055899989
2025-11-02 19:38:59.482000+00:00,2025-11-02 19:36:00+00:00,continuous,110082.3,110082.3,109907.1,109979.1,14620248.949000001
2025-11-02 19:41:58.948000+00:00,2025-11-02 19:39:00+00:00,continuous,109979.2,110016.6,109972.8,109987.6,4251462.648299998
2025-11-02 19:44:59.371000+00:00,2025-11-02 19:42:00+00:00,continuous,109987.5,110016.6,109987.5,109999.9,4074181.3388999994
2025-11-02 19:47:59.215000+00:00,2025-11-02 19:45:00+00:00,continuous,110000.0,110041.2,110000.0,110022.6,3152237.726700002
2025-11-02 19:50:59.897000+00:00,2025-11-02 19:48:00+00:00,continuous,110022.6,110033.2,109995.2,109995.2,5044568.758199988
2025-11-02 19:53:59.781000+00:00,2025-11-02 19:51:00+00:00,continuous,109995.2,110041.2,109983.5,110041.1,2843446.555399998
2025-11-02 19:56:59.499000+00:00,2025-11-02 19:54:00+00:00,continuous,110041.2,110137.9,110034.1,110119.1,10907937.552600008
2025-11-02 19:59:59.761000+00:00,2025-11-02 19:57:00+00:00,continuous,110119.0,110130.0,110100.0,110125.2,4480946.975599998
2025-11-02 20:02:59.590000+00:00,2025-11-02 20:00:00+00:00,continuous,110125.3,110125.3,110081.8,110094.9,5437111.266800001
2025-11-02 20:05:58.805000+00:00,2025-11-02 20:03:00+00:00,continuous,110094.9,110172.5,110094.8,110121.7,6253610.290000001
2025-11-02 20:08:59.954000+00:00,2025-11-02 20:06:00+00:00,continuous,110121.6,110163.8,110110.0,110110.1,4088914.2776999995
2025-11-02 20:11:59.830000+00:00,2025-11-02 20:09:00+00:00,continuous,110110.0,110110.1,110012.6,110012.7,5025328.929299996
2025-11-02 20:14:59.333000+00:00,2025-11-02 20:12:00+00:00,continuous,110012.7,110029.1,109917.0,109917.2,6961926.080300007
2025-11-02 20:17:59.977000+00:00,2025-11-02 20:15:00+00:00,continuous,109917.2,109962.5,109900.5,109961.4,9264648.331700016
2025-11-02 20:20:59.714000+00:00,2025-11-02 20:18:00+00:00,continuous,109961.4,110005.6,109932.0,109997.4,9922045.03300001
2025-11-02 20:23:59.850000+00:00,2025-11-02 20:21:00+00:00,continuous,109997.4,109997.4,109932.1,109946.6,3849896.5098999985
2025-11-02 20:26:59.798000+00:00,2025-11-02 20:24:00+00:00,continuous,109946.6,109950.0,109842.0,109852.6,13776803.949999996
2025-11-02 20:29:59.974000+00:00,2025-11-02 20:27:00+00:00,continuous,109852.6,109877.7,109834.8,109877.7,8174608.946400003
2025-11-02 20:32:59.708000+00:00,2025-11-02 20:30:00+00:00,continuous,109877.7,109926.6,109866.8,109926.6,3831969.0480999984
2025-11-02 20:35:57.856000+00:00,2025-11-02 20:33:00+00:00,continuous,109926.6,110031.2,109926.5,109982.1,10235738.929500014
2025-11-02 20:38:59.987000+00:00,2025-11-02 20:36:00+00:00,continuous,109982.1,109982.1,109946.1,109981.4,3655675.0213000006
2025-11-02 20:41:59.393000+00:00,2025-11-02 20:39:00+00:00,continuous,109981.4,110031.2,109981.4,110031.1,5144786.383900002
2025-11-02 20:44:59.968000+00:00,2025-11-02 20:42:00+00:00,continuous,110031.1,110045.7,109992.3,110012.5,7025462.577100004
2025-11-02 20:47:57.354000+00:00,2025-11-02 20:45:00+00:00,continuous,110012.4,110012.5,109981.6,110010.9,3896622.995699999
2025-11-02 20:50:59.983000+00:00,2025-11-02 20:48:00+00:00,continuous,110011.0,110034.6,109996.8,109996.9,3676864.6639999994
2025-11-02 20:53:58.240000+00:00,2025-11-02 20:51:00+00:00,continuous,109996.9,110040.8,109996.8,110037.6,3409163.817300003
2025-11-02 20:56:59.377000+00:00,2025-11-02 20:54:00+00:00,continuous,110037.6,110037.6,109997.8,110024.4,2148098.6389000015
2025-11-02 20:59:59.973000+00:00,2025-11-02 20:57:00+00:00,continuous,110024.6,110045.6,110022.3,110045.6,2138414.200099999
2025-11-02 21:02:59.487000+00:00,2025-11-02 21:00:00+00:00,continuous,110045.6,110091.2,110028.2,110091.2,5110850.2762
2025-11-02 21:05:58.962000+00:00,2025-11-02 21:03:00+00:00,continuous,110091.1,110091.2,110062.4,110062.5,3567586.0385000044
2025-11-02 21:08:59.836000+00:00,2025-11-02 21:06:00+00:00,continuous,110062.5,110083.5,110062.4,110064.7,2876759.8755999967
2025-11-02 21:11:59.896000+00:00,2025-11-02 21:09:00+00:00,continuous,110064.8,110064.8,109935.3,109968.8,9080861.160699967
2025-11-02 21:14:59.471000+00:00,2025-11-02 21:12:00+00:00,continuous,109968.8,109977.1,109922.6,109958.6,3913386.976399998
2025-11-02 21:17:59.083000+00:00,2025-11-02 21:15:00+00:00,continuous,109958.6,109968.7,109927.2,109947.3,3063779.706300002
2025-11-02 21:20:58.039000+00:00,2025-11-02 21:18:00+00:00,continuous,109947.2,109993.3,109947.2,109981.3,2528183.801399998
2025-11-02 21:23:59.609000+00:00,2025-11-02 21:21:00+00:00,continuous,109981.4,110013.4,109963.1,109985.5,3363355.236700004
2025-11-02 21:26:59.960000+00:00,2025-11-02 21:24:00+00:00,continuous,109985.5,109992.3,109972.5,109978.0,1207582.9107000004
2025-11-02 21:29:58.264000+00:00,2025-11-02 21:27:00+00:00,continuous,109978.0,109990.6,109972.4,109972.4,1436612.3199000005
2025-11-02 21:32:57.455000+00:00,2025-11-02 21:30:00+00:00,continuous,109972.4,110023.3,109971.4,109982.5,5009117.980600001
2025-11-02 21:35:59.980000+00:00,2025-11-02 21:33:00+00:00,continuous,109982.6,110001.9,109982.5,110001.8,2109127.7083000015
2025-11-02 21:38:59.930000+00:00,2025-11-02 21:36:00+00:00,continuous,110001.8,110038.3,109974.9,110028.8,3133183.7457999983
2025-11-02 21:41:58.133000+00:00,2025-11-02 21:39:00+00:00,continuous,110028.7,110028.8,110002.4,110005.2,1967160.7528000001
2025-11-02 21:44:59.461000+00:00,2025-11-02 21:42:00+00:00,continuous,110005.1,110005.1,109955.9,109994.3,3557464.522599999
2025-11-02 21:47:57.671000+00:00,2025-11-02 21:45:00+00:00,continuous,109994.4,110058.5,109994.4,110038.8,4169094.3231999995
2025-11-02 21:50:59.844000+00:00,2025-11-02 21:48:00+00:00,continuous,110038.8,110066.8,110006.7,110066.0,3713771.1606000043
2025-11-02 21:53:59.754000+00:00,2025-11-02 21:51:00+00:00,continuous,110066.0,110066.0,110027.7,110032.3,3032850.8626000015
2025-11-02 21:56:59.333000+00:00,2025-11-02 21:54:00+00:00,continuous,110032.3,110032.4,109965.4,109966.1,4623164.917699996
2025-11-02 21:59:59.002000+00:00,2025-11-02 21:57:00+00:00,continuous,109966.1,109966.1,109940.9,109947.6,3312770.5297999997
2025-11-02 22:02:59.937000+00:00,2025-11-02 22:00:00+00:00,continuous,109947.5,109959.8,109934.2,109949.5,3976106.8653000086
2025-11-02 22:05:59.951000+00:00,2025-11-02 22:03:00+00:00,continuous,109949.5,109949.5,109912.0,109912.0,3020185.7523999983
2025-11-02 22:08:59.343000+00:00,2025-11-02 22:06:00+00:00,continuous,109912.1,109964.4,109912.1,109964.4,5848958.0545
2025-11-02 22:11:57.145000+00:00,2025-11-02 22:09:00+00:00,continuous,109964.4,109964.4,109951.0,109951.0,4638890.6791
2025-11-02 22:14:59.850000+00:00,2025-11-02 22:12:00+00:00,continuous,109951.0,109954.0,109906.0,109919.0,10425798.95860001
2025-11-02 22:17:59.643000+00:00,2025-11-02 22:15:00+00:00,continuous,109919.1,109943.2,109909.8,109917.1,4868785.114000004
2025-11-02 22:20:59.396000+00:00,2025-11-02 22:18:00+00:00,continuous,109917.1,109962.7,109917.0,109962.6,2964406.9072
2025-11-02 22:23:58.056000+00:00,2025-11-02 22:21:00+00:00,continuous,109962.7,109962.7,109952.7,109962.7,3050341.370100003
2025-11-02 22:26:59.518000+00:00,2025-11-02 22:24:00+00:00,continuous,109962.7,109982.4,109941.9,109941.9,3962193.5117000015
2025-11-02 22:29:59.745000+00:00,2025-11-02 22:27:00+00:00,continuous,109941.9,109949.4,109941.9,109949.4,2286995.476599995
2025-11-02 22:32:59.901000+00:00,2025-11-02 22:30:00+00:00,continuous,109949.4,109949.4,109769.9,109784.1,21885760.94560007
2025-11-02 22:35:59.939000+00:00,2025-11-02 22:33:00+00:00,continuous,109784.1,109784.1,109368.9,109689.2,115401749.45629941
2025-11-02 22:38:59.894000+00:00,2025-11-02 22:36:00+00:00,continuous,109689.2,109753.3,109473.1,109538.9,42079555.80959982
2025-11-02 22:41:59.991000+00:00,2025-11-02 22:39:00+00:00,continuous,109538.9,109600.0,109500.0,109600.0,11386393.113299979
2025-11-02 22:44:59.176000+00:00,2025-11-02 22:42:00+00:00,continuous,109600.0,109635.8,109596.0,109596.1,8587812.5478
2025-11-02 22:47:59.966000+00:00,2025-11-02 22:45:00+00:00,continuous,109596.1,109666.5,109500.0,109666.5,19737814.851300016
2025-11-02 22:50:59.979000+00:00,2025-11-02 22:48:00+00:00,continuous,109666.6,109717.6,109663.5,109663.5,7247310.223999991
2025-11-02 22:53:59.649000+00:00,2025-11-02 22:51:00+00:00,continuous,109663.5,109758.4,109663.4,109758.4,4774886.211600008
2025-11-02 22:56:59.918000+00:00,2025-11-02 22:54:00+00:00,continuous,109758.4,109800.0,109667.2,109775.0,10389725.569300009
2025-11-02 22:59:59.608000+00:00,2025-11-02 22:57:00+00:00,continuous,109775.0,109860.9,109715.0,109860.9,9673307.467100002
2025-11-02 23:02:59.996000+00:00,2025-11-02 23:00:00+00:00,continuous,109860.9,110216.4,109860.9,110170.1,66072824.13960018
2025-11-02 23:05:59.902000+00:00,2025-11-02 23:03:00+00:00,continuous,110170.2,110268.7,110083.3,110152.8,30838933.651099958
2025-11-02 23:08:59.961000+00:00,2025-11-02 23:06:00+00:00,continuous,110152.8,110210.4,110055.0,110193.5,21445691.961599972
2025-11-02 23:11:59.849000+00:00,2025-11-02 23:09:00+00:00,continuous,110193.6,110369.0,110193.6,110282.9,29352919.226200067
2025-11-02 23:14:59.829000+00:00,2025-11-02 23:12:00+00:00,continuous,110282.8,110471.1,110237.9,110415.3,37295917.86810008
2025-11-02 23:17:59.707000+00:00,2025-11-02 23:15:00+00:00,continuous,110415.3,110450.0,110212.8,110249.9,19626934.508899976
2025-11-02 23:20:59.961000+00:00,2025-11-02 23:18:00+00:00,continuous,110250.0,110308.1,110089.9,110165.6,32166149.323200084
2025-11-02 23:23:59.500000+00:00,2025-11-02 23:21:00+00:00,continuous,110165.5,110199.6,110111.0,110136.0,10521624.894400014
2025-11-02 23:26:59.991000+00:00,2025-11-02 23:24:00+00:00,continuous,110136.0,110200.0,110099.9,110133.1,8426257.929400004
2025-11-02 23:29:59.268000+00:00,2025-11-02 23:27:00+00:00,continuous,110133.0,110200.0,110118.7,110133.2,6333449.538700001
2025-11-02 23:32:59.148000+00:00,2025-11-02 23:30:00+00:00,continuous,110133.1,110237.0,110129.2,110173.8,12744629.379000006
2025-11-02 23:35:59.609000+00:00,2025-11-02 23:33:00+00:00,continuous,110173.7,110237.6,110115.5,110237.6,9633833.158799997
2025-11-02 23:38:59.504000+00:00,2025-11-02 23:36:00+00:00,continuous,110237.7,110255.7,110200.3,110214.3,6847228.114999999
2025-11-02 23:41:59.450000+00:00,2025-11-02 23:39:00+00:00,continuous,110214.2,110430.8,110214.2,110394.2,38069750.38570021
2025-11-02 23:44:59.951000+00:00,2025-11-02 23:42:00+00:00,continuous,110394.2,110509.1,110355.3,110364.4,38011334.55879998
2025-11-02 23:47:59.837000+00:00,2025-11-02 23:45:00+00:00,continuous,110364.4,110388.3,110312.4,110326.8,11298334.568200018
2025-11-02 23:50:59.998000+00:00,2025-11-02 23:48:00+00:00,continuous,110326.7,110376.8,110300.0,110370.9,7762840.058599998
2025-11-02 23:53:59.920000+00:00,2025-11-02 23:51:00+00:00,continuous,110370.8,110583.1,110370.8,110564.9,36135213.54080002
2025-11-02 23:56:59.781000+00:00,2025-11-02 23:54:00+00:00,continuous,110564.9,110680.7,110554.3,110615.0,35851542.930200055
2025-11-02 23:59:59.927000+00:00,2025-11-02 23:57:00+00:00,continuous,110614.9,110700.0,110494.8,110494.9,37273028.1702
2025-11-03 00:02:59.906000+00:00,2025-11-03 00:00:00+00:00,continuous,110494.9,110523.6,110444.2,110523.6,20161057.141199987
2025-11-03 00:05:59.992000+00:00,2025-11-03 00:03:00+00:00,continuous,110523.6,110662.7,110458.3,110648.6,26869681.88870002
2025-11-03 00:08:59.366000+00:00,2025-11-03 00:06:00+00:00,continuous,110648.6,110700.0,110572.3,110577.3,21098599.286199983
2025-11-03 00:11:59.878000+00:00,2025-11-03 00:09:00+00:00,continuous,110577.3,110711.0,110572.2,110607.3,26126323.888600044
2025-11-03 00:14:59.686000+00:00,2025-11-03 00:12:00+00:00,continuous,110607.3,110638.4,110543.2,110631.1,14958563.00160002
2025-11-03 00:17:59.973000+00:00,2025-11-03 00:15:00+00:00,continuous,110631.0,110649.5,110560.0,110560.0,18170961.172100022
2025-11-03 00:20:59.894000+00:00,2025-11-03 00:18:00+00:00,continuous,110560.0,110605.9,110533.7,110534.9,13303920.214600049
2025-11-03 00:23:59.242000+00:00,2025-11-03 00:21:00+00:00,continuous,110534.9,110534.9,110460.0,110460.0,13901283.373899974
2025-11-03 00:26:59.553000+00:00,2025-11-03 00:24:00+00:00,continuous,110460.1,110490.7,110384.8,110384.8,17672409.739099976
2025-11-03 00:29:59.899000+00:00,2025-11-03 00:27:00+00:00,continuous,110384.6,110394.1,110275.4,110281.5,24534689.027999945
2025-11-03 00:32:59.991000+00:00,2025-11-03 00:30:00+00:00,continuous,110281.4,110330.0,110278.8,110281.3,11293723.560900003
2025-11-03 00:35:59.419000+00:00,2025-11-03 00:33:00+00:00,continuous,110281.3,110303.8,110220.2,110257.7,12696117.923699984
2025-11-03 00:38:59.604000+00:00,2025-11-03 00:36:00+00:00,continuous,110257.7,110306.1,110231.7,110279.6,7304518.825200015
2025-11-03 00:41:59.843000+00:00,2025-11-03 00:39:00+00:00,continuous,110279.6,110295.8,110215.9,110235.6,8045997.678899996
2025-11-03 00:44:59.874000+00:00,2025-11-03 00:42:00+00:00,continuous,110235.5,110250.1,110180.2,110222.4,9566595.165899996
2025-11-03 00:47:58.247000+00:00,2025-11-03 00:45:00+00:00,continuous,110222.3,110267.7,110139.3,110147.2,12437294.025399987
2025-11-03 00:50:59.898000+00:00,2025-11-03 00:48:00+00:00,continuous,110147.2,110187.5,110108.0,110150.0,12261598.700100027
2025-11-03 00:53:59.701000+00:00,2025-11-03 00:51:00+00:00,continuous,110150.1,110166.7,109900.0,109960.8,40642489.56319986
2025-11-03 00:56:59.691000+00:00,2025-11-03 00:54:00+00:00,continuous,109960.8,110030.1,109775.0,109820.0,50406703.38470003
2025-11-03 00:59:59.975000+00:00,2025-11-03 00:57:00+00:00,continuous,109820.0,109820.0,109700.0,109700.1,30971360.368799947
2025-11-03 01:02:59.999000+00:00,2025-11-03 01:00:00+00:00,continuous,109700.0,109700.0,109425.1,109449.3,93204263.43660013
2025-11-03 01:05:59.984000+00:00,2025-11-03 01:03:00+00:00,continuous,109449.2,109564.0,109424.3,109503.6,46430550.63129992
2025-11-03 01:08:59.988000+00:00,2025-11-03 01:06:00+00:00,continuous,109503.6,109682.7,109476.6,109672.2,38833874.17080013
2025-11-03 01:11:59.822000+00:00,2025-11-03 01:09:00+00:00,continuous,109672.3,109801.6,109650.0,109784.8,33527217.63690006
2025-11-03 01:14:59.825000+00:00,2025-11-03 01:12:00+00:00,continuous,109784.9,109796.6,109651.3,109681.8,21216451.356999975
2025-11-03 01:17:59.887000+00:00,2025-11-03 01:15:00+00:00,continuous,109681.7,109747.0,109578.3,109702.5,23053598.790899903
2025-11-03 01:20:59.939000+00:00,2025-11-03 01:18:00+00:00,continuous,109702.6,109773.4,109623.1,109648.4,17277057.194599945
2025-11-03 01:23:59.966000+00:00,2025-11-03 01:21:00+00:00,continuous,109648.3,109730.5,109515.9,109550.1,25605798.912099965
2025-11-03 01:26:59.923000+00:00,2025-11-03 01:24:00+00:00,continuous,109550.0,109566.8,109475.0,109478.9,23219727.169
2025-11-03 01:29:59.966000+00:00,2025-11-03 01:27:00+00:00,continuous,109478.8,109618.0,109478.8,109599.7,14957529.009999974
2025-11-03 01:32:59.494000+00:00,2025-11-03 01:30:00+00:00,continuous,109599.7,109693.9,109565.0,109661.5,13524917.086399987
2025-11-03 01:35:59.935000+00:00,2025-11-03 01:33:00+00:00,continuous,109661.5,109685.5,109325.0,109346.7,54961353.0341
2025-11-03 01:38:59.893000+00:00,2025-11-03 01:36:00+00:00,continuous,109346.7,109702.4,109310.0,109686.4,49318356.33039997
2025-11-03 01:41:59.532000+00:00,2025-11-03 01:39:00+00:00,continuous,109686.4,109686.4,109516.6,109516.6,20418718.62880003
2025-11-03 01:44:59.895000+00:00,2025-11-03 01:42:00+00:00,continuous,109516.6,109744.0,109496.1,109682.1,24107786.758100066
2025-11-03 01:47:59.974000+00:00,2025-11-03 01:45:00+00:00,continuous,109682.1,109846.2,109680.9,109705.2,23650931.346799985
2025-11-03 01:50:59.940000+00:00,2025-11-03 01:48:00+00:00,continuous,109704.6,109743.9,109560.0,109574.1,16044116.997000003
2025-11-03 01:53:59.803000+00:00,2025-11-03 01:51:00+00:00,continuous,109574.1,109639.2,109544.1,109639.2,10684233.179800011
2025-11-03 01:56:59.471000+00:00,2025-11-03 01:54:00+00:00,continuous,109639.1,109639.2,109521.9,109567.4,10993773.992699997
2025-11-03 01:59:59.823000+00:00,2025-11-03 01:57:00+00:00,continuous,109567.3,109685.4,109547.3,109614.2,11935206.021699999
2025-11-03 02:02:59.890000+00:00,2025-11-03 02:00:00+00:00,continuous,109614.2,109667.1,109567.9,109586.1,13208255.581900004
2025-11-03 02:05:59.821000+00:00,2025-11-03 02:03:00+00:00,continuous,109586.2,109586.2,109444.0,109515.6,24178372.444300003
2025-11-03 02:08:59.923000+00:00,2025-11-03 02:06:00+00:00,continuous,109515.6,109594.3,109341.3,109589.1,30165074.253099993
2025-11-03 02:11:59.862000+00:00,2025-11-03 02:09:00+00:00,continuous,109589.0,109589.0,109476.0,109476.1,29938937.67079994
2025-11-03 02:14:59.711000+00:00,2025-11-03 02:12:00+00:00,continuous,109476.1,109713.2,109461.4,109624.1,29837633.567699987
2025-11-03 02:17:59.981000+00:00,2025-11-03 02:15:00+00:00,continuous,109624.1,109627.9,109389.1,109429.6,15135704.75969999
2025-11-03 02:20:59.999000+00:00,2025-11-03 02:18:00+00:00,continuous,109429.7,109542.8,109405.8,109534.8,15317489.708900003
2025-11-03 02:23:59.642000+00:00,2025-11-03 02:21:00+00:00,continuous,109534.8,109534.8,109434.4,109483.1,17801030.307100013
2025-11-03 02:26:59.845000+00:00,2025-11-03 02:24:00+00:00,continuous,109483.0,109571.5,109444.2,109444.4,13606773.708699996
2025-11-03 02:29:59.892000+00:00,2025-11-03 02:27:00+00:00,continuous,109444.3,109444.4,109150.9,109181.5,95909073.91640009
2025-11-03 02:32:59.971000+00:00,2025-11-03 02:30:00+00:00,continuous,109181.8,109181.8,108888.3,109074.0,118369078.03009984
2025-11-03 02:35:59.915000+00:00,2025-11-03 02:33:00+00:00,continuous,109074.0,109074.3,108820.2,108978.4,89885788.87409984
2025-11-03 02:38:59.946000+00:00,2025-11-03 02:36:00+00:00,continuous,108978.4,108989.5,108750.0,108931.9,54245166.3099002
2025-11-03 02:41:59.997000+00:00,2025-11-03 02:39:00+00:00,continuous,108932.0,108946.9,108780.0,108871.4,36564932.76829989
2025-11-03 02:44:59.971000+00:00,2025-11-03 02:42:00+00:00,continuous,108871.4,108914.2,108806.0,108816.9,22837985.974500023
2025-11-03 02:47:59.919000+00:00,2025-11-03 02:45:00+00:00,continuous,108816.8,108820.0,108600.0,108688.7,73577504.10630023
2025-11-03 02:50:59.917000+00:00,2025-11-03 02:48:00+00:00,continuous,108688.6,108800.0,108674.5,108783.5,33034483.10220007
2025-11-03 02:53:59.857000+00:00,2025-11-03 02:51:00+00:00,continuous,108783.5,108988.2,108781.0,108856.9,71981663.57529998
2025-11-03 02:56:59.993000+00:00,2025-11-03 02:54:00+00:00,continuous,108856.8,109040.0,108856.8,108923.8,32242669.63159997
2025-11-03 02:59:59.984000+00:00,2025-11-03 02:57:00+00:00,continuous,108923.7,109036.0,108900.0,108991.7,19968770.38139997
2025-11-03 03:02:59.934000+00:00,2025-11-03 03:00:00+00:00,continuous,108991.7,109116.4,108971.4,109070.7,29986744.496400036
2025-11-03 03:05:59.946000+00:00,2025-11-03 03:03:00+00:00,continuous,109070.8,109092.2,108880.0,108880.0,33357553.676500026
2025-11-03 03:08:59.980000+00:00,2025-11-03 03:06:00+00:00,continuous,108880.1,108987.1,108813.5,108851.6,30335734.509899963
2025-11-03 03:11:59.980000+00:00,2025-11-03 03:09:00+00:00,continuous,108851.6,108851.6,108538.0,108572.3,69620442.9819
2025-11-03 03:14:59.986000+00:00,2025-11-03 03:12:00+00:00,continuous,108572.7,108617.7,108132.5,108182.6,252552842.80330032
2025-11-03 03:17:59.985000+00:00,2025-11-03 03:15:00+00:00,continuous,108182.7,108422.2,108163.7,108237.9,80918279.03869957
2025-11-03 03:20:59.970000+00:00,2025-11-03 03:18:00+00:00,continuous,108237.9,108428.6,108214.9,108343.8,42974332.25750009
2025-11-03 03:23:59.758000+00:00,2025-11-03 03:21:00+00:00,continuous,108343.7,108371.4,108112.2,108135.2,43007877.68720002
2025-11-03 03:26:59.994000+00:00,2025-11-03 03:24:00+00:00,continuous,108135.3,108147.9,107900.1,107992.4,118972873.33530007
2025-11-03 03:29:59.977000+00:00,2025-11-03 03:27:00+00:00,continuous,107992.5,108125.8,107927.7,108079.8,52779451.061899856
2025-11-03 03:32:59.985000+00:00,2025-11-03 03:30:00+00:00,continuous,108079.9,108117.9,107916.3,108004.4,52751782.23760026
2025-11-03 03:35:59.937000+00:00,2025-11-03 03:33:00+00:00,continuous,108004.3,108258.0,107968.2,108229.1,54671199.688699976
2025-11-03 03:38:59.986000+00:00,2025-11-03 03:36:00+00:00,continuous,108229.1,108350.9,108164.1,108251.9,39462139.653099924
2025-11-03 03:41:59.948000+00:00,2025-11-03 03:39:00+00:00,continuous,108251.8,108325.0,108167.1,108256.1,24247758.264400013
2025-11-03 03:44:59.890000+00:00,2025-11-03 03:42:00+00:00,continuous,108256.2,108318.0,108200.0,108207.6,21146727.061499976
2025-11-03 03:47:59.671000+00:00,2025-11-03 03:45:00+00:00,continuous,108207.5,108207.6,108005.7,108099.9,37029548.86059997
2025-11-03 03:50:59.743000+00:00,2025-11-03 03:48:00+00:00,continuous,108099.9,108144.3,107981.0,108078.8,28024513.89150005
2025-11-03 03:53:59.986000+00:00,2025-11-03 03:51:00+00:00,continuous,108078.9,108100.0,107850.0,107889.9,66594589.0910998
2025-11-03 03:56:59.980000+00:00,2025-11-03 03:54:00+00:00,continuous,107890.0,107987.6,107864.6,107917.8,25561294.935300007
2025-11-03 03:59:59.898000+00:00,2025-11-03 03:57:00+00:00,continuous,107917.9,108027.0,107859.2,107886.0,42674479.272699974
2025-11-03 04:02:59.811000+00:00,2025-11-03 04:00:00+00:00,continuous,107886.0,107952.1,107818.0,107899.4,51384218.83390009
2025-11-03 04:05:59.951000+00:00,2025-11-03 04:03:00+00:00,continuous,107899.3,107939.6,107500.1,107609.2,190622396.09989935
2025-11-03 04:08:59.901000+00:00,2025-11-03 04:06:00+00:00,continuous,107609.3,107746.1,107448.2,107737.7,80069408.55300036
2025-11-03 04:11:59.994000+00:00,2025-11-03 04:09:00+00:00,continuous,107737.8,107826.2,107600.0,107620.8,57281364.527599856
2025-11-03 04:14:59.892000+00:00,2025-11-03 04:12:00+00:00,continuous,107620.8,107702.7,107611.7,107689.1,19944923.46850002
2025-11-03 04:17:59.849000+00:00,2025-11-03 04:15:00+00:00,continuous,107689.2,107727.4,107524.8,107561.3,51137027.28099985
2025-11-03 04:20:59.999000+00:00,2025-11-03 04:18:00+00:00,continuous,107561.4,107625.1,107459.8,107494.2,27905642.491799906
2025-11-03 04:23:59.979000+00:00,2025-11-03 04:21:00+00:00,continuous,107494.1,107780.0,107435.0,107775.5,39539580.02480003
2025-11-03 04:26:59.936000+00:00,2025-11-03 04:24:00+00:00,continuous,107775.6,107812.5,107641.1,107711.7,35153310.41579994
2025-11-03 04:29:59.911000+00:00,2025-11-03 04:27:00+00:00,continuous,107711.7,107848.6,107711.6,107775.9,38372232.71999994
2025-11-03 04:32:59.972000+00:00,2025-11-03 04:30:00+00:00,continuous,107775.9,107820.0,107627.4,107795.1,38365251.42919999
2025-11-03 04:35:59.991000+00:00,2025-11-03 04:33:00+00:00,continuous,107795.1,107876.2,107779.5,107860.4,53769983.093500055
2025-11-03 04:38:59.905000+00:00,2025-11-03 04:36:00+00:00,continuous,107860.5,107860.5,107725.1,107805.6,36442746.994299985
2025-11-03 04:41:59.743000+00:00,2025-11-03 04:39:00+00:00,continuous,107805.6,107887.0,107789.7,107809.7,35901142.35729999
2025-11-03 04:44:59.945000+00:00,2025-11-03 04:42:00+00:00,continuous,107809.7,107872.5,107636.1,107666.9,35596471.5184999
2025-11-03 04:47:59.902000+00:00,2025-11-03 04:45:00+00:00,continuous,107666.8,107770.9,107660.0,107739.5,22431905.51770007
2025-11-03 04:50:59.716000+00:00,2025-11-03 04:48:00+00:00,continuous,107739.5,107818.9,107715.7,107791.6,18645630.053500053
2025-11-03 04:53:59.993000+00:00,2025-11-03 04:51:00+00:00,continuous,107791.7,107925.2,107791.6,107917.0,27985999.380299997
2025-11-03 04:56:59.957000+00:00,2025-11-03 04:54:00+00:00,continuous,107917.1,107944.1,107849.9,107857.5,33096782.318399955
2025-11-03 04:59:59.989000+00:00,2025-11-03 04:57:00+00:00,continuous,107857.4,107865.0,107761.8,107843.8,22874048.792400055
2025-11-03 05:02:59.834000+00:00,2025-11-03 05:00:00+00:00,continuous,107843.8,107898.6,107803.4,107818.3,24282657.820000023
2025-11-03 05:05:59.882000+00:00,2025-11-03 05:03:00+00:00,continuous,107818.4,107899.4,107793.3,107879.1,24078421.85379998
2025-11-03 05:08:59.942000+00:00,2025-11-03 05:06:00+00:00,continuous,107879.1,107933.8,107840.0,107900.0,19247633.422000013
2025-11-03 05:11:59.584000+00:00,2025-11-03 05:09:00+00:00,continuous,107899.9,107927.8,107812.7,107812.8,18798215.42630001
2025-11-03 05:14:59.947000+00:00,2025-11-03 05:12:00+00:00,continuous,107812.8,107989.9,107737.3,107919.8,42054978.085000165
2025-11-03 05:17:59.884000+00:00,2025-11-03 05:15:00+00:00,continuous,107919.7,107919.8,107762.1,107762.2,20838415.563800026
2025-11-03 05:20:59.754000+00:00,2025-11-03 05:18:00+00:00,continuous,107762.2,107800.1,107753.6,107793.0,9372713.029700007
2025-11-03 05:23:59.922000+00:00,2025-11-03 05:21:00+00:00,continuous,107792.9,108088.8,107764.5,107773.0,62399362.60510011
2025-11-03 05:26:59.978000+00:00,2025-11-03 05:24:00+00:00,continuous,107773.0,107867.6,107702.8,107860.4,26951861.6178001
2025-11-03 05:29:59.883000+00:00,2025-11-03 05:27:00+00:00,continuous,107860.5,107967.9,107836.5,107920.0,23544031.993700024
2025-11-03 05:32:59.699000+00:00,2025-11-03 05:30:00+00:00,continuous,107920.1,107963.6,107875.8,107907.0,12415941.763899991
2025-11-03 05:35:59.961000+00:00,2025-11-03 05:33:00+00:00,continuous,107907.1,107907.1,107831.8,107836.9,11371638.030899992
2025-11-03 05:38:59.894000+00:00,2025-11-03 05:36:00+00:00,continuous,107836.9,107842.9,107750.2,107750.2,15488625.717900021
2025-11-03 05:41:59.791000+00:00,2025-11-03 05:39:00+00:00,continuous,107750.2,107750.6,107567.0,107567.0,33527339.469499968
2025-11-03 05:44:59.752000+00:00,2025-11-03 05:42:00+00:00,continuous,107567.0,107584.9,107473.3,107562.9,33011294.9104001
2025-11-03 05:47:59.965000+00:00,2025-11-03 05:45:00+00:00,continuous,107562.9,107568.8,107458.5,107458.6,27398417.755399995
2025-11-03 05:50:59.950000+00:00,2025-11-03 05:48:00+00:00,continuous,107458.5,107519.3,107333.0,107493.6,62868522.4979001
2025-11-03 05:53:59.613000+00:00,2025-11-03 05:51:00+00:00,continuous,107493.7,107629.5,107477.8,107574.6,26676254.088899974
2025-11-03 05:56:59.599000+00:00,2025-11-03 05:54:00+00:00,continuous,107574.7,107590.8,107547.5,107561.3,10485392.755000018
2025-11-03 05:59:59.651000+00:00,2025-11-03 05:57:00+00:00,continuous,107561.2,107580.0,107506.8,107556.9,17382331.015100017
2025-11-03 06:02:59.899000+00:00,2025-11-03 06:00:00+00:00,continuous,107556.8,107655.0,107485.2,107644.9,21056737.763600018
2025-11-03 06:05:59.845000+00:00,2025-11-03 06:03:00+00:00,continuous,107644.9,107652.0,107543.1,107629.2,10984070.584899997
2025-11-03 06:08:59.946000+00:00,2025-11-03 06:06:00+00:00,continuous,107628.3,107644.9,107574.6,107613.2,9500055.468599997
2025-11-03 06:11:59.876000+00:00,2025-11-03 06:09:00+00:00,continuous,107613.1,107666.0,107239.3,107263.7,67214667.12150025
2025-11-03 06:14:59.808000+00:00,2025-11-03 06:12:00+00:00,continuous,107263.7,107350.0,107263.5,107308.9,27810485.343099985
2025-11-03 06:17:59.948000+00:00,2025-11-03 06:15:00+00:00,continuous,107308.9,107511.0,107276.0,107499.4,30175737.722299915
2025-11-03 06:20:59.914000+00:00,2025-11-03 06:18:00+00:00,continuous,107499.5,107524.3,107330.0,107443.8,22959249.19859996
2025-11-03 06:23:59.994000+00:00,2025-11-03 06:21:00+00:00,continuous,107443.7,107487.3,107373.0,107435.8,12511706.343500003
2025-11-03 06:26:59.611000+00:00,2025-11-03 06:24:00+00:00,continuous,107435.7,107541.7,107392.0,107395.4,14773018.757400017
2025-11-03 06:29:59.864000+00:00,2025-11-03 06:27:00+00:00,continuous,107395.4,107447.0,107395.3,107422.7,13392351.373400025
2025-11-03 06:32:59.869000+00:00,2025-11-03 06:30:00+00:00,continuous,107422.7,107430.0,107270.6,107328.8,36823118.002099894
2025-11-03 06:35:59.823000+00:00,2025-11-03 06:33:00+00:00,continuous,107328.7,107524.3,107320.0,107524.3,19410726.04800001
2025-11-03 06:38:59.915000+00:00,2025-11-03 06:36:00+00:00,continuous,107524.3,107626.0,107506.8,107560.1,20151658.07649995
2025-11-03 06:41:59.818000+00:00,2025-11-03 06:39:00+00:00,continuous,107560.0,107560.0,107265.8,107334.6,32285140.570499994
2025-11-03 06:44:59.945000+00:00,2025-11-03 06:42:00+00:00,continuous,107334.5,107410.5,107300.0,107322.1,16200740.195099976
2025-11-03 06:47:59.852000+00:00,2025-11-03 06:45:00+00:00,continuous,107322.0,107324.0,107030.1,107081.6,127054256.56030032
2025-11-03 06:50:59.995000+00:00,2025-11-03 06:48:00+00:00,continuous,107081.6,107477.1,106946.7,107454.9,82815238.94979985
2025-11-03 06:53:59.914000+00:00,2025-11-03 06:51:00+00:00,continuous,107455.0,107597.0,107447.1,107542.1,55540441.74489979
2025-11-03 06:56:59.810000+00:00,2025-11-03 06:54:00+00:00,continuous,107542.0,107542.1,107317.6,107385.3,32809176.768800028
2025-11-03 06:59:59.882000+00:00,2025-11-03 06:57:00+00:00,continuous,107385.3,107523.9,107381.4,107452.8,22509139.69509998
2025-11-03 07:02:59.815000+00:00,2025-11-03 07:00:00+00:00,continuous,107452.8,107452.8,107298.3,107403.0,28134915.81329989
2025-11-03 07:05:59.814000+00:00,2025-11-03 07:03:00+00:00,continuous,107403.1,107413.2,107280.0,107339.0,14588513.1653
2025-11-03 07:08:59.986000+00:00,2025-11-03 07:06:00+00:00,continuous,107339.0,107374.2,107222.0,107338.7,19449052.36930006
2025-11-03 07:11:59.587000+00:00,2025-11-03 07:09:00+00:00,continuous,107338.6,107401.8,107302.7,107329.1,16699957.784100004
2025-11-03 07:14:59.991000+00:00,2025-11-03 07:12:00+00:00,continuous,107329.1,107441.2,107321.1,107405.0,17058196.14000001
2025-11-03 07:17:59.967000+00:00,2025-11-03 07:15:00+00:00,continuous,107404.9,107461.7,107368.4,107422.0,17492350.86340001
2025-11-03 07:20:59.736000+00:00,2025-11-03 07:18:00+00:00,continuous,107422.1,107454.4,107280.0,107338.8,20942163.396399982
2025-11-03 07:23:59.666000+00:00,2025-11-03 07:21:00+00:00,continuous,107338.8,107500.6,107265.0,107493.5,35186176.44799991
2025-11-03 07:26:59.857000+00:00,2025-11-03 07:24:00+00:00,continuous,107493.4,107801.5,107469.9,107623.4,136971958.0435994
2025-11-03 07:29:59.775000+00:00,2025-11-03 07:27:00+00:00,continuous,107623.4,107650.6,107577.9,107604.5,23056516.965800043
2025-11-03 07:32:59.595000+00:00,2025-11-03 07:30:00+00:00,continuous,107604.5,107604.5,107500.0,107571.1,18670687.482500035
2025-11-03 07:35:59.851000+00:00,2025-11-03 07:33:00+00:00,continuous,107571.1,107673.1,107492.9,107525.1,19274109.387799967
2025-11-03 07:38:59.986000+00:00,2025-11-03 07:36:00+00:00,continuous,107525.1,107656.8,107502.8,107555.1,40138552.74580003
2025-11-03 07:41:59.309000+00:00,2025-11-03 07:39:00+00:00,continuous,107555.0,107602.3,107479.0,107525.9,22591121.474799942
2025-11-03 07:44:59.770000+00:00,2025-11-03 07:42:00+00:00,continuous,107525.9,107539.2,107430.5,107430.5,29663046.66099998
2025-11-03 07:47:59.771000+00:00,2025-11-03 07:45:00+00:00,continuous,107430.5,107461.6,107400.0,107422.6,20632174.981500007
2025-11-03 07:50:59.247000+00:00,2025-11-03 07:48:00+00:00,continuous,107422.6,107547.3,107407.4,107504.4,20855384.410299987
2025-11-03 07:53:59.984000+00:00,2025-11-03 07:51:00+00:00,continuous,107504.4,107610.1,107504.3,107581.2,15272400.16
2025-11-03 07:56:59.808000+00:00,2025-11-03 07:54:00+00:00,continuous,107581.3,107630.3,107460.6,107626.3,21841249.182500035
2025-11-03 07:59:59.549000+00:00,2025-11-03 07:57:00+00:00,continuous,107626.2,107650.0,107420.5,107420.5,18997787.747599974
2025-11-03 08:02:59.651000+00:00,2025-11-03 08:00:00+00:00,continuous,107420.6,107492.9,107365.0,107460.0,18934633.755400047
2025-11-03 08:05:59.590000+00:00,2025-11-03 08:03:00+00:00,continuous,107459.9,107543.7,107417.4,107539.3,13629061.541000005
2025-11-03 08:08:59.804000+00:00,2025-11-03 08:06:00+00:00,continuous,107539.4,107595.7,107497.1,107537.5,18625778.771300014
2025-11-03 08:11:59.936000+00:00,2025-11-03 08:09:00+00:00,continuous,107537.6,107662.6,107532.5,107651.0,17917637.21099996
2025-11-03 08:14:59.684000+00:00,2025-11-03 08:12:00+00:00,continuous,107650.9,107677.5,107537.3,107539.2,18808896.937499978
2025-11-03 08:17:59.016000+00:00,2025-11-03 08:15:00+00:00,continuous,107539.3,107542.4,107395.0,107526.9,23367458.098000012
2025-11-03 08:20:59.715000+00:00,2025-11-03 08:18:00+00:00,continuous,107526.8,107530.6,107421.4,107476.8,10588867.214899998
2025-11-03 08:23:59.969000+00:00,2025-11-03 08:21:00+00:00,continuous,107476.8,107476.9,107335.5,107361.7,20857413.77069998
2025-11-03 08:26:59.670000+00:00,2025-11-03 08:24:00+00:00,continuous,107361.8,107368.7,107216.5,107300.3,24291478.923000053
2025-11-03 08:29:59.826000+00:00,2025-11-03 08:27:00+00:00,continuous,107300.3,107300.3,107163.1,107180.7,48898761.265300035
2025-11-03 08:32:59.732000+00:00,2025-11-03 08:30:00+00:00,continuous,107180.7,107247.9,107156.0,107185.9,21598524.263900027
2025-11-03 08:35:59.976000+00:00,2025-11-03 08:33:00+00:00,continuous,107185.9,107263.2,107185.4,107220.0,10985582.960000006
2025-11-03 08:38:59.772000+00:00,2025-11-03 08:36:00+00:00,continuous,107219.9,107263.2,107099.9,107112.9,29835362.810599968
2025-11-03 08:41:59.990000+00:00,2025-11-03 08:39:00+00:00,continuous,107113.0,107146.2,107069.8,107110.0,46560185.28159995
2025-11-03 08:44:59.200000+00:00,2025-11-03 08:42:00+00:00,continuous,107110.0,107221.4,107110.0,107190.0,15936340.224500012
2025-11-03 08:47:59.896000+00:00,2025-11-03 08:45:00+00:00,continuous,107190.1,107204.3,106950.0,107057.6,65697840.270200156
2025-11-03 08:50:59.975000+00:00,2025-11-03 08:48:00+00:00,continuous,107057.6,107347.7,106925.7,107335.1,59916295.08039988
2025-11-03 08:53:59.964000+00:00,2025-11-03 08:51:00+00:00,continuous,107335.1,107555.0,107311.3,107534.9,56512072.32549973
2025-11-03 08:56:59.905000+00:00,2025-11-03 08:54:00+00:00,continuous,107535.0,107536.3,107374.6,107416.0,21664894.344099946
2025-11-03 08:59:59.861000+00:00,2025-11-03 08:57:00+00:00,continuous,107416.0,107558.0,107378.3,107548.6,26393200.500599984
2025-11-03 09:02:59.978000+00:00,2025-11-03 09:00:00+00:00,continuous,107548.5,107683.1,107491.7,107683.0,26403228.4645
2025-11-03 09:05:59.944000+00:00,2025-11-03 09:03:00+00:00,continuous,107683.1,107758.4,107619.3,107748.5,59350727.55809988
2025-11-03 09:08:59.863000+00:00,2025-11-03 09:06:00+00:00,continuous,107748.5,107881.4,107729.7,107804.4,43673759.24010002
2025-11-03 09:11:59.986000+00:00,2025-11-03 09:09:00+00:00,continuous,107804.4,107835.8,107677.7,107785.4,30524373.24819993
2025-11-03 09:14:59.846000+00:00,2025-11-03 09:12:00+00:00,continuous,107785.7,107850.0,107656.7,107759.3,25194999.10219996
2025-11-03 09:17:59.973000+00:00,2025-11-03 09:15:00+00:00,continuous,107759.2,107759.2,107653.8,107686.8,25898708.28070003
2025-11-03 09:20:59.997000+00:00,2025-11-03 09:18:00+00:00,continuous,107686.9,107686.9,107431.5,107492.4,52895200.31360006
2025-11-03 09:23:59.795000+00:00,2025-11-03 09:21:00+00:00,continuous,107492.5,107522.2,107372.1,107383.2,32074306.397799976
2025-11-03 09:26:59.826000+00:00,2025-11-03 09:24:00+00:00,continuous,107383.2,107415.9,107247.9,107347.2,31760480.801700022
2025-11-03 09:29:59.848000+00:00,2025-11-03 09:27:00+00:00,continuous,107347.3,107405.6,107287.3,107333.0,18485934.43419996
2025-11-03 09:32:59.919000+00:00,2025-11-03 09:30:00+00:00,continuous,107333.0,107420.8,107319.5,107337.7,11738368.800800003
2025-11-03 09:35:59.990000+00:00,2025-11-03 09:33:00+00:00,continuous,107337.7,107337.7,107218.4,107264.4,16495756.7772
2025-11-03 09:38:59.968000+00:00,2025-11-03 09:36:00+00:00,continuous,107264.4,107336.9,107199.9,107242.5,11852287.179800035
2025-11-03 09:41:59.389000+00:00,2025-11-03 09:39:00+00:00,continuous,107242.4,107242.5,107149.3,107225.2,20320594.23770005
2025-11-03 09:44:59.851000+00:00,2025-11-03 09:42:00+00:00,continuous,107225.1,107300.1,107184.9,107300.0,13632972.597499996
2025-11-03 09:47:59.937000+00:00,2025-11-03 09:45:00+00:00,continuous,107300.1,107300.1,107212.6,107212.7,9423178.571199998
2025-11-03 09:50:59.931000+00:00,2025-11-03 09:48:00+00:00,continuous,107212.6,107250.0,107151.2,107185.1,10613834.602300005
2025-11-03 09:53:59.836000+00:00,2025-11-03 09:51:00+00:00,continuous,107185.2,107185.2,107029.0,107059.2,29254097.113500033
2025-11-03 09:56:59.968000+00:00,2025-11-03 09:54:00+00:00,continuous,107059.3,107132.0,107040.0,107118.0,12751472.293400016
2025-11-03 09:59:59.966000+00:00,2025-11-03 09:57:00+00:00,continuous,107117.9,107185.9,107090.0,107173.1,12737107.865299998
2025-11-03 10:02:59.950000+00:00,2025-11-03 10:00:00+00:00,continuous,107173.1,107295.3,107156.8,107295.2,20793029.773499984
2025-11-03 10:05:59.466000+00:00,2025-11-03 10:03:00+00:00,continuous,107295.3,107431.0,107256.5,107369.1,30896636.958399974
2025-11-03 10:08:59.760000+00:00,2025-11-03 10:06:00+00:00,continuous,107369.1,107429.5,107321.6,107400.1,12582948.503599972
2025-11-03 10:11:59.825000+00:00,2025-11-03 10:09:00+00:00,continuous,107400.1,107500.0,107400.0,107487.8,20047761.345999964
2025-11-03 10:14:59.775000+00:00,2025-11-03 10:12:00+00:00,continuous,107487.8,107518.4,107403.9,107465.6,13323150.382799998
2025-11-03 10:17:59.544000+00:00,2025-11-03 10:15:00+00:00,continuous,107465.6,107507.8,107451.4,107489.5,9373141.908299979
2025-11-03 10:20:59.894000+00:00,2025-11-03 10:18:00+00:00,continuous,107489.5,107497.8,107444.5,107453.7,6916106.3463
2025-11-03 10:23:59.597000+00:00,2025-11-03 10:21:00+00:00,continuous,107453.7,107508.0,107440.2,107508.0,8785406.054999992
2025-11-03 10:26:59.858000+00:00,2025-11-03 10:24:00+00:00,continuous,107508.0,107556.2,107480.6,107482.7,10078140.726300027
2025-11-03 10:29:59.888000+00:00,2025-11-03 10:27:00+00:00,continuous,107482.8,107577.5,107466.5,107541.2,8994136.215799982
2025-11-03 10:32:59.948000+00:00,2025-11-03 10:30:00+00:00,continuous,107541.1,107541.1,107333.8,107371.0,17234355.839400023
2025-11-03 10:35:59.731000+00:00,2025-11-03 10:33:00+00:00,continuous,107371.0,107371.6,107270.3,107273.5,12315487.548999965
2025-11-03 10:38:59.934000+00:00,2025-11-03 10:36:00+00:00,continuous,107273.6,107394.3,107273.5,107345.4,11542250.565899998
2025-11-03 10:41:59.735000+00:00,2025-11-03 10:39:00+00:00,continuous,107345.3,107354.3,107256.5,107306.5,11710637.71249999
2025-11-03 10:44:59.950000+00:00,2025-11-03 10:42:00+00:00,continuous,107306.4,107306.4,107150.0,107209.7,18428530.318399988
2025-11-03 10:47:59.640000+00:00,2025-11-03 10:45:00+00:00,continuous,107209.6,107229.1,107119.5,107177.8,20352002.22389995
2025-11-03 10:50:59.824000+00:00,2025-11-03 10:48:00+00:00,continuous,107177.8,107288.1,107177.8,107225.6,11511251.94230002
2025-11-03 10:53:59.700000+00:00,2025-11-03 10:51:00+00:00,continuous,107225.7,107281.3,107140.0,107165.9,13934627.79869999
2025-11-03 10:56:59.387000+00:00,2025-11-03 10:54:00+00:00,continuous,107165.9,107224.2,107100.0,107218.4,15899279.152599962
2025-11-03 10:59:59.984000+00:00,2025-11-03 10:57:00+00:00,continuous,107218.3,107224.0,106618.7,106925.9,260769998.7320007
2025-11-03 11:02:59.994000+00:00,2025-11-03 11:00:00+00:00,continuous,106926.0,107209.8,106918.8,107191.5,86218354.96710028
2025-11-03 11:05:59.761000+00:00,2025-11-03 11:03:00+00:00,continuous,107191.2,107400.4,107097.6,107228.1,61842528.3469998
2025-11-03 11:08:59.998000+00:00,2025-11-03 11:06:00+00:00,continuous,107228.2,107448.0,107190.1,107442.5,33549632.405699983
2025-11-03 11:11:59.787000+00:00,2025-11-03 11:09:00+00:00,continuous,107442.6,107537.2,107371.9,107457.7,24030502.514499944
2025-11-03 11:14:59.972000+00:00,2025-11-03 11:12:00+00:00,continuous,107457.7,107545.0,107439.1,107484.9,25437732.16990004
2025-11-03 11:17:59.936000+00:00,2025-11-03 11:15:00+00:00,continuous,107484.9,107775.8,107484.8,107596.5,63818865.69659997
2025-11-03 11:20:59.427000+00:00,2025-11-03 11:18:00+00:00,continuous,107596.5,107687.4,107580.6,107626.8,17270113.7589
2025-11-03 11:23:59.790000+00:00,2025-11-03 11:21:00+00:00,continuous,107626.8,107691.1,107446.4,107452.5,20919691.499099985
2025-11-03 11:26:59.723000+00:00,2025-11-03 11:24:00+00:00,continuous,107452.6,107483.0,107415.9,107456.2,13030024.055399997
2025-11-03 11:29:59.972000+00:00,2025-11-03 11:27:00+00:00,continuous,107456.1,107629.1,107434.2,107595.4,12954506.727000011
2025-11-03 11:32:59.639000+00:00,2025-11-03 11:30:00+00:00,continuous,107595.5,107685.7,107591.3,107652.3,17696791.21560002
2025-11-03 11:35:59.009000+00:00,2025-11-03 11:33:00+00:00,continuous,107652.3,107669.2,107550.0,107563.6,14337181.110899992
2025-11-03 11:38:59.729000+00:00,2025-11-03 11:36:00+00:00,continuous,107563.7,107618.0,107459.4,107597.5,11020841.063700026
2025-11-03 11:41:59.901000+00:00,2025-11-03 11:39:00+00:00,continuous,107597.6,107685.4,107597.5,107609.1,11080297.069599977
2025-11-03 11:44:59.998000+00:00,2025-11-03 11:42:00+00:00,continuous,107609.0,107726.0,107609.0,107687.8,15739783.01329999
2025-11-03 11:47:59.920000+00:00,2025-11-03 11:45:00+00:00,continuous,107687.7,107748.8,107606.9,107740.0,26817408.044600025
2025-11-03 11:50:59.984000+00:00,2025-11-03 11:48:00+00:00,continuous,107740.0,107850.0,107739.1,107766.0,34594080.37679995
2025-11-03 11:53:59.968000+00:00,2025-11-03 11:51:00+00:00,continuous,107766.0,107816.0,107747.3,107815.9,19014316.306900032
2025-11-03 11:56:59.949000+00:00,2025-11-03 11:54:00+00:00,continuous,107815.9,107873.9,107721.8,107739.5,31635792.037899937
2025-11-03 11:59:59.972000+00:00,2025-11-03 11:57:00+00:00,continuous,107739.5,107761.3,107666.8,107737.4,15592313.074399965
2025-11-03 12:02:59.441000+00:00,2025-11-03 12:00:00+00:00,continuous,107737.4,107765.5,107677.4,107741.3,14994723.099899987
2025-11-03 12:05:59.844000+00:00,2025-11-03 12:03:00+00:00,continuous,107741.2,108216.9,107666.0,107759.3,202273698.5613001
2025-11-03 12:08:59.798000+00:00,2025-11-03 12:06:00+00:00,continuous,107759.2,107892.7,107738.8,107798.8,37229901.02219999
2025-11-03 12:11:59.863000+00:00,2025-11-03 12:09:00+00:00,continuous,107798.8,107934.5,107750.0,107899.0,24387134.186199952
2025-11-03 12:14:59.897000+00:00,2025-11-03 12:12:00+00:00,continuous,107899.1,108084.9,107899.0,108016.4,59856105.13690018
2025-11-03 12:17:59.927000+00:00,2025-11-03 12:15:00+00:00,continuous,108016.5,108109.9,108016.5,108083.2,44858816.83649994
2025-11-03 12:20:59.963000+00:00,2025-11-03 12:18:00+00:00,continuous,108083.3,108189.2,108067.5,108115.0,41788426.23219998
2025-11-03 12:23:59.954000+00:00,2025-11-03 12:21:00+00:00,continuous,108115.0,108149.6,108030.2,108087.3,21002504.167500027
2025-11-03 12:26:59.714000+00:00,2025-11-03 12:24:00+00:00,continuous,108087.2,108139.8,108011.1,108100.2,20824538.161699973
2025-11-03 12:29:59.752000+00:00,2025-11-03 12:27:00+00:00,continuous,108100.2,108210.0,108081.6,108203.9,37617259.5296
2025-11-03 12:32:59.975000+00:00,2025-11-03 12:30:00+00:00,continuous,108203.9,108210.0,107980.0,107987.8,30207487.186599985
2025-11-03 12:35:59.783000+00:00,2025-11-03 12:33:00+00:00,continuous,107987.7,108019.5,107924.4,107980.0,22169326.37660004
2025-11-03 12:38:59.814000+00:00,2025-11-03 12:36:00+00:00,continuous,107980.0,107985.7,107812.3,107827.2,46203674.79829987
2025-11-03 12:41:59.952000+00:00,2025-11-03 12:39:00+00:00,continuous,107827.2,107936.1,107827.2,107835.8,16387504.270600004
2025-11-03 12:44:59.955000+00:00,2025-11-03 12:42:00+00:00,continuous,107835.8,107898.8,107782.8,107782.8,13601929.615200013
2025-11-03 12:47:58.876000+00:00,2025-11-03 12:45:00+00:00,continuous,107782.9,107876.1,107751.6,107843.2,17597154.0473
2025-11-03 12:50:59.915000+00:00,2025-11-03 12:48:00+00:00,continuous,107843.2,107924.7,107818.8,107904.7,8459385.44790001
2025-11-03 12:53:59.555000+00:00,2025-11-03 12:51:00+00:00,continuous,107904.8,107913.7,107836.8,107845.3,7557816.435599998
2025-11-03 12:56:59.641000+00:00,2025-11-03 12:54:00+00:00,continuous,107845.3,107845.4,107650.5,107693.5,26870695.974600065
2025-11-03 12:59:59.418000+00:00,2025-11-03 12:57:00+00:00,continuous,107693.5,107740.0,107674.0,107717.2,9054091.54409997
2025-11-03 13:02:59.635000+00:00,2025-11-03 13:00:00+00:00,continuous,107717.1,107728.8,107663.8,107709.9,15533202.3382
2025-11-03 13:05:59.853000+00:00,2025-11-03 13:03:00+00:00,continuous,107709.9,107709.9,107600.0,107605.6,12535651.691300018
2025-11-03 13:08:59.813000+00:00,2025-11-03 13:06:00+00:00,continuous,107605.7,107700.0,107549.8,107626.6,26438376.741899975
2025-11-03 13:11:59.945000+00:00,2025-11-03 13:09:00+00:00,continuous,107626.5,107665.6,107551.0,107560.1,21315572.375799958
2025-11-03 13:14:59.720000+00:00,2025-11-03 13:12:00+00:00,continuous,107560.1,107694.0,107560.1,107639.3,10974365.346599974
2025-11-03 13:17:59.961000+00:00,2025-11-03 13:15:00+00:00,continuous,107639.2,107639.3,107556.4,107600.5,10997084.681200027
2025-11-03 13:20:59.592000+00:00,2025-11-03 13:18:00+00:00,continuous,107600.4,107642.7,107560.0,107572.2,10629219.652100002
2025-11-03 13:23:59.812000+00:00,2025-11-03 13:21:00+00:00,continuous,107572.2,107636.4,107556.5,107636.4,9696140.890799997
2025-11-03 13:26:59.819000+00:00,2025-11-03 13:24:00+00:00,continuous,107636.5,107710.5,107512.0,107534.6,31510690.961599957
2025-11-03 13:29:59.949000+00:00,2025-11-03 13:27:00+00:00,continuous,107534.6,107674.1,107534.6,107646.5,9530888.816700002
2025-11-03 13:32:59.980000+00:00,2025-11-03 13:30:00+00:00,continuous,107646.0,107833.0,107646.0,107822.2,27166664.846100003
2025-11-03 13:35:59.532000+00:00,2025-11-03 13:33:00+00:00,continuous,107822.1,107926.0,107800.0,107829.5,29834720.48770011
2025-11-03 13:38:59.885000+00:00,2025-11-03 13:36:00+00:00,continuous,107829.4,107947.2,107829.4,107936.3,20627328.431900103
2025-11-03 13:41:59.700000+00:00,2025-11-03 13:39:00+00:00,continuous,107936.2,108000.0,107777.6,107805.6,20229836.019099984
2025-11-03 13:44:59.631000+00:00,2025-11-03 13:42:00+00:00,continuous,107805.6,107822.3,107746.1,107813.4,10819624.131300012
2025-11-03 13:47:59.952000+00:00,2025-11-03 13:45:00+00:00,continuous,107813.5,107920.2,107768.1,107811.8,12042640.450900007
2025-11-03 13:50:59.325000+00:00,2025-11-03 13:48:00+00:00,continuous,107811.8,107900.0,107778.4,107856.0,16850185.789999988
2025-11-03 13:53:59.688000+00:00,2025-11-03 13:51:00+00:00,continuous,107855.9,107856.0,107705.3,107808.0,15960220.616200015
2025-11-03 13:56:59.899000+00:00,2025-11-03 13:54:00+00:00,continuous,107808.0,108013.6,107807.9,107909.7,18776722.79400005
2025-11-03 13:59:59.420000+00:00,2025-11-03 13:57:00+00:00,continuous,107909.6,107909.7,107827.1,107855.0,10089637.33840002
2025-11-03 14:02:59.966000+00:00,2025-11-03 14:00:00+00:00,continuous,107855.0,108011.2,107855.0,107950.6,19917943.54390001
2025-11-03 14:05:59.969000+00:00,2025-11-03 14:03:00+00:00,continuous,107950.7,108110.0,107907.8,108084.8,21025137.98200001
2025-11-03 14:08:59.748000+00:00,2025-11-03 14:06:00+00:00,continuous,108084.8,108280.0,108079.5,108134.4,56210785.54689996
2025-11-03 14:11:59.541000+00:00,2025-11-03 14:09:00+00:00,continuous,108134.3,108140.2,107936.3,107986.8,34177661.601300105
2025-11-03 14:14:59.997000+00:00,2025-11-03 14:12:00+00:00,continuous,107986.8,108049.7,107731.3,107791.1,76930502.61569987
2025-11-03 14:17:59.814000+00:00,2025-11-03 14:15:00+00:00,continuous,107801.3,107866.6,107763.5,107812.8,33852105.80029995
2025-11-03 14:20:59.880000+00:00,2025-11-03 14:18:00+00:00,continuous,107812.8,107838.0,107652.9,107652.9,30727376.62050002
2025-11-03 14:23:59.842000+00:00,2025-11-03 14:21:00+00:00,continuous,107652.9,107680.0,107600.1,107624.8,18487508.156599987
2025-11-03 14:26:59.898000+00:00,2025-11-03 14:24:00+00:00,continuous,107624.8,107646.6,107490.6,107640.5,83971620.7769001
2025-11-03 14:29:59.813000+00:00,2025-11-03 14:27:00+00:00,continuous,107640.4,107640.5,107463.4,107499.6,27665929.07719999
2025-11-03 14:32:59.849000+00:00,2025-11-03 14:30:00+00:00,continuous,107499.7,107633.2,107436.8,107457.6,59001562.80079989
2025-11-03 14:35:59.930000+00:00,2025-11-03 14:33:00+00:00,continuous,107457.6,107600.0,107317.6,107414.0,58314267.32559998
2025-11-03 14:38:59.870000+00:00,2025-11-03 14:36:00+00:00,continuous,107413.9,107770.0,107413.9,107734.9,44293196.7043002
2025-11-03 14:41:59.833000+00:00,2025-11-03 14:39:00+00:00,continuous,107734.9,107789.8,107489.4,107510.7,32685023.806699995
2025-11-03 14:44:59.918000+00:00,2025-11-03 14:42:00+00:00,continuous,107510.7,107589.8,107382.7,107572.2,25992929.830999903
2025-11-03 14:47:59.622000+00:00,2025-11-03 14:45:00+00:00,continuous,107572.2,107800.0,107467.2,107755.7,22847887.026499916
2025-11-03 14:50:59.740000+00:00,2025-11-03 14:48:00+00:00,continuous,107755.8,107905.0,107710.0,107801.1,41620762.50900004
2025-11-03 14:53:59.961000+00:00,2025-11-03 14:51:00+00:00,continuous,107801.2,107963.0,107738.5,107901.8,29967270.013299987
2025-11-03 14:56:59.895000+00:00,2025-11-03 14:54:00+00:00,continuous,107901.8,107999.1,107831.7,107974.8,26449082.731700033
2025-11-03 14:59:59.938000+00:00,2025-11-03 14:57:00+00:00,continuous,107974.7,108024.5,107908.8,108016.5,23466810.10479998
2025-11-03 15:02:59.908000+00:00,2025-11-03 15:00:00+00:00,continuous,108016.6,108117.0,107830.3,107840.8,58101467.590999894
2025-11-03 15:05:59.803000+00:00,2025-11-03 15:03:00+00:00,continuous,107840.8,107908.4,107664.4,107689.0,33759539.296500154
2025-11-03 15:08:59.906000+00:00,2025-11-03 15:06:00+00:00,continuous,107689.0,107819.3,107600.0,107808.6,33133323.001100063
2025-11-03 15:11:59.984000+00:00,2025-11-03 15:09:00+00:00,continuous,107808.6,107808.6,107477.7,107568.8,35457036.45930002
2025-11-03 15:14:59.267000+00:00,2025-11-03 15:12:00+00:00,continuous,107568.9,107734.2,107568.9,107592.2,32891027.445800107
2025-11-03 15:17:59.844000+00:00,2025-11-03 15:15:00+00:00,continuous,107592.2,107592.2,107391.1,107427.8,30602910.905900013
2025-11-03 15:20:59.970000+00:00,2025-11-03 15:18:00+00:00,continuous,107427.9,107544.8,107343.5,107350.1,23275629.78180002
2025-11-03 15:23:59.935000+00:00,2025-11-03 15:21:00+00:00,continuous,107350.0,107399.8,107125.7,107260.2,64257855.36869987
2025-11-03 15:26:59.999000+00:00,2025-11-03 15:24:00+00:00,continuous,107260.2,107261.2,106226.8,106417.8,447799857.71540165
2025-11-03 15:29:59.999000+00:00,2025-11-03 15:27:00+00:00,continuous,106398.9,106622.5,105600.0,105926.2,733871398.3460019
2025-11-03 15:32:59.999000+00:00,2025-11-03 15:30:00+00:00,continuous,105925.5,106000.0,105500.0,105632.0,615942620.7103997
2025-11-03 15:35:59.965000+00:00,2025-11-03 15:33:00+00:00,continuous,105632.2,106269.3,105500.0,106192.6,370504386.9938014
2025-11-03 15:38:59.960000+00:00,2025-11-03 15:36:00+00:00,continuous,106192.6,106583.2,106145.5,106341.7,213023522.64519924
2025-11-03 15:41:59.892000+00:00,2025-11-03 15:39:00+00:00,continuous,106341.6,106468.1,106220.4,106221.9,95052202.7420997
2025-11-03 15:44:59.974000+00:00,2025-11-03 15:42:00+00:00,continuous,106222.0,106324.3,105840.1,106063.1,133701823.20439996
2025-11-03 15:47:59.950000+00:00,2025-11-03 15:45:00+00:00,continuous,106063.1,106267.2,105806.4,105847.1,115916065.03490026
2025-11-03 15:50:59.956000+00:00,2025-11-03 15:48:00+00:00,continuous,105847.0,105943.4,105658.9,105868.3,97295401.81690024
2025-11-03 15:53:59.931000+00:00,2025-11-03 15:51:00+00:00,continuous,105868.2,106011.0,105753.9,105806.4,77265287.81760013
2025-11-03 15:56:59.952000+00:00,2025-11-03 15:54:00+00:00,continuous,105806.3,105896.0,105650.0,105842.1,81609860.74829969
2025-11-03 15:59:59.995000+00:00,2025-11-03 15:57:00+00:00,continuous,105842.1,105889.5,105617.3,105718.8,61081409.512599856
2025-11-03 16:02:59.982000+00:00,2025-11-03 16:00:00+00:00,continuous,105718.9,105775.6,105574.0,105600.7,79424663.22349985
2025-11-03 16:05:59.997000+00:00,2025-11-03 16:03:00+00:00,continuous,105600.8,105726.4,105300.0,105688.6,285864967.23349977
2025-11-03 16:08:59.987000+00:00,2025-11-03 16:06:00+00:00,continuous,105688.5,105733.3,105300.0,105355.7,170915265.16400045
2025-11-03 16:11:59.978000+00:00,2025-11-03 16:09:00+00:00,continuous,105355.8,105918.9,105352.7,105839.9,95389274.9816995
2025-11-03 16:14:59.893000+00:00,2025-11-03 16:12:00+00:00,continuous,105839.8,106165.5,105825.6,106045.8,179122820.1979006
2025-11-03 16:17:59.948000+00:00,2025-11-03 16:15:00+00:00,continuous,106045.8,106106.8,105766.4,105948.6,80437538.31350023
2025-11-03 16:20:59.987000+00:00,2025-11-03 16:18:00+00:00,continuous,105948.6,106391.6,105926.4,106108.1,129962800.56520057
2025-11-03 16:23:59.961000+00:00,2025-11-03 16:21:00+00:00,continuous,106108.0,106442.4,106088.1,106411.2,86805358.84259988
2025-11-03 16:26:59.998000+00:00,2025-11-03 16:24:00+00:00,continuous,106411.1,106555.0,106305.6,106551.3,107574892.78110044
2025-11-03 16:29:59.994000+00:00,2025-11-03 16:27:00+00:00,continuous,106551.2,106551.2,106166.6,106328.0,85984039.07079996
2025-11-03 16:32:59.967000+00:00,2025-11-03 16:30:00+00:00,continuous,106328.1,106567.4,106295.8,106505.3,97332505.88219997
2025-11-03 16:35:59.963000+00:00,2025-11-03 16:33:00+00:00,continuous,106505.2,106550.0,106183.7,106210.7,53362589.647499986
2025-11-03 16:38:59.912000+00:00,2025-11-03 16:36:00+00:00,continuous,106210.6,106523.4,106210.6,106415.0,42998067.18610005
2025-11-03 16:41:59.994000+00:00,2025-11-03 16:39:00+00:00,continuous,106415.0,106569.8,106266.0,106569.7,41177854.672700055
2025-11-03 16:44:59.956000+00:00,2025-11-03 16:42:00+00:00,continuous,106569.8,106604.1,106423.4,106452.4,67469111.22929972
2025-11-03 16:47:59.923000+00:00,2025-11-03 16:45:00+00:00,continuous,106452.5,106664.2,106452.5,106474.4,36025898.71520007
2025-11-03 16:50:59.980000+00:00,2025-11-03 16:48:00+00:00,continuous,106474.4,106600.0,106388.0,106600.0,31841668.01789996
2025-11-03 16:53:59.971000+00:00,2025-11-03 16:51:00+00:00,continuous,106599.9,106758.0,106510.8,106539.9,47155648.96619985
2025-11-03 16:56:59.954000+00:00,2025-11-03 16:54:00+00:00,continuous,106539.8,106665.6,106488.1,106665.6,28008273.58620002
2025-11-03 16:59:59.909000+00:00,2025-11-03 16:57:00+00:00,continuous,106666.0,106750.0,106624.2,106644.0,32757186.15969991
2025-11-03 17:02:59.968000+00:00,2025-11-03 17:00:00+00:00,continuous,106644.1,106682.3,106514.8,106600.0,43628739.63470006
2025-11-03 17:05:59.910000+00:00,2025-11-03 17:03:00+00:00,continuous,106600.0,106744.6,106489.5,106683.1,39931419.92140014
2025-11-03 17:08:59.949000+00:00,2025-11-03 17:06:00+00:00,continuous,106683.1,106800.0,106677.8,106772.5,32837914.11209995
2025-11-03 17:11:59.927000+00:00,2025-11-03 17:09:00+00:00,continuous,106772.6,106868.0,106714.2,106828.1,34030599.28749992
2025-11-03 17:14:59.980000+00:00,2025-11-03 17:12:00+00:00,continuous,106828.1,106883.3,106762.2,106796.8,40206632.81009983
2025-11-03 17:17:59.955000+00:00,2025-11-03 17:15:00+00:00,continuous,106796.9,106842.3,106732.5,106812.8,23694982.840299927
2025-11-03 17:20:59.959000+00:00,2025-11-03 17:18:00+00:00,continuous,106812.8,107180.0,106812.8,107158.0,111759303.2652005
2025-11-03 17:23:59.967000+00:00,2025-11-03 17:21:00+00:00,continuous,107157.9,107797.2,107157.9,107270.9,441006937.53200006
2025-11-03 17:26:59.984000+00:00,2025-11-03 17:24:00+00:00,continuous,107270.8,107279.0,107033.0,107107.0,62342258.03079999
2025-11-03 17:29:59.834000+00:00,2025-11-03 17:27:00+00:00,continuous,107107.2,107206.2,107023.3,107045.5,45657616.83070011
2025-11-03 17:32:59.956000+00:00,2025-11-03 17:30:00+00:00,continuous,107045.6,107271.6,107014.5,107261.8,34865412.24370011
2025-11-03 17:35:59.968000+00:00,2025-11-03 17:33:00+00:00,continuous,107261.8,107431.8,107237.7,107312.1,51161211.52640002
2025-11-03 17:38:59.689000+00:00,2025-11-03 17:36:00+00:00,continuous,107312.0,107544.3,107261.8,107534.0,43699189.96660001
2025-11-03 17:41:59.703000+00:00,2025-11-03 17:39:00+00:00,continuous,107534.0,107539.8,107300.0,107308.9,29242891.1220999
2025-11-03 17:44:59.976000+00:00,2025-11-03 17:42:00+00:00,continuous,107308.8,107500.0,107299.8,107416.4,30308452.052000046
2025-11-03 17:47:59.661000+00:00,2025-11-03 17:45:00+00:00,continuous,107416.3,107621.5,107416.3,107593.6,41581321.30980003
2025-11-03 17:50:59.977000+00:00,2025-11-03 17:48:00+00:00,continuous,107593.1,107634.9,107463.9,107469.9,38587905.046599835
2025-11-03 17:53:59.831000+00:00,2025-11-03 17:51:00+00:00,continuous,107469.9,107533.8,107311.6,107397.7,30495260.564899985
2025-11-03 17:56:59.927000+00:00,2025-11-03 17:54:00+00:00,continuous,107397.7,107426.3,107265.1,107326.0,37043202.69990005
2025-11-03 17:59:59.746000+00:00,2025-11-03 17:57:00+00:00,continuous,107326.0,107444.2,107325.9,107433.2,15164217.249400008
2025-11-03 18:02:59.897000+00:00,2025-11-03 18:00:00+00:00,continuous,107433.3,107443.0,107258.8,107392.7,28003439.41680003
2025-11-03 18:05:59.950000+00:00,2025-11-03 18:03:00+00:00,continuous,107392.7,107550.0,107364.0,107381.6,29585251.307099946
2025-11-03 18:08:59.763000+00:00,2025-11-03 18:06:00+00:00,continuous,107381.6,107432.3,107269.8,107413.7,17746139.70079996
2025-11-03 18:11:59.838000+00:00,2025-11-03 18:09:00+00:00,continuous,107413.7,107550.1,107312.0,107314.6,26444064.424399916
2025-11-03 18:14:59.508000+00:00,2025-11-03 18:12:00+00:00,continuous,107314.6,107322.7,107145.0,107172.4,45898389.03780011
2025-11-03 18:17:59.977000+00:00,2025-11-03 18:15:00+00:00,continuous,107172.4,107204.4,107060.3,107146.3,37762930.326500036
2025-11-03 18:20:59.978000+00:00,2025-11-03 18:18:00+00:00,continuous,107146.4,107401.2,107146.3,107343.8,22309605.29720006
2025-11-03 18:23:59.947000+00:00,2025-11-03 18:21:00+00:00,continuous,107343.7,107496.6,107319.3,107389.9,20208768.35100004
2025-11-03 18:26:59.849000+00:00,2025-11-03 18:24:00+00:00,continuous,107389.4,107389.5,107181.5,107229.0,14101544.20619997
2025-11-03 18:29:59.985000+00:00,2025-11-03 18:27:00+00:00,continuous,107228.9,107300.0,107165.1,107210.1,11535925.64970002
2025-11-03 18:32:59.943000+00:00,2025-11-03 18:30:00+00:00,continuous,107210.2,107317.1,107158.5,107313.0,20010574.279400006
2025-11-03 18:35:59.894000+00:00,2025-11-03 18:33:00+00:00,continuous,107313.0,107316.1,107220.0,107273.9,11109953.533499997
2025-11-03 18:38:59.293000+00:00,2025-11-03 18:36:00+00:00,continuous,107273.8,107360.0,107228.2,107238.9,14684284.524299996
2025-11-03 18:41:59.979000+00:00,2025-11-03 18:39:00+00:00,continuous,107238.8,107259.9,106900.0,106944.0,82782093.1097004
2025-11-03 18:44:59.653000+00:00,2025-11-03 18:42:00+00:00,continuous,106944.0,107041.8,106820.0,106853.0,48221237.28009981
2025-11-03 18:47:59.983000+00:00,2025-11-03 18:45:00+00:00,continuous,106853.0,106892.9,106747.5,106888.4,50213513.11289999
2025-11-03 18:50:59.417000+00:00,2025-11-03 18:48:00+00:00,continuous,106888.4,107068.9,106888.3,107038.4,45308502.93919985
2025-11-03 18:53:59.957000+00:00,2025-11-03 18:51:00+00:00,continuous,107038.5,107142.8,107018.2,107065.7,23589800.95590005
2025-11-03 18:56:59.948000+00:00,2025-11-03 18:54:00+00:00,continuous,107065.6,107078.3,106865.0,106959.5,17342916.99650001
2025-11-03 18:59:59.957000+00:00,2025-11-03 18:57:00+00:00,continuous,106959.6,106967.3,106900.0,106905.9,8579387.801600002
2025-11-03 19:02:59.823000+00:00,2025-11-03 19:00:00+00:00,continuous,106905.9,107011.2,106710.7,106720.0,37470470.05450004
2025-11-03 19:05:59.758000+00:00,2025-11-03 19:03:00+00:00,continuous,106720.0,106798.9,106531.6,106557.7,51865752.70189992
2025-11-03 19:08:59.899000+00:00,2025-11-03 19:06:00+00:00,continuous,106557.5,106706.3,106507.8,106521.0,34341378.34120001
2025-11-03 19:11:59.796000+00:00,2025-11-03 19:09:00+00:00,continuous,106521.0,106753.0,106400.0,106650.0,46709606.22409981
2025-11-03 19:14:59.958000+00:00,2025-11-03 19:12:00+00:00,continuous,106650.0,106800.0,106625.1,106753.7,20317718.795499995
2025-11-03 19:17:59.970000+00:00,2025-11-03 19:15:00+00:00,continuous,106753.6,107039.6,106725.6,106803.5,34136907.39590004
2025-11-03 19:20:59.780000+00:00,2025-11-03 19:18:00+00:00,continuous,106803.4,107040.0,106737.0,106992.1,28405300.739400063
2025-11-03 19:23:59.825000+00:00,2025-11-03 19:21:00+00:00,continuous,106992.1,107123.2,106819.6,106861.6,23105710.15199999
2025-11-03 19:26:59.812000+00:00,2025-11-03 19:24:00+00:00,continuous,106861.6,107022.4,106818.1,106997.3,20806548.298300017
2025-11-03 19:29:59.905000+00:00,2025-11-03 19:27:00+00:00,continuous,106997.2,106997.3,106839.5,106893.0,12306085.348200006
2025-11-03 19:32:59.689000+00:00,2025-11-03 19:30:00+00:00,continuous,106893.1,107100.0,106867.7,107007.0,26129142.744300082
2025-11-03 19:35:59.910000+00:00,2025-11-03 19:33:00+00:00,continuous,107006.9,107088.0,106955.7,107083.8,14720610.574899983
2025-11-03 19:38:59.853000+00:00,2025-11-03 19:36:00+00:00,continuous,107083.7,107220.0,107057.1,107204.6,23993765.783900023
2025-11-03 19:41:59.694000+00:00,2025-11-03 19:39:00+00:00,continuous,107204.6,107350.0,107184.3,107190.9,26545785.18779999
2025-11-03 19:44:59.756000+00:00,2025-11-03 19:42:00+00:00,continuous,107190.8,107249.9,107105.4,107219.0,20522444.56679993
2025-11-03 19:47:59.693000+00:00,2025-11-03 19:45:00+00:00,continuous,107219.1,107329.0,107214.2,107263.4,14277273.80519999
2025-11-03 19:50:59.802000+00:00,2025-11-03 19:48:00+00:00,continuous,107263.4,107282.3,107075.3,107091.5,14003735.525400026
2025-11-03 19:53:59.605000+00:00,2025-11-03 19:51:00+00:00,continuous,107091.5,107118.5,106994.6,107118.5,10252758.217900006
2025-11-03 19:56:59.945000+00:00,2025-11-03 19:54:00+00:00,continuous,107118.5,107156.3,107061.3,107152.9,11225219.5787
2025-11-03 19:59:59.652000+00:00,2025-11-03 19:57:00+00:00,continuous,107152.9,107153.1,106979.4,107034.7,12422597.133699995
2025-11-03 20:02:59.908000+00:00,2025-11-03 20:00:00+00:00,continuous,107034.7,107120.0,107005.1,107046.8,11050769.622399991
2025-11-03 20:05:59.401000+00:00,2025-11-03 20:03:00+00:00,continuous,107046.9,107060.0,106912.3,106939.2,15445564.012799954
2025-11-03 20:08:59.920000+00:00,2025-11-03 20:06:00+00:00,continuous,106939.1,106948.4,106716.7,106757.0,36758877.49469989
2025-11-03 20:11:59.819000+00:00,2025-11-03 20:09:00+00:00,continuous,106756.2,106842.7,106724.4,106790.8,20170907.358699992
2025-11-03 20:14:59.846000+00:00,2025-11-03 20:12:00+00:00,continuous,106790.5,106800.1,106656.7,106666.4,16155433.536899986
2025-11-03 20:17:58.739000+00:00,2025-11-03 20:15:00+00:00,continuous,106666.3,106722.0,106585.0,106672.7,20229580.63540009
2025-11-03 20:20:59.664000+00:00,2025-11-03 20:18:00+00:00,continuous,106672.8,106686.8,106568.2,106683.2,28553955.172199894
2025-11-03 20:23:59.889000+00:00,2025-11-03 20:21:00+00:00,continuous,106683.2,106750.0,106650.0,106650.5,12506537.31769995
2025-11-03 20:26:59.720000+00:00,2025-11-03 20:24:00+00:00,continuous,106650.3,106650.4,106461.6,106605.1,31697184.964700006
2025-11-03 20:29:59.658000+00:00,2025-11-03 20:27:00+00:00,continuous,106605.2,106800.0,106529.0,106700.0,19351467.619200066
2025-11-03 20:32:59.837000+00:00,2025-11-03 20:30:00+00:00,continuous,106700.0,107000.0,106695.7,106836.8,25769108.199899998
2025-11-03 20:35:59.587000+00:00,2025-11-03 20:33:00+00:00,continuous,106836.8,106963.1,106763.8,106763.9,13178860.628099991
2025-11-03 20:38:59.690000+00:00,2025-11-03 20:36:00+00:00,continuous,106763.8,106866.6,106712.1,106741.0,9888616.439500017
2025-11-03 20:41:59.821000+00:00,2025-11-03 20:39:00+00:00,continuous,106741.1,106824.4,106686.7,106688.3,11001335.354399992
2025-11-03 20:44:59.976000+00:00,2025-11-03 20:42:00+00:00,continuous,106688.2,106700.8,106567.4,106622.8,15096918.423300054
2025-11-03 20:47:59.784000+00:00,2025-11-03 20:45:00+00:00,continuous,106622.9,106675.9,106433.3,106529.8,26186322.604100037
2025-11-03 20:50:59.934000+00:00,2025-11-03 20:48:00+00:00,continuous,106529.8,106581.5,106411.6,106579.2,39166901.9331001
2025-11-03 20:53:59.993000+00:00,2025-11-03 20:51:00+00:00,continuous,106579.2,106589.2,106337.1,106407.8,28590995.150499944
2025-11-03 20:56:59.999000+00:00,2025-11-03 20:54:00+00:00,continuous,106407.4,106498.0,106337.0,106344.1,28171960.074099995
2025-11-03 20:59:59.871000+00:00,2025-11-03 20:57:00+00:00,continuous,106344.0,106656.9,106259.9,106615.9,35917283.907800004
2025-11-03 21:02:59.934000+00:00,2025-11-03 21:00:00+00:00,continuous,106615.8,107061.3,106564.9,107022.7,53611957.071599916
2025-11-03 21:05:59.976000+00:00,2025-11-03 21:03:00+00:00,continuous,107022.7,107028.1,106764.8,106823.9,40916673.29830029
2025-11-03 21:08:59.819000+00:00,2025-11-03 21:06:00+00:00,continuous,106823.8,106844.8,106681.2,106768.9,19180527.574099973
2025-11-03 21:11:59.758000+00:00,2025-11-03 21:09:00+00:00,continuous,106768.9,106820.3,106570.7,106578.6,17071777.383899987
2025-11-03 21:14:59.906000+00:00,2025-11-03 21:12:00+00:00,continuous,106578.7,106600.5,106503.0,106518.8,19122896.8672
2025-11-03 21:17:59.906000+00:00,2025-11-03 21:15:00+00:00,continuous,106518.7,106556.0,106038.0,106055.5,60247694.7592001
2025-11-03 21:20:59.926000+00:00,2025-11-03 21:18:00+00:00,continuous,106055.4,106441.4,106055.4,106359.0,45939003.697699964
2025-11-03 21:23:59.735000+00:00,2025-11-03 21:21:00+00:00,continuous,106359.0,106753.3,106244.2,106642.6,36700219.612099946
2025-11-03 21:26:59.919000+00:00,2025-11-03 21:24:00+00:00,continuous,106642.6,106642.6,106374.0,106467.6,27398724.647900008
2025-11-03 21:29:59.457000+00:00,2025-11-03 21:27:00+00:00,continuous,106467.7,106631.3,106467.1,106583.3,19116310.606299948
2025-11-03 21:32:59.689000+00:00,2025-11-03 21:30:00+00:00,continuous,106583.3,106660.0,106501.7,106597.7,25194927.55309994
2025-11-03 21:35:59.982000+00:00,2025-11-03 21:33:00+00:00,continuous,106597.7,106839.0,106597.7,106786.8,24394692.85220001
2025-11-03 21:38:59.959000+00:00,2025-11-03 21:36:00+00:00,continuous,106786.9,106919.2,106777.8,106874.1,16519462.554300046
2025-11-03 21:41:59.952000+00:00,2025-11-03 21:39:00+00:00,continuous,106874.2,106884.4,106772.2,106877.9,19183653.86590003
2025-11-03 21:44:59.793000+00:00,2025-11-03 21:42:00+00:00,continuous,106877.9,107007.4,106845.2,106985.1,28707246.385900084
2025-11-03 21:47:59.888000+00:00,2025-11-03 21:45:00+00:00,continuous,106985.0,107012.6,106866.7,106866.7,17508725.808599986
2025-11-03 21:50:59.969000+00:00,2025-11-03 21:48:00+00:00,continuous,106866.7,106948.3,106826.9,106920.1,10136892.12230003
2025-11-03 21:53:59.866000+00:00,2025-11-03 21:51:00+00:00,continuous,106920.1,106982.4,106869.0,106917.9,10522153.553499993
2025-11-03 21:56:59.834000+00:00,2025-11-03 21:54:00+00:00,continuous,106917.7,106956.8,106863.9,106879.7,12323344.090000017
2025-11-03 21:59:59.569000+00:00,2025-11-03 21:57:00+00:00,continuous,106879.6,106879.7,106770.5,106849.3,11919185.188100034
2025-11-03 22:02:59.338000+00:00,2025-11-03 22:00:00+00:00,continuous,106849.3,106849.3,106512.1,106563.5,34848925.75779995
2025-11-03 22:05:59.915000+00:00,2025-11-03 22:03:00+00:00,continuous,106563.5,106650.1,106358.0,106585.1,37619105.24650001
2025-11-03 22:08:59.352000+00:00,2025-11-03 22:06:00+00:00,continuous,106585.1,106595.3,106472.8,106586.1,15843292.575299991
2025-11-03 22:11:59.858000+00:00,2025-11-03 22:09:00+00:00,continuous,106586.1,106636.3,106419.5,106426.9,11654199.784799995
2025-11-03 22:14:59.858000+00:00,2025-11-03 22:12:00+00:00,continuous,106426.9,106482.3,106314.1,106481.8,21692304.36160003
2025-11-03 22:17:59.907000+00:00,2025-11-03 22:15:00+00:00,continuous,106481.9,106560.1,106445.9,106544.9,21187236.357299954
2025-11-03 22:20:59.417000+00:00,2025-11-03 22:18:00+00:00,continuous,106545.0,106545.0,106480.0,106519.0,11795684.866100013
2025-11-03 22:23:59.772000+00:00,2025-11-03 22:21:00+00:00,continuous,106519.0,106574.2,106225.4,106360.1,31786755.876000028
2025-11-03 22:26:59.819000+00:00,2025-11-03 22:24:00+00:00,continuous,106360.0,106387.4,106162.5,106162.5,16485546.328099996
2025-11-03 22:29:59.958000+00:00,2025-11-03 22:27:00+00:00,continuous,106162.6,106229.1,106100.0,106133.6,17401530.464299988
2025-11-03 22:32:59.694000+00:00,2025-11-03 22:30:00+00:00,continuous,106133.5,106133.5,105750.1,105976.9,88839325.15099992
2025-11-03 22:35:59.401000+00:00,2025-11-03 22:33:00+00:00,continuous,105976.9,106272.5,105956.9,106124.8,33660137.620799944
2025-11-03 22:38:59.976000+00:00,2025-11-03 22:36:00+00:00,continuous,106124.8,106421.0,106124.7,106372.3,28654568.73659997
2025-11-03 22:41:59.668000+00:00,2025-11-03 22:39:00+00:00,continuous,106372.2,106381.0,106229.1,106313.5,18194273.278999936
2025-11-03 22:44:59.583000+00:00,2025-11-03 22:42:00+00:00,continuous,106313.5,106368.8,106297.0,106335.0,7149073.064699997
2025-11-03 22:47:59.620000+00:00,2025-11-03 22:45:00+00:00,continuous,106335.0,106500.0,106324.2,106443.6,14478246.436800024
2025-11-03 22:50:59.701000+00:00,2025-11-03 22:48:00+00:00,continuous,106443.5,106592.4,106442.0,106584.5,13399098.374800002
2025-11-03 22:53:58.975000+00:00,2025-11-03 22:51:00+00:00,continuous,106584.5,106584.5,106405.5,106476.1,23409127.87470003
2025-11-03 22:56:59.174000+00:00,2025-11-03 22:54:00+00:00,continuous,106476.1,106476.1,106275.9,106291.4,8494650.1505
2025-11-03 22:59:59.996000+00:00,2025-11-03 22:57:00+00:00,continuous,106291.5,106441.6,106291.4,106441.6,4001554.8537000045
2025-11-03 23:02:59.892000+00:00,2025-11-03 23:00:00+00:00,continuous,106441.6,106441.6,106000.0,106000.0,17749976.1123
2025-11-03 23:05:59.581000+00:00,2025-11-03 23:03:00+00:00,continuous,106000.1,106107.7,105984.3,106107.7,18438519.5984
2025-11-03 23:08:59.869000+00:00,2025-11-03 23:06:00+00:00,continuous,106107.8,106184.2,106107.7,106120.6,15284486.624899969
2025-11-03 23:11:59.848000+00:00,2025-11-03 23:09:00+00:00,continuous,106120.7,106242.6,106120.6,106216.1,12400320.557299986
2025-11-03 23:14:59.058000+00:00,2025-11-03 23:12:00+00:00,continuous,106216.0,106292.2,106201.0,106201.0,7499459.7336999895
2025-11-03 23:17:59.876000+00:00,2025-11-03 23:15:00+00:00,continuous,106201.0,106306.0,106200.0,106306.0,8726517.079499992
2025-11-03 23:20:59.847000+00:00,2025-11-03 23:18:00+00:00,continuous,106306.0,106341.7,106265.1,106341.7,6822808.0763999885
2025-11-03 23:23:59.821000+00:00,2025-11-03 23:21:00+00:00,continuous,106341.7,106503.8,106300.6,106360.0,25853354.357800044
2025-11-03 23:26:59.667000+00:00,2025-11-03 23:24:00+00:00,continuous,106360.1,106496.3,106360.0,106453.5,9377202.907100024
2025-11-03 23:29:59.953000+00:00,2025-11-03 23:27:00+00:00,continuous,106453.6,106482.8,106399.6,106399.6,7608057.909200005
2025-11-03 23:32:59.801000+00:00,2025-11-03 23:30:00+00:00,continuous,106399.4,106497.1,106374.4,106416.9,8375502.620699995
2025-11-03 23:35:59.928000+00:00,2025-11-03 23:33:00+00:00,continuous,106416.9,106610.2,106416.8,106556.6,16486741.891399985
2025-11-03 23:38:59.629000+00:00,2025-11-03 23:36:00+00:00,continuous,106556.6,106620.2,106517.6,106605.3,8032891.170900006
2025-11-03 23:41:59.895000+00:00,2025-11-03 23:39:00+00:00,continuous,106605.4,106716.6,106581.3,106615.9,24558695.813200016
2025-11-03 23:44:59.586000+00:00,2025-11-03 23:42:00+00:00,continuous,106615.9,106647.4,106545.3,106575.7,15921561.907900015
2025-11-03 23:47:59.600000+00:00,2025-11-03 23:45:00+00:00,continuous,106575.7,106626.8,106468.1,106486.1,14127598.682000017
2025-11-03 23:50:59.740000+00:00,2025-11-03 23:48:00+00:00,continuous,106486.1,106507.2,106434.0,106463.2,9975585.8155
2025-11-03 23:53:59.993000+00:00,2025-11-03 23:51:00+00:00,continuous,106463.2,106531.6,106418.6,106466.7,8261993.654299981
2025-11-03 23:56:59.538000+00:00,2025-11-03 23:54:00+00:00,continuous,106466.7,106587.4,106466.6,106587.4,11053265.675000006
2025-11-03 23:59:59.857000+00:00,2025-11-03 23:57:00+00:00,continuous,106587.4,106601.0,106517.4,106544.0,9335842.538600003
2025-11-04 00:02:59.808000+00:00,2025-11-04 00:00:00+00:00,continuous,106544.0,106591.1,106378.0,106405.7,22540107.708500013
2025-11-04 00:05:59.633000+00:00,2025-11-04 00:03:00+00:00,continuous,106405.5,106537.9,106376.5,106426.9,24727936.11839999
2025-11-04 00:08:59.891000+00:00,2025-11-04 00:06:00+00:00,continuous,106426.8,106534.9,106426.7,106441.2,18283221.68859996
2025-11-04 00:11:59.820000+00:00,2025-11-04 00:09:00+00:00,continuous,106440.9,106441.0,106288.1,106390.0,22026308.35330004
2025-11-04 00:14:59.899000+00:00,2025-11-04 00:12:00+00:00,continuous,106390.0,106390.0,106255.0,106280.9,12708296.747900018
2025-11-04 00:17:59.497000+00:00,2025-11-04 00:15:00+00:00,continuous,106280.8,106326.4,106068.0,106234.4,41643688.993200056
2025-11-04 00:20:59.380000+00:00,2025-11-04 00:18:00+00:00,continuous,106234.3,106326.9,106220.0,106227.8,25230103.30500011
2025-11-04 00:23:59.851000+00:00,2025-11-04 00:21:00+00:00,continuous,106227.7,106227.8,106000.1,106029.9,24391633.294099968
2025-11-04 00:26:59.638000+00:00,2025-11-04 00:24:00+00:00,continuous,106029.9,106069.5,105957.4,105971.6,30003259.62340001
2025-11-04 00:29:59.765000+00:00,2025-11-04 00:27:00+00:00,continuous,105971.5,105971.5,105820.0,105820.0,46506077.99389987
2025-11-04 00:32:59.973000+00:00,2025-11-04 00:30:00+00:00,continuous,105820.0,106042.7,105820.0,105914.0,40103541.75370007
2025-11-04 00:35:59.731000+00:00,2025-11-04 00:33:00+00:00,continuous,105914.0,106285.6,105914.0,106258.6,49221098.698099986
2025-11-04 00:38:59.875000+00:00,2025-11-04 00:36:00+00:00,continuous,106258.5,106754.0,106258.5,106733.6,86058245.85280003
2025-11-04 00:41:59.929000+00:00,2025-11-04 00:39:00+00:00,continuous,106733.5,106760.0,106581.0,106581.0,40620280.95229995
2025-11-04 00:44:59.840000+00:00,2025-11-04 00:42:00+00:00,continuous,106580.9,106777.0,106580.9,106689.8,19688863.54479999
2025-11-04 00:47:59.212000+00:00,2025-11-04 00:45:00+00:00,continuous,106689.8,106689.9,106571.8,106576.7,15362884.837499995
2025-11-04 00:50:59.950000+00:00,2025-11-04 00:48:00+00:00,continuous,106576.7,106624.9,106483.3,106483.8,15653796.042300003
2025-11-04 00:53:59.628000+00:00,2025-11-04 00:51:00+00:00,continuous,106483.8,106542.4,106452.0,106523.5,18544360.184299998
2025-11-04 00:56:59.713000+00:00,2025-11-04 00:54:00+00:00,continuous,106523.5,106552.9,106261.3,106280.4,27746317.454100013
2025-11-04 00:59:59.958000+00:00,2025-11-04 00:57:00+00:00,continuous,106280.4,106443.1,106280.4,106428.8,12594969.973800002
2025-11-04 01:02:59.739000+00:00,2025-11-04 01:00:00+00:00,continuous,106428.9,106553.2,106424.7,106518.4,19946309.88870011
2025-11-04 01:05:59.955000+00:00,2025-11-04 01:03:00+00:00,continuous,106518.3,106556.0,106224.0,106270.9,21625976.75380002
2025-11-04 01:08:58.965000+00:00,2025-11-04 01:06:00+00:00,continuous,106270.9,106589.8,106270.9,106448.4,22016360.307199992
2025-11-04 01:11:59.993000+00:00,2025-11-04 01:09:00+00:00,continuous,106448.4,106607.7,106424.6,106600.0,16378407.694499992
2025-11-04 01:14:59.617000+00:00,2025-11-04 01:12:00+00:00,continuous,106599.9,106664.9,106529.6,106552.5,16344903.244300006
2025-11-04 01:17:59.894000+00:00,2025-11-04 01:15:00+00:00,continuous,106552.5,106617.0,106503.8,106503.8,9351575.390800009
2025-11-04 01:20:59.981000+00:00,2025-11-04 01:18:00+00:00,continuous,106503.8,106822.8,106477.0,106817.7,39606517.11450002
2025-11-04 01:23:59.931000+00:00,2025-11-04 01:21:00+00:00,continuous,106817.7,107150.0,106816.5,107049.2,131927049.66210034
2025-11-04 01:26:59.482000+00:00,2025-11-04 01:24:00+00:00,continuous,107049.3,107150.0,106842.5,106851.7,59070555.53870002
2025-11-04 01:29:59.981000+00:00,2025-11-04 01:27:00+00:00,continuous,106851.7,106870.0,106785.0,106864.9,30365360.57429998
2025-11-04 01:32:59.849000+00:00,2025-11-04 01:30:00+00:00,continuous,106865.0,107033.5,106862.8,106959.4,54693365.036900125
2025-11-04 01:35:59.927000+00:00,2025-11-04 01:33:00+00:00,continuous,106959.3,107065.4,106911.2,107012.1,20297381.641999982
2025-11-04 01:38:59.979000+00:00,2025-11-04 01:36:00+00:00,continuous,107012.2,107199.8,106978.7,107169.2,24308365.169700015
2025-11-04 01:41:59.784000+00:00,2025-11-04 01:39:00+00:00,continuous,107169.1,107271.9,107080.3,107101.4,39596953.78089997
2025-11-04 01:44:59.312000+00:00,2025-11-04 01:42:00+00:00,continuous,107101.3,107152.1,107073.5,107083.5,14617670.131800009
2025-11-04 01:47:59.936000+00:00,2025-11-04 01:45:00+00:00,continuous,107083.6,107110.6,106981.5,106981.5,20782445.35709999
2025-11-04 01:50:59.917000+00:00,2025-11-04 01:48:00+00:00,continuous,106981.5,106991.6,106796.0,106811.5,29493443.10879997
2025-11-04 01:53:59.045000+00:00,2025-11-04 01:51:00+00:00,continuous,106811.5,106844.0,106627.1,106837.8,45778538.90170008
2025-11-04 01:56:59.728000+00:00,2025-11-04 01:54:00+00:00,continuous,106837.7,107043.0,106827.6,107028.6,28525039.714099992
2025-11-04 01:59:59.842000+00:00,2025-11-04 01:57:00+00:00,continuous,107028.5,107107.5,106991.0,106991.0,17109929.637399998
2025-11-04 02:02:59.956000+00:00,2025-11-04 02:00:00+00:00,continuous,106990.9,106990.9,106784.8,106794.3,23247051.177999984
2025-11-04 02:05:59.862000+00:00,2025-11-04 02:03:00+00:00,continuous,106794.4,106817.4,106687.5,106703.8,17491222.013299976
2025-11-04 02:08:59.701000+00:00,2025-11-04 02:06:00+00:00,continuous,106703.8,106844.6,106679.4,106839.2,16413690.752399972
2025-11-04 02:11:59.659000+00:00,2025-11-04 02:09:00+00:00,continuous,106839.2,106887.2,106785.9,106886.9,21128409.165699948
2025-11-04 02:14:59.569000+00:00,2025-11-04 02:12:00+00:00,continuous,106886.9,106960.0,106874.4,106874.5,22079627.04689998
2025-11-04 02:17:59.001000+00:00,2025-11-04 02:15:00+00:00,continuous,106874.5,106920.8,106787.0,106919.8,20907693.4743
2025-11-04 02:20:59.716000+00:00,2025-11-04 02:18:00+00:00,continuous,106919.8,107097.3,106914.7,107061.2,34228747.7195
2025-11-04 02:23:59.770000+00:00,2025-11-04 02:21:00+00:00,continuous,107061.3,107150.0,107022.8,107116.2,21367279.50680003
2025-11-04 02:26:59.764000+00:00,2025-11-04 02:24:00+00:00,continuous,107116.3,107183.5,107062.9,107117.2,26165743.957200047
2025-11-04 02:29:59.918000+00:00,2025-11-04 02:27:00+00:00,continuous,107117.2,107192.2,106876.1,106893.9,42157952.56349988
2025-11-04 02:32:59.798000+00:00,2025-11-04 02:30:00+00:00,continuous,106893.9,106965.6,106820.0,106907.4,22966239.68110008
2025-11-04 02:35:59.747000+00:00,2025-11-04 02:33:00+00:00,continuous,106907.4,106917.6,106819.9,106914.7,17775085.44929994
2025-11-04 02:38:59.922000+00:00,2025-11-04 02:36:00+00:00,continuous,106914.8,106968.5,106800.1,106894.2,31904553.55619994
2025-11-04 02:41:59.938000+00:00,2025-11-04 02:39:00+00:00,continuous,106894.2,106961.3,106756.9,106757.0,40986590.540999986
2025-11-04 02:44:59.920000+00:00,2025-11-04 02:42:00+00:00,continuous,106756.9,106757.0,106614.2,106713.6,25002905.017000005
2025-11-04 02:47:59.862000+00:00,2025-11-04 02:45:00+00:00,continuous,106713.6,106713.6,106404.8,106469.0,61730980.73069992
2025-11-04 02:50:59.609000+00:00,2025-11-04 02:48:00+00:00,continuous,106469.0,106553.0,106424.9,106504.5,36173912.28280013
2025-11-04 02:53:59.780000+00:00,2025-11-04 02:51:00+00:00,continuous,106504.5,106573.9,106416.4,106516.9,26863514.003300052
2025-11-04 02:56:59.441000+00:00,2025-11-04 02:54:00+00:00,continuous,106516.9,106570.3,106460.0,106558.7,29086253.425200038
2025-11-04 02:59:59.622000+00:00,2025-11-04 02:57:00+00:00,continuous,106558.7,106558.7,106431.6,106438.0,13500928.253899978
2025-11-04 03:02:59.879000+00:00,2025-11-04 03:00:00+00:00,continuous,106438.0,106594.1,106430.0,106443.1,21618272.794399932
2025-11-04 03:05:59.994000+00:00,2025-11-04 03:03:00+00:00,continuous,106443.0,106476.3,106314.2,106314.3,27713881.98980005
2025-11-04 03:08:59.904000+00:00,2025-11-04 03:06:00+00:00,continuous,106314.2,106398.6,106150.0,106394.3,58067903.883000076
2025-11-04 03:11:59.992000+00:00,2025-11-04 03:09:00+00:00,continuous,106394.3,106571.0,106371.7,106554.2,27697278.175400097
2025-11-04 03:14:59.967000+00:00,2025-11-04 03:12:00+00:00,continuous,106554.1,106906.8,106554.1,106874.0,36111349.45309994
2025-11-04 03:17:59.895000+00:00,2025-11-04 03:15:00+00:00,continuous,106874.1,106992.0,106813.6,106905.1,46974722.05519991
2025-11-04 03:20:59.852000+00:00,2025-11-04 03:18:00+00:00,continuous,106904.9,106980.0,106765.3,106765.4,20345515.67849999
2025-11-04 03:23:59.617000+00:00,2025-11-04 03:21:00+00:00,continuous,106765.4,106832.7,106700.0,106816.0,14519841.732199982
2025-11-04 03:26:59.981000+00:00,2025-11-04 03:24:00+00:00,continuous,106816.1,106950.0,106781.9,106862.0,20914037.26989997
2025-11-04 03:29:59.665000+00:00,2025-11-04 03:27:00+00:00,continuous,106862.1,106950.6,106862.1,106917.9,9128802.685199993
2025-11-04 03:32:59.852000+00:00,2025-11-04 03:30:00+00:00,continuous,106918.0,106918.0,106785.7,106796.7,11006752.160400027
2025-11-04 03:35:59.899000+00:00,2025-11-04 03:33:00+00:00,continuous,106796.8,107097.9,106796.8,107074.0,37118624.77959985
2025-11-04 03:38:59.964000+00:00,2025-11-04 03:36:00+00:00,continuous,107074.0,107122.5,106970.7,107061.7,25629549.00319996
2025-11-04 03:41:59.780000+00:00,2025-11-04 03:39:00+00:00,continuous,107061.8,107113.7,107036.5,107090.2,24067349.069899995
2025-11-04 03:44:59.960000+00:00,2025-11-04 03:42:00+00:00,continuous,107090.2,107172.8,107075.7,107114.4,26001078.80620006
2025-11-04 03:47:59.786000+00:00,2025-11-04 03:45:00+00:00,continuous,107114.4,107128.5,107002.7,107040.7,32008828.11540002
2025-11-04 03:50:59.622000+00:00,2025-11-04 03:48:00+00:00,continuous,107040.7,107063.0,106965.9,107043.5,17570684.86569999
2025-11-04 03:53:59.800000+00:00,2025-11-04 03:51:00+00:00,continuous,107043.4,107077.7,106960.4,107061.2,15276370.722700005
2025-11-04 03:56:59.400000+00:00,2025-11-04 03:54:00+00:00,continuous,107061.3,107132.1,107058.3,107102.5,16118717.08549999
2025-11-04 03:59:59.855000+00:00,2025-11-04 03:57:00+00:00,continuous,107102.5,107192.2,107097.1,107097.2,17832143.91539997
2025-11-04 04:02:59.853000+00:00,2025-11-04 04:00:00+00:00,continuous,107097.1,107245.8,107094.9,107094.9,38029940.67110002
2025-11-04 04:05:59.825000+00:00,2025-11-04 04:03:00+00:00,continuous,107094.8,107247.8,107092.0,107228.1,22832107.671799976
2025-11-04 04:08:59.957000+00:00,2025-11-04 04:06:00+00:00,continuous,107228.0,107228.1,107065.4,107139.9,23769556.467500035
2025-11-04 04:11:59.937000+00:00,2025-11-04 04:09:00+00:00,continuous,107139.9,107200.0,107084.3,107167.5,13249258.723599993
2025-11-04 04:14:59.617000+00:00,2025-11-04 04:12:00+00:00,continuous,107167.4,107167.4,107050.6,107144.1,12845270.14670002
2025-11-04 04:17:59.720000+00:00,2025-11-04 04:15:00+00:00,continuous,107144.2,107144.2,106935.2,107008.0,15742808.157400014
2025-11-04 04:20:59.835000+00:00,2025-11-04 04:18:00+00:00,continuous,107008.0,107053.0,106951.8,106972.7,13532649.874099959
2025-11-04 04:23:59.948000+00:00,2025-11-04 04:21:00+00:00,continuous,106972.6,107083.8,106950.0,107023.1,14828500.524299936
2025-11-04 04:26:59.789000+00:00,2025-11-04 04:24:00+00:00,continuous,107023.1,107023.1,106863.4,106905.3,10806762.524100004
2025-11-04 04:29:58.717000+00:00,2025-11-04 04:27:00+00:00,continuous,106905.3,106949.1,106850.6,106884.7,14498761.5645
2025-11-04 04:32:58.999000+00:00,2025-11-04 04:30:00+00:00,continuous,106884.7,106959.9,106842.9,106916.0,14509690.747699983
2025-11-04 04:35:58.926000+00:00,2025-11-04 04:33:00+00:00,continuous,106916.0,107000.0,106834.0,106834.0,14019110.615799956
2025-11-04 04:38:59.987000+00:00,2025-11-04 04:36:00+00:00,continuous,106834.1,106852.8,106733.8,106800.2,20545180.606999982
2025-11-04 04:41:58.585000+00:00,2025-11-04 04:39:00+00:00,continuous,106800.1,106892.3,106728.5,106845.4,13539709.854800012
2025-11-04 04:44:59.875000+00:00,2025-11-04 04:42:00+00:00,continuous,106845.4,106883.4,106793.6,106793.6,12057053.634099964
2025-11-04 04:47:59.682000+00:00,2025-11-04 04:45:00+00:00,continuous,106793.6,106845.4,106716.7,106716.7,12095343.235200005
2025-11-04 04:50:59.807000+00:00,2025-11-04 04:48:00+00:00,continuous,106716.8,106768.8,106659.2,106733.3,16035925.908499954
2025-11-04 04:53:57.192000+00:00,2025-11-04 04:51:00+00:00,continuous,106733.3,106834.2,106700.0,106758.7,9452076.106700033
2025-11-04 04:56:59.886000+00:00,2025-11-04 04:54:00+00:00,continuous,106758.7,106768.4,106669.2,106679.2,15737121.264199952
2025-11-04 04:59:59.873000+00:00,2025-11-04 04:57:00+00:00,continuous,106679.1,106742.8,106673.9,106702.8,6302518.9865
2025-11-04 05:02:59.600000+00:00,2025-11-04 05:00:00+00:00,continuous,106702.7,106702.8,106560.4,106606.7,35319343.12760006
2025-11-04 05:05:59.977000+00:00,2025-11-04 05:03:00+00:00,continuous,106606.7,106629.8,106440.0,106465.5,28947741.79800002
2025-11-04 05:08:59.958000+00:00,2025-11-04 05:06:00+00:00,continuous,106465.5,106540.5,106435.4,106463.8,26531920.328100014
2025-11-04 05:11:59.622000+00:00,2025-11-04 05:09:00+00:00,continuous,106463.9,106670.2,106463.9,106613.2,21279390.212400008
2025-11-04 05:14:59.857000+00:00,2025-11-04 05:12:00+00:00,continuous,106613.2,106625.5,106512.0,106540.6,9993796.199399972
2025-11-04 05:17:59.938000+00:00,2025-11-04 05:15:00+00:00,continuous,106540.6,106559.7,106224.9,106275.0,43538788.41000001
2025-11-04 05:20:59.963000+00:00,2025-11-04 05:18:00+00:00,continuous,106274.9,106315.4,106016.3,106152.3,76799510.97169966
2025-11-04 05:23:59.964000+00:00,2025-11-04 05:21:00+00:00,continuous,106151.8,106217.6,105864.7,105917.3,101245379.09730019
2025-11-04 05:26:59.900000+00:00,2025-11-04 05:24:00+00:00,continuous,105917.3,105920.4,105532.3,105590.3,155078121.00300023
2025-11-04 05:29:59.911000+00:00,2025-11-04 05:27:00+00:00,continuous,105590.3,105746.3,105395.7,105612.6,113563134.04440027
2025-11-04 05:32:59.988000+00:00,2025-11-04 05:30:00+00:00,continuous,105612.7,105620.9,105289.8,105366.6,141607401.11140022
2025-11-04 05:35:59.937000+00:00,2025-11-04 05:33:00+00:00,continuous,105366.5,105488.1,105287.5,105329.8,74316843.10289991
2025-11-04 05:38:59.991000+00:00,2025-11-04 05:36:00+00:00,continuous,105329.9,105450.0,105315.3,105378.1,86405717.36170031
2025-11-04 05:41:59.956000+00:00,2025-11-04 05:39:00+00:00,continuous,105377.2,105435.7,105119.9,105127.5,136775256.52430055
2025-11-04 05:44:59.886000+00:00,2025-11-04 05:42:00+00:00,continuous,105127.6,105185.8,104880.0,104885.5,220997085.018
2025-11-04 05:47:59.881000+00:00,2025-11-04 05:45:00+00:00,continuous,104885.5,105027.1,104600.0,104843.1,256933113.92980206
2025-11-04 05:50:59.998000+00:00,2025-11-04 05:48:00+00:00,continuous,104843.1,104843.1,104397.4,104649.0,221698658.69220147
2025-11-04 05:53:59.989000+00:00,2025-11-04 05:51:00+00:00,continuous,104649.0,104663.5,104360.0,104438.4,86336821.76969934
2025-11-04 05:56:59.995000+00:00,2025-11-04 05:54:00+00:00,continuous,104438.3,104563.2,104147.2,104173.4,143340152.10019916
2025-11-04 05:59:59.950000+00:00,2025-11-04 05:57:00+00:00,continuous,104173.5,104300.0,104131.8,104164.3,100480603.63579999
2025-11-04 06:02:59.986000+00:00,2025-11-04 06:00:00+00:00,continuous,104164.2,104661.2,104125.3,104489.5,263804949.94330168
2025-11-04 06:05:59.907000+00:00,2025-11-04 06:03:00+00:00,continuous,104489.6,104630.1,104350.0,104367.8,116275292.55679975
2025-11-04 06:08:59.988000+00:00,2025-11-04 06:06:00+00:00,continuous,104367.8,104426.8,104137.3,104157.2,74353896.48369974
2025-11-04 06:11:59.915000+00:00,2025-11-04 06:09:00+00:00,continuous,104157.1,104544.4,104135.1,104483.6,62605766.95070009
2025-11-04 06:14:59.946000+00:00,2025-11-04 06:12:00+00:00,continuous,104483.6,104851.2,104380.6,104850.0,84716405.08729996
2025-11-04 06:17:59.972000+00:00,2025-11-04 06:15:00+00:00,continuous,104849.9,105190.0,104783.4,105131.3,145094240.06150037
2025-11-04 06:20:59.975000+00:00,2025-11-04 06:18:00+00:00,continuous,105131.4,105149.9,104823.6,104945.0,69787460.76929998
2025-11-04 06:23:59.834000+00:00,2025-11-04 06:21:00+00:00,continuous,104945.1,105071.8,104708.3,104733.2,41411518.59940009
2025-11-04 06:26:59.996000+00:00,2025-11-04 06:24:00+00:00,continuous,104733.1,104838.0,104667.0,104837.9,44293634.753800005
2025-11-04 06:29:59.699000+00:00,2025-11-04 06:27:00+00:00,continuous,104837.9,104952.1,104799.0,104934.4,38666803.256
2025-11-04 06:32:59.937000+00:00,2025-11-04 06:30:00+00:00,continuous,104934.3,104941.3,104680.5,104903.0,35007482.4233999
2025-11-04 06:35:59.843000+00:00,2025-11-04 06:33:00+00:00,continuous,104902.9,104946.3,104630.7,104659.6,33467572.0530999
2025-11-04 06:38:59.934000+00:00,2025-11-04 06:36:00+00:00,continuous,104659.7,104699.2,104466.0,104533.9,43604494.32419996
2025-11-04 06:41:59.739000+00:00,2025-11-04 06:39:00+00:00,continuous,104534.0,104580.7,104433.4,104580.7,32219928.050400056
2025-11-04 06:44:59.986000+00:00,2025-11-04 06:42:00+00:00,continuous,104580.7,104598.4,104482.8,104482.8,29384865.602799967
2025-11-04 06:47:59.748000+00:00,2025-11-04 06:45:00+00:00,continuous,104482.7,104635.5,104480.0,104611.1,31123959.658800047
2025-11-04 06:50:59.895000+00:00,2025-11-04 06:48:00+00:00,continuous,104611.0,104709.5,104468.1,104684.6,36208690.99099998
2025-11-04 06:53:59.557000+00:00,2025-11-04 06:51:00+00:00,continuous,104684.6,104712.3,104554.5,104664.6,25538936.14119993
2025-11-04 06:56:59.911000+00:00,2025-11-04 06:54:00+00:00,continuous,104664.6,104684.8,104514.6,104608.9,20367086.322699945
2025-11-04 06:59:59.984000+00:00,2025-11-04 06:57:00+00:00,continuous,104608.9,104748.1,104549.7,104702.4,33797118.054399945
2025-11-04 07:02:59.834000+00:00,2025-11-04 07:00:00+00:00,continuous,104702.4,104900.0,104657.4,104740.3,69372238.26829988
2025-11-04 07:05:59.955000+00:00,2025-11-04 07:03:00+00:00,continuous,104740.4,104740.4,104435.8,104510.7,53521919.68009978
2025-11-04 07:08:59.741000+00:00,2025-11-04 07:06:00+00:00,continuous,104510.6,104662.2,104452.5,104519.7,55461762.36110022
2025-11-04 07:11:59.915000+00:00,2025-11-04 07:09:00+00:00,continuous,104519.7,104588.1,104444.0,104479.0,31806226.5519999
2025-11-04 07:14:59.985000+00:00,2025-11-04 07:12:00+00:00,continuous,104479.0,104548.6,104350.0,104394.1,42964380.07289993
2025-11-04 07:17:59.982000+00:00,2025-11-04 07:15:00+00:00,continuous,104394.1,104664.4,104334.2,104555.4,48991291.46980002
2025-11-04 07:20:59.995000+00:00,2025-11-04 07:18:00+00:00,continuous,104555.0,104650.0,104514.5,104589.2,27932882.19879988
2025-11-04 07:23:59.968000+00:00,2025-11-04 07:21:00+00:00,continuous,104588.8,104620.0,104466.5,104486.1,23774267.50960003
2025-11-04 07:26:58.983000+00:00,2025-11-04 07:24:00+00:00,continuous,104486.2,104654.6,104475.0,104502.9,16781578.68819997
2025-11-04 07:29:59.714000+00:00,2025-11-04 07:27:00+00:00,continuous,104502.9,104517.6,104274.3,104328.3,33847152.4387
2025-11-04 07:32:59.648000+00:00,2025-11-04 07:30:00+00:00,continuous,104328.3,104513.8,104328.2,104513.7,26208485.832099915
2025-11-04 07:35:59.840000+00:00,2025-11-04 07:33:00+00:00,continuous,104513.7,104576.4,104459.9,104560.0,15866528.678300025
2025-11-04 07:38:59.971000+00:00,2025-11-04 07:36:00+00:00,continuous,104559.9,104639.9,104488.2,104555.0,20482516.28280001
2025-11-04 07:41:59.914000+00:00,2025-11-04 07:39:00+00:00,continuous,104555.0,104703.0,104536.0,104557.0,42107733.06039993
2025-11-04 07:44:59.948000+00:00,2025-11-04 07:42:00+00:00,continuous,104557.0,104559.2,104274.2,104339.1,35687093.67719993
2025-11-04 07:47:59.455000+00:00,2025-11-04 07:45:00+00:00,continuous,104339.1,104464.1,104332.8,104402.2,25106780.541100085
2025-11-04 07:50:59.905000+00:00,2025-11-04 07:48:00+00:00,continuous,104402.2,104424.7,104279.6,104384.8,23196463.652399946
2025-11-04 07:53:59.893000+00:00,2025-11-04 07:51:00+00:00,continuous,104384.8,104536.2,104384.7,104519.7,23393540.766899988
2025-11-04 07:56:59.950000+00:00,2025-11-04 07:54:00+00:00,continuous,104519.8,104556.8,104410.1,104546.9,55209322.88970005
2025-11-04 07:59:59.863000+00:00,2025-11-04 07:57:00+00:00,continuous,104547.0,104547.0,104433.6,104442.9,9355075.03479997
2025-11-04 08:02:59.924000+00:00,2025-11-04 08:00:00+00:00,continuous,104442.9,104500.0,104290.0,104352.7,26436891.63740007
2025-11-04 08:05:59.876000+00:00,2025-11-04 08:03:00+00:00,continuous,104352.8,104352.8,104105.0,104135.1,44695648.775700025
2025-11-04 08:08:59.973000+00:00,2025-11-04 08:06:00+00:00,continuous,104135.1,104232.1,104000.0,104021.6,106719219.45199965
2025-11-04 08:11:59.892000+00:00,2025-11-04 08:09:00+00:00,continuous,104021.5,104213.2,104000.0,104090.1,76469125.5764997
2025-11-04 08:14:59.962000+00:00,2025-11-04 08:12:00+00:00,continuous,104090.0,104214.0,103800.0,103832.7,187416810.47480083
2025-11-04 08:17:59.912000+00:00,2025-11-04 08:15:00+00:00,continuous,103832.6,103965.7,103714.9,103786.3,136688968.96449992
2025-11-04 08:20:59.960000+00:00,2025-11-04 08:18:00+00:00,continuous,103786.2,103992.4,103700.2,103971.0,74314274.06919968
2025-11-04 08:23:59.874000+00:00,2025-11-04 08:21:00+00:00,continuous,103971.1,104408.0,103961.4,104379.6,105253278.49339974
2025-11-04 08:26:59.619000+00:00,2025-11-04 08:24:00+00:00,continuous,104379.6,104457.6,104141.8,104166.1,42178494.51709993
2025-11-04 08:29:59.714000+00:00,2025-11-04 08:27:00+00:00,continuous,104166.1,104232.0,104108.9,104167.5,29401034.238100052
2025-11-04 08:32:59.851000+00:00,2025-11-04 08:30:00+00:00,continuous,104167.5,104525.6,104160.1,104480.1,57405390.497099884
2025-11-04 08:35:59.810000+00:00,2025-11-04 08:33:00+00:00,continuous,104480.0,104536.8,104386.9,104489.3,39524214.15829995
2025-11-04 08:38:59.772000+00:00,2025-11-04 08:36:00+00:00,continuous,104489.3,104591.7,104447.3,104492.8,49166161.80210006
2025-11-04 08:41:59.567000+00:00,2025-11-04 08:39:00+00:00,continuous,104492.8,104495.1,104421.1,104455.2,24900979.173100024
2025-11-04 08:44:59.806000+00:00,2025-11-04 08:42:00+00:00,continuous,104455.2,104500.0,104370.0,104403.4,23350640.53350006
2025-11-04 08:47:59.790000+00:00,2025-11-04 08:45:00+00:00,continuous,104403.5,104438.3,104021.8,104207.5,56083691.16360009
2025-11-04 08:50:59.980000+00:00,2025-11-04 08:48:00+00:00,continuous,104207.5,104243.0,104073.3,104073.5,19511141.925799996
2025-11-04 08:53:59.905000+00:00,2025-11-04 08:51:00+00:00,continuous,104073.6,104104.0,103911.2,104006.1,36761282.67220008
2025-11-04 08:56:59.938000+00:00,2025-11-04 08:54:00+00:00,continuous,104006.1,104062.9,103937.0,104035.0,28652096.284900002
2025-11-04 08:59:59.957000+00:00,2025-11-04 08:57:00+00:00,continuous,104034.9,104098.0,103988.0,104018.4,19512135.33420004
2025-11-04 09:02:59.917000+00:00,2025-11-04 09:00:00+00:00,continuous,104018.5,104047.5,103910.5,103910.5,36383672.755099945
2025-11-04 09:05:59.950000+00:00,2025-11-04 09:03:00+00:00,continuous,103910.5,103979.4,103826.3,103873.6,33189291.603399888
2025-11-04 09:08:59.937000+00:00,2025-11-04 09:06:00+00:00,continuous,103873.6,104047.7,103731.9,103733.1,45367949.75839988
2025-11-04 09:11:59.911000+00:00,2025-11-04 09:09:00+00:00,continuous,103733.0,103900.1,103733.0,103853.3,39240335.22010003
2025-11-04 09:14:59.920000+00:00,2025-11-04 09:12:00+00:00,continuous,103853.3,103894.4,103643.6,103796.4,52342598.42380014
2025-11-04 09:17:59.969000+00:00,2025-11-04 09:15:00+00:00,continuous,103796.5,104005.3,103722.8,103972.3,36290531.19480012
2025-11-04 09:20:59.911000+00:00,2025-11-04 09:18:00+00:00,continuous,103972.2,103975.8,103795.6,103906.8,29269000.781799998
2025-11-04 09:23:59.894000+00:00,2025-11-04 09:21:00+00:00,continuous,103906.7,103921.1,103658.9,103744.6,30017560.4354002
2025-11-04 09:26:59.981000+00:00,2025-11-04 09:24:00+00:00,continuous,103744.6,103808.0,103621.8,103767.1,36471902.71219999
2025-11-04 09:29:59.840000+00:00,2025-11-04 09:27:00+00:00,continuous,103767.0,103980.7,103767.0,103849.3,37124476.6043001
2025-11-04 09:32:59.990000+00:00,2025-11-04 09:30:00+00:00,continuous,103849.2,104125.5,103798.2,104023.2,57231302.465499975
2025-11-04 09:35:59.991000+00:00,2025-11-04 09:33:00+00:00,continuous,104023.3,104101.9,103888.0,103888.0,33885359.9283999
2025-11-04 09:38:59.938000+00:00,2025-11-04 09:36:00+00:00,continuous,103888.1,104071.0,103745.1,104003.3,23796418.97539997
2025-11-04 09:41:59.906000+00:00,2025-11-04 09:39:00+00:00,continuous,104003.3,104041.5,103914.9,103955.3,15504362.531699989
2025-11-04 09:44:59.618000+00:00,2025-11-04 09:42:00+00:00,continuous,103955.2,103997.5,103834.6,103850.1,13728592.634600004
2025-11-04 09:47:59.815000+00:00,2025-11-04 09:45:00+00:00,continuous,103850.1,103927.5,103813.0,103855.3,25267162.631299976
2025-11-04 09:50:59.944000+00:00,2025-11-04 09:48:00+00:00,continuous,103855.2,103954.7,103789.4,103941.7,21956662.608600046
2025-11-04 09:53:59.922000+00:00,2025-11-04 09:51:00+00:00,continuous,103941.6,103941.7,103709.0,103711.6,28352164.720800083
2025-11-04 09:56:59.876000+00:00,2025-11-04 09:54:00+00:00,continuous,103711.5,103737.4,103600.0,103737.4,45658361.23550006
2025-11-04 09:59:59.879000+00:00,2025-11-04 09:57:00+00:00,continuous,103737.3,103943.9,103737.3,103822.3,27404592.75489996
2025-11-04 10:02:59.917000+00:00,2025-11-04 10:00:00+00:00,continuous,103822.4,103848.3,103645.9,103693.1,35489311.03570005
2025-11-04 10:05:59.723000+00:00,2025-11-04 10:03:00+00:00,continuous,103693.1,103787.1,103622.0,103709.9,31533243.059
2025-11-04 10:08:59.681000+00:00,2025-11-04 10:06:00+00:00,continuous,103709.9,103800.0,103694.9,103729.5,24207869.84670006
2025-11-04 10:11:59.988000+00:00,2025-11-04 10:09:00+00:00,continuous,103729.5,103799.9,103661.3,103738.9,20758481.962800015
2025-11-04 10:14:59.700000+00:00,2025-11-04 10:12:00+00:00,continuous,103739.4,103826.9,103633.6,103650.1,25701784.37319997
2025-11-04 10:17:59.547000+00:00,2025-11-04 10:15:00+00:00,continuous,103650.2,103872.6,103650.1,103730.1,30477984.329999957
2025-11-04 10:20:59.953000+00:00,2025-11-04 10:18:00+00:00,continuous,103730.0,103799.9,103689.6,103690.1,15798339.295399994
2025-11-04 10:23:59.783000+00:00,2025-11-04 10:21:00+00:00,continuous,103690.1,103800.0,103660.0,103670.1,19113332.87310001
2025-11-04 10:26:59.915000+00:00,2025-11-04 10:24:00+00:00,continuous,103670.0,103783.4,103605.1,103751.1,34731412.257200055
2025-11-04 10:29:59.953000+00:00,2025-11-04 10:27:00+00:00,continuous,103751.1,103805.2,103656.0,103704.6,29256577.076600052
2025-11-04 10:32:59.926000+00:00,2025-11-04 10:30:00+00:00,continuous,103704.6,103774.0,103678.1,103697.9,20276179.32860006
2025-11-04 10:35:59.605000+00:00,2025-11-04 10:33:00+00:00,continuous,103697.9,103854.0,103697.8,103744.3,23878262.83799997
2025-11-04 10:38:59.961000+00:00,2025-11-04 10:36:00+00:00,continuous,103744.3,103762.5,103550.0,103762.2,61204007.27250016
2025-11-04 10:41:59.950000+00:00,2025-11-04 10:39:00+00:00,continuous,103762.3,104051.4,103762.3,103909.0,68427446.52720019
2025-11-04 10:44:59.591000+00:00,2025-11-04 10:42:00+00:00,continuous,103909.0,104096.1,103764.8,103810.0,49258360.87939992
2025-11-04 10:47:59.789000+00:00,2025-11-04 10:45:00+00:00,continuous,103809.9,103831.6,103713.9,103748.6,23382251.597999997
2025-11-04 10:50:59.740000+00:00,2025-11-04 10:48:00+00:00,continuous,103748.7,103775.2,103602.0,103632.5,57655891.67149994
2025-11-04 10:53:59.983000+00:00,2025-11-04 10:51:00+00:00,continuous,103632.5,103802.6,103565.1,103745.7,63032272.4749001
2025-11-04 10:56:59.975000+00:00,2025-11-04 10:54:00+00:00,continuous,103745.8,103777.0,103611.0,103678.2,23797316.764500033
2025-11-04 10:59:59.792000+00:00,2025-11-04 10:57:00+00:00,continuous,103678.6,103831.1,103678.6,103787.0,26961646.25879998
2025-11-04 11:02:59.867000+00:00,2025-11-04 11:00:00+00:00,continuous,103787.0,103936.3,103731.2,103905.2,31597319.261099953
2025-11-04 11:05:59.877000+00:00,2025-11-04 11:03:00+00:00,continuous,103905.2,103937.8,103863.2,103918.1,25314671.470199946
2025-11-04 11:08:59.943000+00:00,2025-11-04 11:06:00+00:00,continuous,103918.1,104146.7,103914.6,104087.1,59039414.55409991
2025-11-04 11:11:59.971000+00:00,2025-11-04 11:09:00+00:00,continuous,104087.1,104217.0,104060.1,104145.1,33318271.769299995
2025-11-04 11:14:59.939000+00:00,2025-11-04 11:12:00+00:00,continuous,104145.2,104180.0,104073.0,104156.2,39013247.89260004
2025-11-04 11:17:59.683000+00:00,2025-11-04 11:15:00+00:00,continuous,104156.2,104198.3,104083.5,104196.9,28805526.75599999
2025-11-04 11:20:59.960000+00:00,2025-11-04 11:18:00+00:00,continuous,104196.9,104408.0,104196.9,104379.9,81963574.87760006
2025-11-04 11:23:59.982000+00:00,2025-11-04 11:21:00+00:00,continuous,104379.9,104433.6,104217.9,104291.1,44686743.86210005
2025-11-04 11:26:59.872000+00:00,2025-11-04 11:24:00+00:00,continuous,104291.2,104365.5,104229.8,104234.9,25829822.67499988
2025-11-04 11:29:59.298000+00:00,2025-11-04 11:27:00+00:00,continuous,104235.0,104319.1,104227.0,104254.7,18073426.0533
2025-11-04 11:32:59.809000+00:00,2025-11-04 11:30:00+00:00,continuous,104254.6,104330.0,104220.5,104322.1,19505292.98030001
2025-11-04 11:35:59.663000+00:00,2025-11-04 11:33:00+00:00,continuous,104322.1,104500.0,104322.0,104432.9,47692772.06110012
2025-11-04 11:38:59.929000+00:00,2025-11-04 11:36:00+00:00,continuous,104433.0,104588.0,104433.0,104539.9,33376311.93910003
2025-11-04 11:41:59.739000+00:00,2025-11-04 11:39:00+00:00,continuous,104539.9,104656.0,104443.9,104481.0,80783385.5265
2025-11-04 11:44:59.912000+00:00,2025-11-04 11:42:00+00:00,continuous,104481.0,104561.2,104478.2,104554.9,24030327.146900095
2025-11-04 11:47:59.885000+00:00,2025-11-04 11:45:00+00:00,continuous,104554.9,104589.0,104465.6,104537.9,17227965.65429998
2025-11-04 11:50:59.919000+00:00,2025-11-04 11:48:00+00:00,continuous,104537.8,104545.8,104412.9,104412.9,18114805.6563
2025-11-04 11:53:59.939000+00:00,2025-11-04 11:51:00+00:00,continuous,104413.0,104534.7,104412.8,104475.2,21156163.91240007
2025-11-04 11:56:59.994000+00:00,2025-11-04 11:54:00+00:00,continuous,104475.2,104557.5,104475.2,104537.7,13460564.61279998
2025-11-04 11:59:59.648000+00:00,2025-11-04 11:57:00+00:00,continuous,104537.1,104576.0,104451.6,104530.7,12630869.04069999
2025-11-04 12:02:59.826000+00:00,2025-11-04 12:00:00+00:00,continuous,104530.7,104569.6,104434.7,104568.9,22800396.18880001
2025-11-04 12:05:59.683000+00:00,2025-11-04 12:03:00+00:00,continuous,104568.9,104589.6,104501.0,104562.8,18417162.347099926
2025-11-04 12:08:59.909000+00:00,2025-11-04 12:06:00+00:00,continuous,104562.9,104596.4,104400.1,104466.4,34266998.67259997
2025-11-04 12:11:59.731000+00:00,2025-11-04 12:09:00+00:00,continuous,104466.4,104479.9,104322.4,104346.2,38095244.322600015
2025-11-04 12:14:59.756000+00:00,2025-11-04 12:12:00+00:00,continuous,104346.2,104364.2,104235.9,104298.3,52060946.596699834
2025-11-04 12:17:59.977000+00:00,2025-11-04 12:15:00+00:00,continuous,104298.3,104298.4,104126.7,104180.9,49649149.0995
2025-11-04 12:20:59.810000+00:00,2025-11-04 12:18:00+00:00,continuous,104180.8,104273.6,104086.0,104230.3,39506285.24760002
2025-11-04 12:23:59.997000+00:00,2025-11-04 12:21:00+00:00,continuous,104230.3,104275.5,104100.0,104112.2,18344988.556999985
2025-11-04 12:26:59.815000+00:00,2025-11-04 12:24:00+00:00,continuous,104112.0,104115.1,103822.0,103992.9,130095965.12980019
2025-11-04 12:29:59.926000+00:00,2025-11-04 12:27:00+00:00,continuous,103993.0,104125.2,103992.9,104070.5,30918425.25269987
2025-11-04 12:32:59.924000+00:00,2025-11-04 12:30:00+00:00,continuous,104070.4,104072.4,103896.2,103896.2,23132465.163799938
2025-11-04 12:35:59.969000+00:00,2025-11-04 12:33:00+00:00,continuous,103896.3,103992.4,103866.4,103866.5,21475193.563699935
2025-11-04 12:38:59.997000+00:00,2025-11-04 12:36:00+00:00,continuous,103866.4,103892.0,103777.0,103867.5,36899199.9736
2025-11-04 12:41:59.925000+00:00,2025-11-04 12:39:00+00:00,continuous,103867.4,104034.2,103830.0,104028.8,23474293.654200003
2025-11-04 12:44:59.998000+00:00,2025-11-04 12:42:00+00:00,continuous,104028.9,104036.7,103959.8,103995.1,11879437.809700001
2025-11-04 12:47:59.846000+00:00,2025-11-04 12:45:00+00:00,continuous,103995.0,104009.0,103849.0,103939.3,23137127.241300013
2025-11-04 12:50:59.643000+00:00,2025-11-04 12:48:00+00:00,continuous,103939.4,104029.0,103939.3,103971.4,13972702.59330003
2025-11-04 12:53:59.749000+00:00,2025-11-04 12:51:00+00:00,continuous,103971.5,104021.5,103892.0,103938.3,15843314.413699977
2025-11-04 12:56:59.786000+00:00,2025-11-04 12:54:00+00:00,continuous,103938.2,104010.0,103912.6,103917.7,13012523.708399994
2025-11-04 12:59:59.794000+00:00,2025-11-04 12:57:00+00:00,continuous,103917.7,103962.3,103887.8,103907.3,16827538.563899986
2025-11-04 13:02:59.893000+00:00,2025-11-04 13:00:00+00:00,continuous,103907.3,104044.4,103831.0,103831.1,24678689.10149993
2025-11-04 13:05:59.897000+00:00,2025-11-04 13:03:00+00:00,continuous,103831.1,103930.8,103771.7,103775.3,19214762.72920003
2025-11-04 13:08:59.644000+00:00,2025-11-04 13:06:00+00:00,continuous,103775.4,103842.5,103730.2,103770.8,29770055.58890003
2025-11-04 13:11:59.640000+00:00,2025-11-04 13:09:00+00:00,continuous,103770.9,103842.0,103666.9,103841.9,28322681.90620012
2025-11-04 13:14:59.629000+00:00,2025-11-04 13:12:00+00:00,continuous,103842.0,103921.8,103791.7,103794.0,15400387.958599985
2025-11-04 13:17:59.963000+00:00,2025-11-04 13:15:00+00:00,continuous,103793.8,103875.2,103760.7,103837.6,15945709.595500037
2025-11-04 13:20:59.984000+00:00,2025-11-04 13:18:00+00:00,continuous,103837.7,103933.8,103822.1,103849.5,20046234.32390003
2025-11-04 13:23:59.945000+00:00,2025-11-04 13:21:00+00:00,continuous,103849.5,103854.8,103771.1,103844.6,16012498.080899986
2025-11-04 13:26:59.968000+00:00,2025-11-04 13:24:00+00:00,continuous,103844.7,103896.7,103550.6,103608.7,72216017.49089997
2025-11-04 13:29:59.857000+00:00,2025-11-04 13:27:00+00:00,continuous,103608.7,103684.8,103513.2,103639.1,52673703.94040002
2025-11-04 13:32:59.888000+00:00,2025-11-04 13:30:00+00:00,continuous,103639.2,103740.7,103607.3,103728.7,38149922.250199914
2025-11-04 13:35:59.964000+00:00,2025-11-04 13:33:00+00:00,continuous,103728.8,104046.4,103728.7,103955.7,61769412.960199825
2025-11-04 13:38:59.975000+00:00,2025-11-04 13:36:00+00:00,continuous,103955.7,104134.6,103934.0,104038.4,39859086.49720009
2025-11-04 13:41:59.648000+00:00,2025-11-04 13:39:00+00:00,continuous,104038.5,104157.5,103979.5,104097.4,46216242.288199976
2025-11-04 13:44:59.843000+00:00,2025-11-04 13:42:00+00:00,continuous,104097.5,104191.0,104053.8,104139.4,44208229.038500026
2025-11-04 13:47:59.999000+00:00,2025-11-04 13:45:00+00:00,continuous,104139.4,104139.4,103936.4,104049.1,33273239.89180005
2025-11-04 13:50:59.982000+00:00,2025-11-04 13:48:00+00:00,continuous,104049.0,104080.0,103820.7,103897.9,26447077.0373999
2025-11-04 13:53:59.825000+00:00,2025-11-04 13:51:00+00:00,continuous,103897.9,104007.5,103894.4,103970.4,12116870.41099999
2025-11-04 13:56:59.909000+00:00,2025-11-04 13:54:00+00:00,continuous,103970.4,104003.6,103939.2,103954.6,12525869.364599992
2025-11-04 13:59:59.224000+00:00,2025-11-04 13:57:00+00:00,continuous,103954.6,103954.6,103861.4,103870.0,15084314.157999974
2025-11-04 14:02:59.863000+00:00,2025-11-04 14:00:00+00:00,continuous,103870.1,103874.8,103660.7,103688.9,35164536.35570001
2025-11-04 14:05:59.940000+00:00,2025-11-04 14:03:00+00:00,continuous,103688.9,103872.7,103660.3,103829.7,26609589.86239998
2025-11-04 14:08:59.998000+00:00,2025-11-04 14:06:00+00:00,continuous,103829.7,103977.7,103773.9,103966.0,35639048.288099915
2025-11-04 14:11:59.941000+00:00,2025-11-04 14:09:00+00:00,continuous,103965.9,103999.0,103871.6,103987.2,18862322.87130002
2025-11-04 14:14:59.866000+00:00,2025-11-04 14:12:00+00:00,continuous,103987.3,103987.3,103848.1,103848.1,16159223.661699982
2025-11-04 14:17:59.758000+00:00,2025-11-04 14:15:00+00:00,continuous,103848.1,103868.5,103782.1,103841.7,16897522.213399995
2025-11-04 14:20:59.667000+00:00,2025-11-04 14:18:00+00:00,continuous,103841.4,103930.6,103705.8,103806.3,29522121.51629998
2025-11-04 14:23:59.929000+00:00,2025-11-04 14:21:00+00:00,continuous,103806.3,103917.1,103751.3,103867.6,16919947.23619999
2025-11-04 14:26:59.894000+00:00,2025-11-04 14:24:00+00:00,continuous,103867.5,103867.6,103716.0,103745.3,23975589.49729999
2025-11-04 14:29:59.986000+00:00,2025-11-04 14:27:00+00:00,continuous,103745.2,103751.4,103653.6,103733.0,22748359.57709997
2025-11-04 14:32:59.917000+00:00,2025-11-04 14:30:00+00:00,continuous,103733.1,103784.5,103287.3,103481.5,205201711.77679816
2025-11-04 14:35:59.951000+00:00,2025-11-04 14:33:00+00:00,continuous,103481.5,103530.4,103224.2,103420.5,178560562.67649975
2025-11-04 14:38:59.997000+00:00,2025-11-04 14:36:00+00:00,continuous,103420.4,103420.4,102870.0,102968.2,355944435.99410117
2025-11-04 14:41:59.939000+00:00,2025-11-04 14:39:00+00:00,continuous,102968.4,103650.0,102945.9,103605.2,182824428.96639988
2025-11-04 14:44:59.880000+00:00,2025-11-04 14:42:00+00:00,continuous,103605.1,103930.2,103554.0,103886.4,195822102.90080068
2025-11-04 14:47:59.921000+00:00,2025-11-04 14:45:00+00:00,continuous,103886.4,104185.7,103781.0,103958.0,137147141.56560075
2025-11-04 14:50:59.924000+00:00,2025-11-04 14:48:00+00:00,continuous,103957.9,104294.4,103931.0,104024.9,111016147.07350065
2025-11-04 14:53:59.909000+00:00,2025-11-04 14:51:00+00:00,continuous,104024.8,104470.0,104024.8,104434.5,208059118.2484002
2025-11-04 14:56:59.911000+00:00,2025-11-04 14:54:00+00:00,continuous,104434.5,104651.2,104418.8,104532.9,135839620.91639987
2025-11-04 14:59:59.886000+00:00,2025-11-04 14:57:00+00:00,continuous,104532.9,104533.0,104345.0,104458.4,81704756.27669942
2025-11-04 15:02:59.964000+00:00,2025-11-04 15:00:00+00:00,continuous,104458.4,104800.0,104420.1,104690.6,147561913.59520018
2025-11-04 15:05:59.969000+00:00,2025-11-04 15:03:00+00:00,continuous,104690.5,104748.6,104461.8,104580.0,87471749.82850048
2025-11-04 15:08:59.979000+00:00,2025-11-04 15:06:00+00:00,continuous,104580.0,104580.1,104205.1,104229.0,92525631.2513996
2025-11-04 15:11:59.939000+00:00,2025-11-04 15:09:00+00:00,continuous,104228.9,104440.8,104081.0,104395.3,81255803.2339004
2025-11-04 15:14:59.864000+00:00,2025-11-04 15:12:00+00:00,continuous,104395.4,104484.5,104010.3,104038.9,58291738.571499914
2025-11-04 15:17:59.996000+00:00,2025-11-04 15:15:00+00:00,continuous,104038.9,104332.1,104038.9,104193.0,50087861.04819972
2025-11-04 15:20:59.983000+00:00,2025-11-04 15:18:00+00:00,continuous,104192.9,104743.0,104178.9,104632.1,110134509.90799993
2025-11-04 15:23:59.995000+00:00,2025-11-04 15:21:00+00:00,continuous,104632.0,104694.1,104464.8,104654.1,56876730.40150007
2025-11-04 15:26:59.915000+00:00,2025-11-04 15:24:00+00:00,continuous,104654.0,104800.0,104588.0,104721.3,57156940.720699824
2025-11-04 15:29:59.264000+00:00,2025-11-04 15:27:00+00:00,continuous,104721.2,104721.2,104346.5,104420.1,39117288.8769001
2025-11-04 15:32:59.900000+00:00,2025-11-04 15:30:00+00:00,continuous,104420.1,104420.1,104173.1,104186.9,50831346.65190001
2025-11-04 15:35:59.930000+00:00,2025-11-04 15:33:00+00:00,continuous,104187.0,104329.4,104100.2,104287.1,34786033.27980005
2025-11-04 15:38:59.992000+00:00,2025-11-04 15:36:00+00:00,continuous,104287.1,104361.2,104090.6,104204.5,43758301.20179997
2025-11-04 15:41:59.999000+00:00,2025-11-04 15:39:00+00:00,continuous,104204.6,104288.7,104073.0,104079.3,30125806.397599965
2025-11-04 15:44:59.838000+00:00,2025-11-04 15:42:00+00:00,continuous,104079.3,104138.3,103921.8,104078.9,79497760.04819998
2025-11-04 15:47:59.916000+00:00,2025-11-04 15:45:00+00:00,continuous,104078.9,104078.9,103700.0,103700.1,109759509.60449998
2025-11-04 15:50:59.961000+00:00,2025-11-04 15:48:00+00:00,continuous,103700.0,103760.0,103599.0,103619.6,79050428.74429977
2025-11-04 15:53:59.954000+00:00,2025-11-04 15:51:00+00:00,continuous,103619.5,103688.1,103227.0,103380.0,133201819.86159973
2025-11-04 15:56:59.893000+00:00,2025-11-04 15:54:00+00:00,continuous,103380.0,103570.2,103300.0,103350.1,69084672.30779997
2025-11-04 15:59:59.920000+00:00,2025-11-04 15:57:00+00:00,continuous,103350.0,103442.8,103136.3,103157.7,65362838.22209985
2025-11-04 16:02:59.893000+00:00,2025-11-04 16:00:00+00:00,continuous,103157.7,103474.1,103151.9,103240.9,83106112.66049968
2025-11-04 16:05:59.989000+00:00,2025-11-04 16:03:00+00:00,continuous,103241.0,103367.4,103122.0,103122.0,65526261.98890022
2025-11-04 16:08:59.999000+00:00,2025-11-04 16:06:00+00:00,continuous,103122.1,103342.8,103017.0,103200.0,80711762.97850022
2025-11-04 16:11:59.999000+00:00,2025-11-04 16:09:00+00:00,continuous,103199.6,103254.3,103000.0,103035.9,58821643.96190012
2025-11-04 16:14:59.978000+00:00,2025-11-04 16:12:00+00:00,continuous,103035.9,103288.4,102942.2,103039.5,71710418.02129984
2025-11-04 16:17:59.930000+00:00,2025-11-04 16:15:00+00:00,continuous,103039.6,103164.9,102939.9,103004.1,51489294.116099894
2025-11-04 16:20:59.941000+00:00,2025-11-04 16:18:00+00:00,continuous,103004.0,103004.1,102520.9,102585.5,235096508.68809915
2025-11-04 16:23:59.919000+00:00,2025-11-04 16:21:00+00:00,continuous,102585.5,102703.1,102456.0,102621.0,163299387.82890034
2025-11-04 16:26:59.801000+00:00,2025-11-04 16:24:00+00:00,continuous,102620.9,102902.1,102473.0,102623.5,132481498.9323002
2025-11-04 16:29:59.977000+00:00,2025-11-04 16:27:00+00:00,continuous,102623.5,102841.1,102613.1,102701.4,72372399.33410013
2025-11-04 16:32:59.872000+00:00,2025-11-04 16:30:00+00:00,continuous,102701.3,103000.0,102627.8,102761.7,128965074.22589998
2025-11-04 16:35:59.900000+00:00,2025-11-04 16:33:00+00:00,continuous,102761.7,102777.4,102532.0,102662.3,66059327.19159985
2025-11-04 16:38:59.720000+00:00,2025-11-04 16:36:00+00:00,continuous,102662.3,102820.9,102564.4,102619.5,43490962.59710002
2025-11-04 16:41:59.933000+00:00,2025-11-04 16:39:00+00:00,continuous,102619.5,102888.0,102558.5,102871.8,70892881.27919991
2025-11-04 16:44:59.983000+00:00,2025-11-04 16:42:00+00:00,continuous,102871.8,102871.8,102588.3,102627.9,52943919.63489987
2025-11-04 16:47:59.964000+00:00,2025-11-04 16:45:00+00:00,continuous,102628.0,102751.7,102430.2,102674.0,87752740.18759967
2025-11-04 16:50:59.871000+00:00,2025-11-04 16:48:00+00:00,continuous,102674.0,102706.2,102385.0,102510.0,88355739.2182001
2025-11-04 16:53:59.969000+00:00,2025-11-04 16:51:00+00:00,continuous,102509.9,102510.0,102167.2,102438.8,198447579.21439874
2025-11-04 16:56:59.963000+00:00,2025-11-04 16:54:00+00:00,continuous,102438.7,102554.9,102245.9,102282.4,78699655.78999998
2025-11-04 16:59:59.994000+00:00,2025-11-04 16:57:00+00:00,continuous,102282.3,102304.4,102110.0,102227.4,77058876.8158002
2025-11-04 17:02:59.998000+00:00,2025-11-04 17:00:00+00:00,continuous,102227.3,102227.3,101809.0,101871.5,278965703.0098007
2025-11-04 17:05:59.909000+00:00,2025-11-04 17:03:00+00:00,continuous,101871.1,101927.1,101555.0,101735.0,219502736.73890063
2025-11-04 17:08:59.950000+00:00,2025-11-04 17:06:00+00:00,continuous,101734.9,101974.0,101500.0,101514.6,161090735.17580095
2025-11-04 17:11:59.930000+00:00,2025-11-04 17:09:00+00:00,continuous,101514.5,101575.5,101214.2,101485.2,272204116.555501
2025-11-04 17:14:59.995000+00:00,2025-11-04 17:12:00+00:00,continuous,101485.2,101520.7,101200.0,101307.9,137997776.95259982
2025-11-04 17:17:59.978000+00:00,2025-11-04 17:15:00+00:00,continuous,101308.0,101419.9,100725.0,101012.4,396932056.5803008
2025-11-04 17:20:59.877000+00:00,2025-11-04 17:18:00+00:00,continuous,101011.3,101485.7,100850.5,101101.6,209102811.38180077
2025-11-04 17:23:59.985000+00:00,2025-11-04 17:21:00+00:00,continuous,101101.6,101540.0,101002.6,101475.1,161549821.9614992
2025-11-04 17:26:59.996000+00:00,2025-11-04 17:24:00+00:00,continuous,101475.0,101500.0,101020.8,101471.8,128672466.67469938
2025-11-04 17:29:59.948000+00:00,2025-11-04 17:27:00+00:00,continuous,101471.7,101471.8,101261.3,101318.1,82379478.62859985
2025-11-04 17:32:59.979000+00:00,2025-11-04 17:30:00+00:00,continuous,101318.1,101735.6,101300.4,101350.0,163677211.29809916
2025-11-04 17:35:59.985000+00:00,2025-11-04 17:33:00+00:00,continuous,101349.9,101833.3,101348.0,101815.3,81389730.67709965
2025-11-04 17:38:59.867000+00:00,2025-11-04 17:36:00+00:00,continuous,101815.4,101934.2,101617.6,101726.6,119454728.67489934
2025-11-04 17:41:59.941000+00:00,2025-11-04 17:39:00+00:00,continuous,101726.5,101794.1,101369.4,101369.4,103411467.18920042
2025-11-04 17:44:59.815000+00:00,2025-11-04 17:42:00+00:00,continuous,101369.5,101455.5,101238.4,101326.8,49022810.24019988
2025-11-04 17:47:59.991000+00:00,2025-11-04 17:45:00+00:00,continuous,101326.8,101461.9,101326.8,101390.1,45537274.498800054
2025-11-04 17:50:59.994000+00:00,2025-11-04 17:48:00+00:00,continuous,101390.0,101409.8,101100.0,101344.1,69048642.44979988
2025-11-04 17:53:59.975000+00:00,2025-11-04 17:51:00+00:00,continuous,101344.2,101348.1,101100.0,101129.3,34434267.66679995
2025-11-04 17:56:59.997000+00:00,2025-11-04 17:54:00+00:00,continuous,101129.2,101183.0,101045.6,101167.5,53161045.24390004
2025-11-04 17:59:59.938000+00:00,2025-11-04 17:57:00+00:00,continuous,101167.6,101181.0,101051.5,101074.8,48984164.55279994
2025-11-04 18:02:59.814000+00:00,2025-11-04 18:00:00+00:00,continuous,101074.9,101081.0,100845.4,100865.5,92720613.84490035
2025-11-04 18:05:59.903000+00:00,2025-11-04 18:03:00+00:00,continuous,100865.6,101003.2,100585.0,100946.3,212567825.54629868
2025-11-04 18:08:59.952000+00:00,2025-11-04 18:06:00+00:00,continuous,100946.3,101082.5,100716.4,100973.4,75243940.79110004
2025-11-04 18:11:59.955000+00:00,2025-11-04 18:09:00+00:00,continuous,100973.4,101108.8,100871.5,100886.3,54827875.066699825
2025-11-04 18:14:59.973000+00:00,2025-11-04 18:12:00+00:00,continuous,100886.2,101003.3,100703.1,100777.3,58542272.275000006
2025-11-04 18:17:59.968000+00:00,2025-11-04 18:15:00+00:00,continuous,100777.4,100868.0,100555.0,100560.1,131386111.2065004
2025-11-04 18:20:59.976000+00:00,2025-11-04 18:18:00+00:00,continuous,100560.0,100655.0,100332.0,100497.1,290631942.2908999
2025-11-04 18:23:59.979000+00:00,2025-11-04 18:21:00+00:00,continuous,100497.0,100676.9,100250.0,100676.9,151247949.79409838
2025-11-04 18:26:59.823000+00:00,2025-11-04 18:24:00+00:00,continuous,100677.0,100789.0,100513.0,100682.0,63637475.81770008
2025-11-04 18:29:59.959000+00:00,2025-11-04 18:27:00+00:00,continuous,100682.0,100778.2,100482.8,100668.8,42184997.64310021
2025-11-04 18:32:59.970000+00:00,2025-11-04 18:30:00+00:00,continuous,100668.8,100757.0,100239.1,100239.1,85787315.1232999
2025-11-04 18:35:59.994000+00:00,2025-11-04 18:33:00+00:00,continuous,100238.9,100375.0,99980.0,100116.5,309942771.92649966
2025-11-04 18:38:59.810000+00:00,2025-11-04 18:36:00+00:00,continuous,100116.8,100780.0,100116.7,100375.0,146113434.76779902
2025-11-04 18:41:59.958000+00:00,2025-11-04 18:39:00+00:00,continuous,100375.0,100884.0,100235.8,100853.2,154318019.95469943
2025-11-04 18:44:59.990000+00:00,2025-11-04 18:42:00+00:00,continuous,100853.1,101233.7,100829.7,101233.6,182500872.31030014
2025-11-04 18:47:59.989000+00:00,2025-11-04 18:45:00+00:00,continuous,101233.7,101233.7,100833.1,100840.8,99774701.81129983
2025-11-04 18:50:59.962000+00:00,2025-11-04 18:48:00+00:00,continuous,100840.7,100923.3,100500.0,100782.3,89561103.46889965
2025-11-04 18:53:59.995000+00:00,2025-11-04 18:51:00+00:00,continuous,100783.0,101050.0,100754.0,100989.9,74891252.67119971
2025-11-04 18:56:59.934000+00:00,2025-11-04 18:54:00+00:00,continuous,100990.0,101343.0,100954.8,101032.9,92429088.21869983
2025-11-04 18:59:59.941000+00:00,2025-11-04 18:57:00+00:00,continuous,101032.8,101469.5,101031.3,101317.3,88511695.75069948
2025-11-04 19:02:59.919000+00:00,2025-11-04 19:00:00+00:00,continuous,101317.4,101522.6,101203.9,101395.9,93428066.19990048
2025-11-04 19:05:59.874000+00:00,2025-11-04 19:03:00+00:00,continuous,101395.9,101435.0,101125.5,101149.9,69127901.70989998
2025-11-04 19:08:59.951000+00:00,2025-11-04 19:06:00+00:00,continuous,101149.9,101299.9,101004.7,101004.7,50784340.03379998
2025-11-04 19:11:59.889000+00:00,2025-11-04 19:09:00+00:00,continuous,101004.6,101174.2,100850.6,101060.2,62111869.13640019
2025-11-04 19:14:59.865000+00:00,2025-11-04 19:12:00+00:00,continuous,101060.1,101395.1,101018.3,101358.7,40456703.122400194
2025-11-04 19:17:59.873000+00:00,2025-11-04 19:15:00+00:00,continuous,101358.7,101505.4,101206.4,101232.7,62298193.12180012
2025-11-04 19:20:59.972000+00:00,2025-11-04 19:18:00+00:00,continuous,101232.7,101357.1,101206.0,101322.2,31426857.90839995
2025-11-04 19:23:59.989000+00:00,2025-11-04 19:21:00+00:00,continuous,101322.3,101585.4,101129.4,101504.1,50876227.42600011
2025-11-04 19:26:59.835000+00:00,2025-11-04 19:24:00+00:00,continuous,101504.0,101674.6,101426.1,101436.1,68730348.40409994
2025-11-04 19:29:59.844000+00:00,2025-11-04 19:27:00+00:00,continuous,101436.0,101487.1,101184.0,101246.5,37384029.23000019
2025-11-04 19:32:59.874000+00:00,2025-11-04 19:30:00+00:00,continuous,101246.5,101389.3,101001.2,101045.0,52493539.722899884
2025-11-04 19:35:59.772000+00:00,2025-11-04 19:33:00+00:00,continuous,101045.0,101105.9,100908.2,100982.0,51194250.90819974
2025-11-04 19:38:59.617000+00:00,2025-11-04 19:36:00+00:00,continuous,100982.0,100992.0,100813.1,100913.3,37140682.00120015
2025-11-04 19:41:59.867000+00:00,2025-11-04 19:39:00+00:00,continuous,100913.4,101000.0,100813.9,100818.2,39847034.892300166
2025-11-04 19:44:59.967000+00:00,2025-11-04 19:42:00+00:00,continuous,100818.1,100832.0,100618.5,100781.5,51665846.08610017
2025-11-04 19:47:59.979000+00:00,2025-11-04 19:45:00+00:00,continuous,100781.4,100910.3,100691.1,100910.3,53264941.39670013
2025-11-04 19:50:59.804000+00:00,2025-11-04 19:48:00+00:00,continuous,100910.3,100953.1,100577.0,100660.2,39313856.81960008
2025-11-04 19:53:59.657000+00:00,2025-11-04 19:51:00+00:00,continuous,100660.2,100862.4,100514.8,100675.8,80104362.22790039
2025-11-04 19:56:59.985000+00:00,2025-11-04 19:54:00+00:00,continuous,100675.8,100762.4,100560.5,100607.7,52585651.10410016
2025-11-04 19:59:59.829000+00:00,2025-11-04 19:57:00+00:00,continuous,100607.6,100620.8,100367.9,100507.0,63260330.399500154
2025-11-04 20:02:59.983000+00:00,2025-11-04 20:00:00+00:00,continuous,100507.0,100727.9,100394.0,100410.1,46485610.421099894
2025-11-04 20:05:59.822000+00:00,2025-11-04 20:03:00+00:00,continuous,100410.1,100565.0,100234.3,100562.9,62281615.823299974
2025-11-04 20:08:59.814000+00:00,2025-11-04 20:06:00+00:00,continuous,100562.9,100643.7,100350.2,100389.9,37236923.34189998
2025-11-04 20:11:59.733000+00:00,2025-11-04 20:09:00+00:00,continuous,100389.9,100561.0,100230.1,100437.3,36615575.95139989
2025-11-04 20:14:59.956000+00:00,2025-11-04 20:12:00+00:00,continuous,100437.9,100500.0,100304.2,100481.3,40233966.93279991
2025-11-04 20:17:59.996000+00:00,2025-11-04 20:15:00+00:00,continuous,100481.2,100481.2,99684.2,99804.2,318714713.7028989
2025-11-04 20:20:59.841000+00:00,2025-11-04 20:18:00+00:00,continuous,99804.7,100253.3,99482.6,99814.0,433429565.1038959
2025-11-04 20:23:59.985000+00:00,2025-11-04 20:21:00+00:00,continuous,99813.9,100065.0,99675.1,99993.7,182993395.30400008
2025-11-04 20:26:59.606000+00:00,2025-11-04 20:24:00+00:00,continuous,99993.7,100387.3,99918.6,100141.1,107375108.42060009
2025-11-04 20:29:59.937000+00:00,2025-11-04 20:27:00+00:00,continuous,100141.2,100595.8,100141.0,100493.4,90799276.71720009
2025-11-04 20:32:59.864000+00:00,2025-11-04 20:30:00+00:00,continuous,100493.5,100711.3,100225.1,100225.1,90589571.49890031
2025-11-04 20:35:59.864000+00:00,2025-11-04 20:33:00+00:00,continuous,100225.1,100327.0,99964.1,100320.1,62980397.13920023
2025-11-04 20:38:59.946000+00:00,2025-11-04 20:36:00+00:00,continuous,100320.1,100535.2,100230.2,100491.1,50251042.61049998
2025-11-04 20:41:59.954000+00:00,2025-11-04 20:39:00+00:00,continuous,100487.3,100975.9,100454.2,100932.2,105556112.50909975
2025-11-04 20:44:59.864000+00:00,2025-11-04 20:42:00+00:00,continuous,100932.2,101077.2,100838.1,100868.4,106331407.22589982
2025-11-04 20:47:59.941000+00:00,2025-11-04 20:45:00+00:00,continuous,100868.4,101007.0,100718.2,100857.9,58099219.423299745
2025-11-04 20:50:59.920000+00:00,2025-11-04 20:48:00+00:00,continuous,100857.9,100931.2,100588.2,100655.2,51954810.37440027
2025-11-04 20:53:59.983000+00:00,2025-11-04 20:51:00+00:00,continuous,100655.2,100756.1,100474.0,100641.6,63982384.51210014
2025-11-04 20:56:59.607000+00:00,2025-11-04 20:54:00+00:00,continuous,100641.0,100755.3,100527.6,100573.4,44379064.66079993
2025-11-04 20:59:59.969000+00:00,2025-11-04 20:57:00+00:00,continuous,100573.4,100854.6,100552.8,100710.1,44060438.129700035
2025-11-04 21:02:59.814000+00:00,2025-11-04 21:00:00+00:00,continuous,100710.0,100783.9,100408.7,100460.0,61820882.942699626
2025-11-04 21:05:59.952000+00:00,2025-11-04 21:03:00+00:00,continuous,100459.9,100793.8,100373.5,100373.6,54197696.617599845
2025-11-04 21:08:59.729000+00:00,2025-11-04 21:06:00+00:00,continuous,100373.5,100556.8,100352.3,100429.7,46463965.694099806
2025-11-04 21:11:59.882000+00:00,2025-11-04 21:09:00+00:00,continuous,100429.6,100599.1,100414.9,100455.0,31457722.41059993
2025-11-04 21:14:59.881000+00:00,2025-11-04 21:12:00+00:00,continuous,100454.9,100590.4,100202.1,100253.1,70069388.05480014
2025-11-04 21:17:59.959000+00:00,2025-11-04 21:15:00+00:00,continuous,100253.1,100276.0,100035.6,100134.7,87127453.08019985
2025-11-04 21:20:59.963000+00:00,2025-11-04 21:18:00+00:00,continuous,100134.6,100353.1,99969.9,100028.4,62431476.103499755
2025-11-04 21:23:59.999000+00:00,2025-11-04 21:21:00+00:00,continuous,100028.3,100209.8,99902.4,100003.2,51745254.56140024
2025-11-04 21:26:59.992000+00:00,2025-11-04 21:24:00+00:00,continuous,100003.2,100050.0,99895.5,99911.1,40276176.6688
2025-11-04 21:29:59.885000+00:00,2025-11-04 21:27:00+00:00,continuous,99911.0,100028.6,99678.7,99874.8,81620136.95159999
2025-11-04 21:32:59.984000+00:00,2025-11-04 21:30:00+00:00,continuous,99874.8,99904.4,99188.0,99190.9,234022611.2085977
2025-11-04 21:35:59.969000+00:00,2025-11-04 21:33:00+00:00,continuous,99191.2,99405.7,98888.8,98908.5,248825477.77529922
2025-11-04 21:38:59.954000+00:00,2025-11-04 21:36:00+00:00,continuous,98905.6,99336.8,98888.8,98968.2,150440133.18870082
2025-11-04 21:41:59.925000+00:00,2025-11-04 21:39:00+00:00,continuous,98968.2,99443.2,98901.0,99184.0,83071851.5187001
2025-11-04 21:44:59.937000+00:00,2025-11-04 21:42:00+00:00,continuous,99184.0,99279.1,98966.3,99260.1,51521391.412800096
2025-11-04 21:47:59.944000+00:00,2025-11-04 21:45:00+00:00,continuous,99260.1,99750.0,99232.8,99475.6,105639672.72070011
2025-11-04 21:50:59.905000+00:00,2025-11-04 21:48:00+00:00,continuous,99475.7,99632.9,99437.3,99531.5,41282080.37629995
2025-11-04 21:53:59.800000+00:00,2025-11-04 21:51:00+00:00,continuous,99531.4,99566.6,99080.4,99228.2,58884796.75050006
2025-11-04 21:56:59.933000+00:00,2025-11-04 21:54:00+00:00,continuous,99228.2,100200.0,99228.2,100122.4,126578475.02780041
2025-11-04 21:59:59.936000+00:00,2025-11-04 21:57:00+00:00,continuous,100122.4,100313.9,99910.1,100274.1,103799121.08860058
2025-11-04 22:02:59.811000+00:00,2025-11-04 22:00:00+00:00,continuous,100274.2,100494.2,100043.0,100323.8,92328158.10259944
2025-11-04 22:05:59.815000+00:00,2025-11-04 22:03:00+00:00,continuous,100323.9,100666.0,100323.8,100338.3,66784942.21720014
2025-11-04 22:08:59.899000+00:00,2025-11-04 22:06:00+00:00,continuous,100338.2,100915.4,100330.2,100902.8,109551503.8024002
2025-11-04 22:11:59.921000+00:00,2025-11-04 22:09:00+00:00,continuous,100902.8,101000.8,100804.6,100834.3,113024743.19300002
2025-11-04 22:14:59.813000+00:00,2025-11-04 22:12:00+00:00,continuous,100834.3,100964.6,100756.0,100871.9,66694758.8267
2025-11-04 22:17:59.953000+00:00,2025-11-04 22:15:00+00:00,continuous,100872.0,101290.2,100812.1,101240.0,205109523.5577999
2025-11-04 22:20:59.866000+00:00,2025-11-04 22:18:00+00:00,continuous,101239.9,101300.0,101072.7,101131.5,76771898.76640005
2025-11-04 22:23:59.853000+00:00,2025-11-04 22:21:00+00:00,continuous,101131.6,101243.7,100950.0,100950.0,48629832.55960001
2025-11-04 22:26:59.980000+00:00,2025-11-04 22:24:00+00:00,continuous,100950.1,101106.1,100877.0,100999.8,41751479.19520001
2025-11-04 22:29:59.605000+00:00,2025-11-04 22:27:00+00:00,continuous,100999.7,101107.9,100999.7,101107.8,21805124.71579994
2025-11-04 22:32:59.922000+00:00,2025-11-04 22:30:00+00:00,continuous,101107.8,101292.8,101060.0,101292.8,33340219.321400054
2025-11-04 22:35:59.913000+00:00,2025-11-04 22:33:00+00:00,continuous,101292.7,101687.2,101292.7,101668.8,90756904.1039997
2025-11-04 22:38:59.972000+00:00,2025-11-04 22:36:00+00:00,continuous,101668.9,101859.5,101311.2,101538.6,90749074.51669994
2025-11-04 22:41:59.975000+00:00,2025-11-04 22:39:00+00:00,continuous,101538.5,101552.9,101225.2,101407.9,39634553.197300054
2025-11-04 22:44:59.762000+00:00,2025-11-04 22:42:00+00:00,continuous,101407.9,101498.5,101004.0,101143.0,123507896.4230001
2025-11-04 22:47:59.661000+00:00,2025-11-04 22:45:00+00:00,continuous,101142.9,101359.6,101142.2,101259.9,34635187.90890005
2025-11-04 22:50:59.820000+00:00,2025-11-04 22:48:00+00:00,continuous,101260.0,101332.6,100946.1,100950.4,37713700.03780005
2025-11-04 22:53:59.884000+00:00,2025-11-04 22:51:00+00:00,continuous,100950.4,101108.7,100836.7,100985.9,38475777.03360009
2025-11-04 22:56:59.933000+00:00,2025-11-04 22:54:00+00:00,continuous,100985.9,101128.3,100951.1,100978.6,18537185.218299963
2025-11-04 22:59:59.999000+00:00,2025-11-04 22:57:00+00:00,continuous,100978.6,101270.1,100968.2,101260.2,31446569.441500094
2025-11-04 23:02:59.908000+00:00,2025-11-04 23:00:00+00:00,continuous,101260.3,101293.5,101025.4,101218.7,38249066.467399865
2025-11-04 23:05:59.981000+00:00,2025-11-04 23:03:00+00:00,continuous,101218.8,101544.6,101125.0,101422.8,63587094.207499735
2025-11-04 23:08:59.851000+00:00,2025-11-04 23:06:00+00:00,continuous,101422.8,101422.8,101054.8,101062.2,36020033.28610005
2025-11-04 23:11:59.976000+00:00,2025-11-04 23:09:00+00:00,continuous,101062.3,101104.6,101000.0,101010.5,37405508.629999965
2025-11-04 23:14:59.588000+00:00,2025-11-04 23:12:00+00:00,continuous,101010.4,101228.3,100850.3,101228.2,64461020.58909991
2025-11-04 23:17:59.894000+00:00,2025-11-04 23:15:00+00:00,continuous,101228.3,101317.6,101054.0,101088.6,45212795.05019998
2025-11-04 23:20:59.857000+00:00,2025-11-04 23:18:00+00:00,continuous,101088.6,101149.7,101000.0,101016.0,23682364.494099993
2025-11-04 23:23:59.856000+00:00,2025-11-04 23:21:00+00:00,continuous,101016.6,101170.7,100992.0,101108.0,14133104.888299998
2025-11-04 23:26:59.603000+00:00,2025-11-04 23:24:00+00:00,continuous,101108.0,101155.8,100964.9,101078.4,14309645.138100019
2025-11-04 23:29:59.814000+00:00,2025-11-04 23:27:00+00:00,continuous,101078.4,101265.5,101033.8,101191.8,42258407.51909991
2025-11-04 23:32:58.934000+00:00,2025-11-04 23:30:00+00:00,continuous,101191.8,101215.7,101048.0,101136.1,18007335.183399964
2025-11-04 23:35:59.911000+00:00,2025-11-04 23:33:00+00:00,continuous,101136.2,101187.2,101054.0,101170.9,14658035.454899982
2025-11-04 23:38:59.894000+00:00,2025-11-04 23:36:00+00:00,continuous,101170.9,101286.3,101127.4,101188.0,16603974.384700006
2025-11-04 23:41:59.700000+00:00,2025-11-04 23:39:00+00:00,continuous,101188.0,101234.0,101130.9,101228.0,28883817.810699947
2025-11-04 23:44:59.890000+00:00,2025-11-04 23:42:00+00:00,continuous,101227.1,101357.5,101227.0,101357.5,24970137.274200093
2025-11-04 23:47:59.944000+00:00,2025-11-04 23:45:00+00:00,continuous,101357.5,101586.6,101280.9,101520.6,70413736.16040024
2025-11-04 23:50:59.885000+00:00,2025-11-04 23:48:00+00:00,continuous,101520.6,101589.8,101437.3,101579.9,63931434.43369999
2025-11-04 23:53:59.819000+00:00,2025-11-04 23:51:00+00:00,continuous,101580.0,101697.0,101531.3,101636.5,130575861.30449997
2025-11-04 23:56:59.720000+00:00,2025-11-04 23:54:00+00:00,continuous,101636.4,101666.0,101576.0,101620.1,47149272.14079981
2025-11-04 23:59:59.991000+00:00,2025-11-04 23:57:00+00:00,continuous,101620.1,101620.1,101430.6,101450.3,31095913.41559997
2025-11-05 00:02:59.941000+00:00,2025-11-05 00:00:00+00:00,continuous,101450.2,101700.0,101361.8,101591.2,84557647.60829978
2025-11-05 00:05:59.900000+00:00,2025-11-05 00:03:00+00:00,continuous,101591.2,101591.3,101288.0,101295.5,39796930.348599836
2025-11-05 00:08:59.682000+00:00,2025-11-05 00:06:00+00:00,continuous,101295.6,101296.0,101115.3,101169.2,55302326.59719991
2025-11-05 00:11:59.443000+00:00,2025-11-05 00:09:00+00:00,continuous,101169.2,101244.8,101020.1,101150.0,59569604.67529982
2025-11-05 00:14:59.554000+00:00,2025-11-05 00:12:00+00:00,continuous,101150.1,101162.1,101033.9,101063.1,47644609.392399915
2025-11-05 00:17:59.928000+00:00,2025-11-05 00:15:00+00:00,continuous,101063.1,101141.0,100907.6,101012.5,41276287.656699926
2025-11-05 00:20:59.686000+00:00,2025-11-05 00:18:00+00:00,continuous,101012.6,101458.2,101012.5,101300.0,71463062.95620021
2025-11-05 00:23:59.893000+00:00,2025-11-05 00:21:00+00:00,continuous,101300.1,101399.9,101194.4,101316.9,37174195.233700015
2025-11-05 00:26:59.918000+00:00,2025-11-05 00:24:00+00:00,continuous,101316.9,101348.6,101038.8,101108.9,18159897.537900012
2025-11-05 00:29:59.893000+00:00,2025-11-05 00:27:00+00:00,continuous,101108.9,101118.0,100910.1,100927.4,25179470.407300025
2025-11-05 00:32:59.813000+00:00,2025-11-05 00:30:00+00:00,continuous,100927.5,101045.8,100867.6,100939.6,33118441.064399976
2025-11-05 00:35:59.709000+00:00,2025-11-05 00:33:00+00:00,continuous,100939.7,100954.5,100655.8,100681.1,50423722.30450016
2025-11-05 00:38:59.803000+00:00,2025-11-05 00:36:00+00:00,continuous,100681.1,100794.2,100523.7,100754.6,55646334.181100145
2025-11-05 00:41:59.880000+00:00,2025-11-05 00:39:00+00:00,continuous,100754.6,100770.6,100461.3,100495.8,46961129.25529991
2025-11-05 00:44:59.840000+00:00,2025-11-05 00:42:00+00:00,continuous,100495.8,100554.3,100336.2,100348.2,63560783.03699974
2025-11-05 00:47:59.752000+00:00,2025-11-05 00:45:00+00:00,continuous,100348.3,100490.0,100342.4,100363.3,24703164.16110008
2025-11-05 00:50:59.854000+00:00,2025-11-05 00:48:00+00:00,continuous,100363.4,100490.0,100363.4,100490.0,15042632.729800005
2025-11-05 00:53:59.964000+00:00,2025-11-05 00:51:00+00:00,continuous,100489.9,100498.8,100308.0,100438.0,20183271.747400064
2025-11-05 00:56:59.394000+00:00,2025-11-05 00:54:00+00:00,continuous,100438.0,100686.0,100437.9,100480.1,53533829.10550007
2025-11-05 00:59:59.524000+00:00,2025-11-05 00:57:00+00:00,continuous,100480.2,100600.0,100480.1,100522.9,28251953.115599975
2025-11-05 01:02:59.960000+00:00,2025-11-05 01:00:00+00:00,continuous,100523.0,100599.0,100272.7,100304.8,22938929.55309994
2025-11-05 01:05:59.843000+00:00,2025-11-05 01:03:00+00:00,continuous,100304.6,100369.7,100079.1,100082.6,38049909.23130004
2025-11-05 01:08:59.988000+00:00,2025-11-05 01:06:00+00:00,continuous,100082.5,100185.4,100000.0,100003.8,48400439.58049996
2025-11-05 01:11:59.884000+00:00,2025-11-05 01:09:00+00:00,continuous,100003.9,100346.0,100000.0,100274.6,70291963.47870003
2025-11-05 01:14:59.913000+00:00,2025-11-05 01:12:00+00:00,continuous,100274.7,100370.0,100178.5,100333.0,33117997.165900048
2025-11-05 01:17:59.945000+00:00,2025-11-05 01:15:00+00:00,continuous,100333.0,100339.9,99802.2,99849.9,68465083.06230019
2025-11-05 01:20:59.965000+00:00,2025-11-05 01:18:00+00:00,continuous,99849.8,99908.3,99609.0,99680.0,115332520.03939995
2025-11-05 01:23:59.931000+00:00,2025-11-05 01:21:00+00:00,continuous,99680.0,99737.0,99299.0,99350.1,126048357.4658
2025-11-05 01:26:59.940000+00:00,2025-11-05 01:24:00+00:00,continuous,99350.1,99517.8,99050.0,99156.0,135871435.82560065
2025-11-05 01:29:59.996000+00:00,2025-11-05 01:27:00+00:00,continuous,99155.9,99227.4,99039.8,99087.8,73841973.87829986
2025-11-05 01:32:59.989000+00:00,2025-11-05 01:30:00+00:00,continuous,99087.8,99549.9,99040.0,99295.0,99779267.16670063
2025-11-05 01:35:59.966000+00:00,2025-11-05 01:33:00+00:00,continuous,99295.1,99323.4,98912.5,99041.7,169954033.50230008
2025-11-05 01:38:59.969000+00:00,2025-11-05 01:36:00+00:00,continuous,99041.8,99485.3,99025.4,99133.7,158212998.62849927
2025-11-05 01:41:59.828000+00:00,2025-11-05 01:39:00+00:00,continuous,99134.1,99238.0,98909.7,99233.5,94196132.5653998
2025-11-05 01:44:59.907000+00:00,2025-11-05 01:42:00+00:00,continuous,99233.5,99382.7,99086.0,99302.3,91148657.41470022
2025-11-05 01:47:59.999000+00:00,2025-11-05 01:45:00+00:00,continuous,99302.3,99759.0,99210.8,99682.6,82811500.26169977
2025-11-05 01:50:59.987000+00:00,2025-11-05 01:48:00+00:00,continuous,99682.5,99930.0,99650.1,99693.6,92048534.04470004
2025-11-05 01:53:59.941000+00:00,2025-11-05 01:51:00+00:00,continuous,99693.5,100307.0,99679.5,100299.6,104504625.41909952
2025-11-05 01:56:59.991000+00:00,2025-11-05 01:54:00+00:00,continuous,100299.5,100659.1,100294.4,100560.1,151040105.82379985
2025-11-05 01:59:59.997000+00:00,2025-11-05 01:57:00+00:00,continuous,100560.1,100988.1,100549.7,100722.1,201139290.3502005
2025-11-05 02:02:59.859000+00:00,2025-11-05 02:00:00+00:00,continuous,100726.1,101371.0,100713.5,101244.8,174891038.86729977
2025-11-05 02:05:59.760000+00:00,2025-11-05 02:03:00+00:00,continuous,101244.7,101373.6,101155.0,101217.8,106937161.47829969
2025-11-05 02:08:59.944000+00:00,2025-11-05 02:06:00+00:00,continuous,101217.8,101546.9,101216.9,101353.6,122237532.74539992
2025-11-05 02:11:59.953000+00:00,2025-11-05 02:09:00+00:00,continuous,101353.6,101368.5,101068.5,101114.2,113394837.64910021
2025-11-05 02:14:59.964000+00:00,2025-11-05 02:12:00+00:00,continuous,101114.3,101138.1,100933.4,101083.4,82788191.3160999
2025-11-05 02:17:59.904000+00:00,2025-11-05 02:15:00+00:00,continuous,101083.4,101083.4,100873.2,101014.3,81912964.75710021
2025-11-05 02:20:59.690000+00:00,2025-11-05 02:18:00+00:00,continuous,101014.4,101427.4,101014.2,101264.5,62874127.42760012
2025-11-05 02:23:59.999000+00:00,2025-11-05 02:21:00+00:00,continuous,101264.5,101394.9,101140.1,101230.9,69962780.42989987
2025-11-05 02:26:59.747000+00:00,2025-11-05 02:24:00+00:00,continuous,101231.7,101475.6,101015.3,101062.0,70392855.57920036
2025-11-05 02:29:59.699000+00:00,2025-11-05 02:27:00+00:00,continuous,101062.1,101330.9,101062.1,101247.6,53326762.54299994
2025-11-05 02:32:59.865000+00:00,2025-11-05 02:30:00+00:00,continuous,101247.5,101470.1,101247.5,101336.0,66111157.12889975
2025-11-05 02:35:59.900000+00:00,2025-11-05 02:33:00+00:00,continuous,101335.9,101423.1,101105.7,101423.1,53651431.369200125
2025-11-05 02:38:59.954000+00:00,2025-11-05 02:36:00+00:00,continuous,101423.1,101601.0,101411.3,101545.7,94206826.82499972
2025-11-05 02:41:59.960000+00:00,2025-11-05 02:39:00+00:00,continuous,101545.8,101623.7,101458.8,101567.1,131612507.5623001
2025-11-05 02:44:59.962000+00:00,2025-11-05 02:42:00+00:00,continuous,101567.1,101692.5,101396.4,101692.5,184378047.7719992
2025-11-05 02:47:59.852000+00:00,2025-11-05 02:45:00+00:00,continuous,101692.8,101918.1,101467.0,101576.8,112285179.59759934
2025-11-05 02:50:59.876000+00:00,2025-11-05 02:48:00+00:00,continuous,101576.7,101590.7,101281.7,101472.0,58283677.39700016
2025-11-05 02:53:59.850000+00:00,2025-11-05 02:51:00+00:00,continuous,101472.0,101472.0,101216.8,101258.0,44342544.38200022
2025-11-05 02:56:59.735000+00:00,2025-11-05 02:54:00+00:00,continuous,101258.1,101532.6,101258.1,101450.5,44636637.251500145
2025-11-05 02:59:59.846000+00:00,2025-11-05 02:57:00+00:00,continuous,101450.5,101708.4,101450.5,101633.7,49129894.64440028
2025-11-05 03:02:59.993000+00:00,2025-11-05 03:00:00+00:00,continuous,101633.8,101723.1,101476.1,101502.5,77880542.23060004
2025-11-05 03:05:59.918000+00:00,2025-11-05 03:03:00+00:00,continuous,101502.4,101857.0,101405.1,101728.4,110153304.21370044
2025-11-05 03:08:59.988000+00:00,2025-11-05 03:06:00+00:00,continuous,101728.4,101849.1,101479.2,101534.7,67055978.64110015
2025-11-05 03:11:59.952000+00:00,2025-11-05 03:09:00+00:00,continuous,101534.7,101752.4,101534.7,101581.6,30477614.783000067
2025-11-05 03:14:59.977000+00:00,2025-11-05 03:12:00+00:00,continuous,101581.3,101694.7,101542.1,101673.2,16526567.042200027
2025-11-05 03:17:59.840000+00:00,2025-11-05 03:15:00+00:00,continuous,101672.6,101720.0,101472.3,101493.8,30846573.666999917
2025-11-05 03:20:59.986000+00:00,2025-11-05 03:18:00+00:00,continuous,101493.9,101645.3,101456.6,101604.3,23090453.277099997
2025-11-05 03:23:59.900000+00:00,2025-11-05 03:21:00+00:00,continuous,101604.4,101740.0,101600.0,101732.0,39901519.865399994
2025-11-05 03:26:59.986000+00:00,2025-11-05 03:24:00+00:00,continuous,101731.9,101968.9,101714.9,101903.1,49852918.51460009
2025-11-05 03:29:59.974000+00:00,2025-11-05 03:27:00+00:00,continuous,101903.0,102088.0,101903.0,102061.8,84162536.25340001
2025-11-05 03:32:59.990000+00:00,2025-11-05 03:30:00+00:00,continuous,102061.9,102100.0,101801.4,101973.7,51905383.36050035
2025-11-05 03:35:59.959000+00:00,2025-11-05 03:33:00+00:00,continuous,101972.9,102177.4,101969.0,102148.8,48436038.68810011
2025-11-05 03:38:59.460000+00:00,2025-11-05 03:36:00+00:00,continuous,102148.9,102148.9,101965.4,102022.2,25522074.433200028
2025-11-05 03:41:59.901000+00:00,2025-11-05 03:39:00+00:00,continuous,102022.3,102182.9,101978.0,102129.9,42517469.0752999
2025-11-05 03:44:59.917000+00:00,2025-11-05 03:42:00+00:00,continuous,102129.9,102195.9,102035.7,102163.0,27750845.01209993
2025-11-05 03:47:59.856000+00:00,2025-11-05 03:45:00+00:00,continuous,102163.1,102219.3,102114.9,102187.8,44527349.01890014
2025-11-05 03:50:59.705000+00:00,2025-11-05 03:48:00+00:00,continuous,102187.8,102222.0,101923.7,102005.9,49148115.033400044
2025-11-05 03:53:59.974000+00:00,2025-11-05 03:51:00+00:00,continuous,102006.0,102150.0,102006.0,102099.5,63334915.83920008
2025-11-05 03:56:59.690000+00:00,2025-11-05 03:54:00+00:00,continuous,102099.6,102169.5,102038.3,102106.2,43270487.79750015
2025-11-05 03:59:59.922000+00:00,2025-11-05 03:57:00+00:00,continuous,102106.3,102150.0,102015.4,102094.8,43478078.82069997
2025-11-05 04:02:59.268000+00:00,2025-11-05 04:00:00+00:00,continuous,102094.8,102187.5,102024.2,102171.2,28355370.891799986
2025-11-05 04:05:59.948000+00:00,2025-11-05 04:03:00+00:00,continuous,102171.3,102171.3,102027.5,102090.0,31284116.677700058
2025-11-05 04:08:59.912000+00:00,2025-11-05 04:06:00+00:00,continuous,102089.9,102212.3,101853.2,102095.4,74208996.40149997
2025-11-05 04:11:59.819000+00:00,2025-11-05 04:09:00+00:00,continuous,102095.4,102105.5,101908.3,101991.1,21829676.093
2025-11-05 04:14:59.906000+00:00,2025-11-05 04:12:00+00:00,continuous,101991.0,102022.0,101869.0,101899.4,27392708.84229994
2025-11-05 04:17:59.996000+00:00,2025-11-05 04:15:00+00:00,continuous,101899.4,101964.5,101821.1,101846.4,30923828.793800034
2025-11-05 04:20:59.849000+00:00,2025-11-05 04:18:00+00:00,continuous,101846.6,101897.6,101818.0,101842.5,26593372.87969994
2025-11-05 04:23:59.963000+00:00,2025-11-05 04:21:00+00:00,continuous,101842.6,101864.6,101712.7,101719.7,34200266.52799998
2025-11-05 04:26:59.878000+00:00,2025-11-05 04:24:00+00:00,continuous,101719.8,101750.2,101580.0,101592.2,60364091.97459982
2025-11-05 04:29:59.985000+00:00,2025-11-05 04:27:00+00:00,continuous,101592.2,101595.5,101513.0,101540.1,45694441.6364
2025-11-05 04:32:59.834000+00:00,2025-11-05 04:30:00+00:00,continuous,101540.0,101747.8,101481.1,101679.8,46801015.81379963
2025-11-05 04:35:59.892000+00:00,2025-11-05 04:33:00+00:00,continuous,101679.8,101729.5,101612.8,101698.2,22552102.70339989
2025-11-05 04:38:59.963000+00:00,2025-11-05 04:36:00+00:00,continuous,101698.2,101940.3,101662.2,101849.2,31580361.524500042
2025-11-05 04:41:59.974000+00:00,2025-11-05 04:39:00+00:00,continuous,101849.2,101966.2,101837.5,101936.7,33161763.50599992
2025-11-05 04:44:59.855000+00:00,2025-11-05 04:42:00+00:00,continuous,101936.6,102088.0,101900.0,102016.4,25986784.567199994
2025-11-05 04:47:59.978000+00:00,2025-11-05 04:45:00+00:00,continuous,102016.5,102112.2,101999.4,101999.5,19248764.56920003
2025-11-05 04:50:59.918000+00:00,2025-11-05 04:48:00+00:00,continuous,101999.4,102130.0,101997.7,102130.0,15315440.257800017
2025-11-05 04:53:59.942000+00:00,2025-11-05 04:51:00+00:00,continuous,102130.0,102151.2,101850.9,101851.1,22620514.98689996
2025-11-05 04:56:59.927000+00:00,2025-11-05 04:54:00+00:00,continuous,101851.1,101898.5,101743.1,101788.3,27898348.921999987
2025-11-05 04:59:59.977000+00:00,2025-11-05 04:57:00+00:00,continuous,101788.8,101952.1,101777.4,101952.1,13510852.336800003
2025-11-05 05:02:59.862000+00:00,2025-11-05 05:00:00+00:00,continuous,101952.1,102000.0,101913.8,101959.9,34040972.96040001
2025-11-05 05:05:59.625000+00:00,2025-11-05 05:03:00+00:00,continuous,101960.0,101999.9,101905.0,101996.1,11664940.63360001
2025-11-05 05:08:59.925000+00:00,2025-11-05 05:06:00+00:00,continuous,101996.1,102181.7,101964.5,102092.3,112740695.64640018
2025-11-05 05:11:59.905000+00:00,2025-11-05 05:09:00+00:00,continuous,102092.3,102200.0,102055.3,102120.3,63135256.50610003
2025-11-05 05:14:59.999000+00:00,2025-11-05 05:12:00+00:00,continuous,102120.3,102326.4,102120.2,102209.1,73900109.565
2025-11-05 05:17:59.903000+00:00,2025-11-05 05:15:00+00:00,continuous,102209.1,102278.3,102081.9,102197.1,22189291.889399953
2025-11-05 05:20:59.917000+00:00,2025-11-05 05:18:00+00:00,continuous,102197.0,102226.9,102037.7,102049.7,30222019.708900016
2025-11-05 05:23:59.977000+00:00,2025-11-05 05:21:00+00:00,continuous,102049.7,102100.3,101806.1,101854.1,53913910.94120013
2025-11-05 05:26:59.975000+00:00,2025-11-05 05:24:00+00:00,continuous,101854.1,101886.9,101617.4,101662.6,80631894.80419992
2025-11-05 05:29:59.976000+00:00,2025-11-05 05:27:00+00:00,continuous,101662.7,101861.6,101660.0,101825.7,20857490.790499937
2025-11-05 05:32:59.902000+00:00,2025-11-05 05:30:00+00:00,continuous,101825.7,101960.9,101820.8,101917.9,22839816.086000003
2025-11-05 05:35:59.955000+00:00,2025-11-05 05:33:00+00:00,continuous,101917.8,102000.0,101759.0,101759.0,22935898.350800015
2025-11-05 05:38:59.982000+00:00,2025-11-05 05:36:00+00:00,continuous,101759.0,101893.7,101678.5,101884.3,33981064.063699916
2025-11-05 05:41:59.217000+00:00,2025-11-05 05:39:00+00:00,continuous,101884.7,101894.9,101790.9,101884.9,11236981.503699971
2025-11-05 05:44:59.877000+00:00,2025-11-05 05:42:00+00:00,continuous,101884.9,101907.7,101721.9,101739.4,18374883.38840003
2025-11-05 05:47:59.835000+00:00,2025-11-05 05:45:00+00:00,continuous,101739.5,101747.1,101641.0,101664.7,26265932.831800073
2025-11-05 05:50:59.954000+00:00,2025-11-05 05:48:00+00:00,continuous,101664.7,101664.7,101536.8,101614.8,29595450.307599943
2025-11-05 05:53:59.941000+00:00,2025-11-05 05:51:00+00:00,continuous,101614.7,101720.9,101558.8,101688.9,16595174.641300026
2025-11-05 05:56:59.571000+00:00,2025-11-05 05:54:00+00:00,continuous,101688.9,101779.6,101643.7,101764.5,9151708.100700011
2025-11-05 05:59:59.918000+00:00,2025-11-05 05:57:00+00:00,continuous,101764.4,101782.7,101710.8,101768.2,6647857.473600001
2025-11-05 06:02:59.895000+00:00,2025-11-05 06:00:00+00:00,continuous,101768.1,101768.2,101693.5,101753.9,12666881.972099982
2025-11-05 06:05:59.798000+00:00,2025-11-05 06:03:00+00:00,continuous,101754.0,101775.2,101630.8,101673.2,11016641.166700002
2025-11-05 06:08:59.974000+00:00,2025-11-05 06:06:00+00:00,continuous,101673.3,101673.3,101539.5,101595.9,29303776.42939998
2025-11-05 06:11:59.914000+00:00,2025-11-05 06:09:00+00:00,continuous,101595.9,101617.8,101433.3,101459.6,74385177.29090023
2025-11-05 06:14:58.064000+00:00,2025-11-05 06:12:00+00:00,continuous,101459.7,101677.5,101459.7,101616.5,32976709.683400024
2025-11-05 06:17:59.705000+00:00,2025-11-05 06:15:00+00:00,continuous,101616.5,101668.1,101479.1,101578.0,29194721.143999964
2025-11-05 06:20:59.924000+00:00,2025-11-05 06:18:00+00:00,continuous,101577.9,101889.4,101577.9,101815.4,33720762.61290005
2025-11-05 06:23:59.890000+00:00,2025-11-05 06:21:00+00:00,continuous,101815.3,101815.4,101641.7,101695.1,27230050.6244
2025-11-05 06:26:59.821000+00:00,2025-11-05 06:24:00+00:00,continuous,101695.1,101820.4,101695.1,101762.3,14690295.002399987
2025-11-05 06:29:59.845000+00:00,2025-11-05 06:27:00+00:00,continuous,101762.3,101864.5,101762.3,101864.5,18810239.891000018
2025-11-05 06:32:59.602000+00:00,2025-11-05 06:30:00+00:00,continuous,101864.5,101911.4,101821.8,101872.4,18347243.492299996
2025-11-05 06:35:59.895000+00:00,2025-11-05 06:33:00+00:00,continuous,101872.4,102022.7,101842.5,101988.5,28405074.57170005
2025-11-05 06:38:59.901000+00:00,2025-11-05 06:36:00+00:00,continuous,101988.6,102010.0,101782.1,101790.0,24817994.617200013
2025-11-05 06:41:59.985000+00:00,2025-11-05 06:39:00+00:00,continuous,101790.0,101790.1,101695.1,101735.0,20885587.08019997
2025-11-05 06:44:59.363000+00:00,2025-11-05 06:42:00+00:00,continuous,101735.0,101856.4,101663.4,101836.4,18108616.82929995
2025-11-05 06:47:59.967000+00:00,2025-11-05 06:45:00+00:00,continuous,101836.4,101851.6,101766.2,101827.4,6645146.863000001
2025-11-05 06:50:59.524000+00:00,2025-11-05 06:48:00+00:00,continuous,101827.4,101980.0,101809.3,101945.0,16869274.997200012
2025-11-05 06:53:59.982000+00:00,2025-11-05 06:51:00+00:00,continuous,101944.9,102091.7,101936.3,102028.9,21777842.943799958
2025-11-05 06:56:59.934000+00:00,2025-11-05 06:54:00+00:00,continuous,102029.0,102042.9,101906.3,102042.9,14413507.433100017
2025-11-05 06:59:59.831000+00:00,2025-11-05 06:57:00+00:00,continuous,102042.9,102094.7,101996.6,102068.8,16358033.098999992
2025-11-05 07:02:59.880000+00:00,2025-11-05 07:00:00+00:00,continuous,102068.8,102100.0,101950.0,101984.9,18353935.12039997
2025-11-05 07:05:59.626000+00:00,2025-11-05 07:03:00+00:00,continuous,101985.0,102015.4,101861.1,101907.0,9933612.228600007
2025-11-05 07:08:59.916000+00:00,2025-11-05 07:06:00+00:00,continuous,101907.0,101919.8,101819.1,101863.8,8348794.012200017
2025-11-05 07:11:59.946000+00:00,2025-11-05 07:09:00+00:00,continuous,101863.7,101904.8,101700.0,101724.7,18033499.627199996
2025-11-05 07:14:59.761000+00:00,2025-11-05 07:12:00+00:00,continuous,101724.8,101890.5,101698.1,101880.1,14987403.617299942
2025-11-05 07:17:58.998000+00:00,2025-11-05 07:15:00+00:00,continuous,101880.0,101890.4,101827.8,101852.9,9246128.586800015
2025-11-05 07:20:59.990000+00:00,2025-11-05 07:18:00+00:00,continuous,101852.9,101880.1,101724.8,101729.0,8827578.8126
2025-11-05 07:23:59.919000+00:00,2025-11-05 07:21:00+00:00,continuous,101729.0,101729.0,101552.0,101680.2,36591623.1982
2025-11-05 07:26:59.718000+00:00,2025-11-05 07:24:00+00:00,continuous,101680.3,101793.0,101654.7,101659.4,17942353.270699993
2025-11-05 07:29:59.647000+00:00,2025-11-05 07:27:00+00:00,continuous,101659.4,101804.8,101657.0,101769.6,6076308.727300017
2025-11-05 07:32:59.570000+00:00,2025-11-05 07:30:00+00:00,continuous,101769.6,101853.6,101699.1,101751.0,11487946.627300028
2025-11-05 07:35:59.971000+00:00,2025-11-05 07:33:00+00:00,continuous,101751.1,101861.1,101751.1,101755.0,11022828.264300004
2025-11-05 07:38:59.861000+00:00,2025-11-05 07:36:00+00:00,continuous,101755.3,101874.2,101725.5,101818.8,12726769.55730001
2025-11-05 07:41:59.907000+00:00,2025-11-05 07:39:00+00:00,continuous,101818.8,101919.0,101778.0,101891.2,15932053.741600009
2025-11-05 07:44:59.986000+00:00,2025-11-05 07:42:00+00:00,continuous,101891.3,101900.0,101791.4,101893.9,12368878.54520005
2025-11-05 07:47:59.894000+00:00,2025-11-05 07:45:00+00:00,continuous,101893.9,101893.9,101836.9,101878.1,11341958.317899989
2025-11-05 07:50:59.535000+00:00,2025-11-05 07:48:00+00:00,continuous,101878.1,101913.2,101811.5,101913.1,14224500.589400016
2025-11-05 07:53:59.673000+00:00,2025-11-05 07:51:00+00:00,continuous,101913.2,101947.9,101844.3,101926.3,17136774.611100007
2025-11-05 07:56:59.885000+00:00,2025-11-05 07:54:00+00:00,continuous,101926.3,102100.0,101919.7,102017.5,50021604.915899985
2025-11-05 07:59:59.669000+00:00,2025-11-05 07:57:00+00:00,continuous,102017.6,102052.1,101932.4,101946.1,22218123.60100002
2025-11-05 08:02:59.997000+00:00,2025-11-05 08:00:00+00:00,continuous,101946.2,101946.3,101639.5,101741.2,61836615.484100126
2025-11-05 08:05:59.740000+00:00,2025-11-05 08:03:00+00:00,continuous,101741.2,101775.0,101658.9,101699.9,22644912.464000072
2025-11-05 08:08:59.599000+00:00,2025-11-05 08:06:00+00:00,continuous,101700.0,101760.0,101650.0,101701.9,40515420.61539998
2025-11-05 08:11:59.798000+00:00,2025-11-05 08:09:00+00:00,continuous,101702.0,101780.0,101621.0,101629.2,38815673.26799986
2025-11-05 08:14:59.997000+00:00,2025-11-05 08:12:00+00:00,continuous,101629.3,101706.0,101595.0,101670.8,27101568.842800025
2025-11-05 08:17:59.974000+00:00,2025-11-05 08:15:00+00:00,continuous,101670.8,101689.7,101459.4,101486.4,64187573.31760016
2025-11-05 08:20:59.985000+00:00,2025-11-05 08:18:00+00:00,continuous,101486.4,101520.4,101448.1,101460.1,22444239.814899936
2025-11-05 08:23:59.989000+00:00,2025-11-05 08:21:00+00:00,continuous,101460.1,101538.9,101135.0,101152.9,106161485.9585997
2025-11-05 08:26:59.864000+00:00,2025-11-05 08:24:00+00:00,continuous,101153.0,101377.8,101131.0,101377.0,100602055.18540019
2025-11-05 08:29:59.972000+00:00,2025-11-05 08:27:00+00:00,continuous,101377.0,101455.2,101348.6,101381.4,21196119.014000006
2025-11-05 08:32:59.893000+00:00,2025-11-05 08:30:00+00:00,continuous,101381.3,101672.8,101286.3,101566.8,29581903.621499974
2025-11-05 08:35:59.855000+00:00,2025-11-05 08:33:00+00:00,continuous,101566.9,101673.0,101520.0,101650.0,21697652.81819993
2025-11-05 08:38:59.999000+00:00,2025-11-05 08:36:00+00:00,continuous,101650.0,101738.8,101539.5,101584.8,30412114.651500072
2025-11-05 08:41:59.716000+00:00,2025-11-05 08:39:00+00:00,continuous,101584.7,101654.1,101455.8,101494.0,27876549.695599973
2025-11-05 08:44:59.591000+00:00,2025-11-05 08:42:00+00:00,continuous,101494.1,101535.3,101383.6,101459.4,16647385.311399998
2025-11-05 08:47:59.929000+00:00,2025-11-05 08:45:00+00:00,continuous,101459.3,101516.1,101190.0,101214.9,30340639.27119993
2025-11-05 08:50:59.996000+00:00,2025-11-05 08:48:00+00:00,continuous,101215.0,101745.1,101163.8,101731.8,86065123.40159993
2025-11-05 08:53:59.968000+00:00,2025-11-05 08:51:00+00:00,continuous,101731.6,101819.3,101568.7,101606.3,77315084.95590015
2025-11-05 08:56:59.426000+00:00,2025-11-05 08:54:00+00:00,continuous,101606.4,101810.6,101572.5,101715.9,28624104.646600023
2025-11-05 08:59:59.824000+00:00,2025-11-05 08:57:00+00:00,continuous,101716.0,101743.5,101630.0,101650.8,13237266.64130001
2025-11-05 09:02:59.739000+00:00,2025-11-05 09:00:00+00:00,continuous,101650.7,101704.2,101561.8,101676.3,12447696.461199999
2025-11-05 09:05:59.991000+00:00,2025-11-05 09:03:00+00:00,continuous,101676.2,101842.5,101676.0,101831.8,26141879.596900005
2025-11-05 09:08:59.963000+00:00,2025-11-05 09:06:00+00:00,continuous,101831.9,102119.0,101819.7,102081.8,65740960.23089998
2025-11-05 09:11:59.828000+00:00,2025-11-05 09:09:00+00:00,continuous,102081.9,102174.9,101966.8,101968.0,72660000.71069984
2025-11-05 09:14:59.538000+00:00,2025-11-05 09:12:00+00:00,continuous,101968.0,101997.0,101748.7,101865.9,27272950.102800038
2025-11-05 09:17:59.918000+00:00,2025-11-05 09:15:00+00:00,continuous,101865.9,101965.0,101822.4,101942.6,17408918.35309999
2025-11-05 09:20:59.980000+00:00,2025-11-05 09:18:00+00:00,continuous,101942.5,102020.7,101553.6,101568.8,49858631.31619999
2025-11-05 09:23:59.500000+00:00,2025-11-05 09:21:00+00:00,continuous,101568.9,101845.4,101568.8,101790.2,20006721.499100026
2025-11-05 09:26:59.968000+00:00,2025-11-05 09:24:00+00:00,continuous,101790.2,101895.0,101725.1,101852.1,10514014.903700026
2025-11-05 09:29:59.684000+00:00,2025-11-05 09:27:00+00:00,continuous,101852.2,101924.9,101750.0,101847.8,11430134.405499982
2025-11-05 09:32:59.888000+00:00,2025-11-05 09:30:00+00:00,continuous,101847.7,101879.5,101750.0,101758.0,9069840.188499993
2025-11-05 09:35:59.622000+00:00,2025-11-05 09:33:00+00:00,continuous,101758.0,101873.4,101700.0,101853.2,12199366.540799996
2025-11-05 09:38:59.930000+00:00,2025-11-05 09:36:00+00:00,continuous,101853.2,101885.6,101746.4,101854.9,12470152.38849999
2025-11-05 09:41:59.976000+00:00,2025-11-05 09:39:00+00:00,continuous,101854.8,101965.2,101831.7,101883.0,12465830.164699974
2025-11-05 09:44:59.686000+00:00,2025-11-05 09:42:00+00:00,continuous,101883.0,101926.0,101856.0,101894.5,5131803.999900005
2025-11-05 09:47:58.979000+00:00,2025-11-05 09:45:00+00:00,continuous,101894.4,101915.0,101844.7,101844.7,4393923.329999999
2025-11-05 09:50:59.624000+00:00,2025-11-05 09:48:00+00:00,continuous,101844.7,101950.5,101677.4,101882.6,46781410.55600017
2025-11-05 09:53:59.986000+00:00,2025-11-05 09:51:00+00:00,continuous,101882.6,101937.4,101803.9,101864.2,8265488.088999987
2025-11-05 09:56:59.602000+00:00,2025-11-05 09:54:00+00:00,continuous,101864.3,101980.0,101841.8,101926.2,11603391.04459999
2025-11-05 09:59:59.529000+00:00,2025-11-05 09:57:00+00:00,continuous,101926.2,101973.0,101902.4,101949.5,9333479.940400006
2025-11-05 10:02:59.941000+00:00,2025-11-05 10:00:00+00:00,continuous,101949.6,101949.6,101719.0,101839.3,17408977.38919993
2025-11-05 10:05:59.972000+00:00,2025-11-05 10:03:00+00:00,continuous,101839.3,101934.7,101823.0,101890.9,10226851.048300024
2025-11-05 10:08:59.903000+00:00,2025-11-05 10:06:00+00:00,continuous,101891.5,101939.3,101813.4,101849.6,11087940.586600065
2025-11-05 10:11:59.690000+00:00,2025-11-05 10:09:00+00:00,continuous,101849.6,101849.7,101708.5,101727.1,11807011.061799988
2025-11-05 10:14:59.918000+00:00,2025-11-05 10:12:00+00:00,continuous,101727.0,101778.6,101654.0,101710.1,15799270.323499981
2025-11-05 10:17:58.796000+00:00,2025-11-05 10:15:00+00:00,continuous,101710.1,101736.6,101621.5,101733.3,10473731.926700003
2025-11-05 10:20:59.674000+00:00,2025-11-05 10:18:00+00:00,continuous,101733.3,101800.0,101574.1,101594.4,38049349.16950008
2025-11-05 10:23:59.808000+00:00,2025-11-05 10:21:00+00:00,continuous,101594.4,101734.0,101587.2,101721.1,14157164.67130001
2025-11-05 10:26:59.866000+00:00,2025-11-05 10:24:00+00:00,continuous,101721.0,101812.4,101666.6,101732.3,17752144.495799996
2025-11-05 10:29:59.699000+00:00,2025-11-05 10:27:00+00:00,continuous,101732.3,101767.9,101695.0,101754.2,11748341.718199987
2025-11-05 10:32:59.997000+00:00,2025-11-05 10:30:00+00:00,continuous,101754.2,101800.0,101631.4,101674.9,14944752.298200006
2025-11-05 10:35:59.876000+00:00,2025-11-05 10:33:00+00:00,continuous,101675.0,101740.4,101635.5,101675.0,5737732.563199999
2025-11-05 10:38:59.848000+00:00,2025-11-05 10:36:00+00:00,continuous,101675.0,101767.3,101621.5,101635.0,10086769.249599986
2025-11-05 10:41:59.923000+00:00,2025-11-05 10:39:00+00:00,continuous,101635.0,101735.1,101518.0,101690.3,21100631.93720004
2025-11-05 10:44:59.562000+00:00,2025-11-05 10:42:00+00:00,continuous,101690.3,101720.5,101633.0,101648.0,8549565.140599998
2025-11-05 10:47:59.612000+00:00,2025-11-05 10:45:00+00:00,continuous,101648.0,101651.6,101450.0,101557.5,21462047.539300054
2025-11-05 10:50:59.819000+00:00,2025-11-05 10:48:00+00:00,continuous,101557.4,101581.2,101367.3,101381.9,30767505.338000055
2025-11-05 10:53:59.894000+00:00,2025-11-05 10:51:00+00:00,continuous,101381.8,101411.3,101350.0,101363.7,24009353.202900015
2025-11-05 10:56:59.976000+00:00,2025-11-05 10:54:00+00:00,continuous,101363.8,101363.8,101250.0,101323.4,34784738.36469992
2025-11-05 10:59:59.880000+00:00,2025-11-05 10:57:00+00:00,continuous,101323.3,101394.3,101310.0,101352.5,15634283.513700038
2025-11-05 11:02:59.758000+00:00,2025-11-05 11:00:00+00:00,continuous,101352.6,101438.0,101338.0,101428.7,14453596.826499948
2025-11-05 11:05:58.466000+00:00,2025-11-05 11:03:00+00:00,continuous,101428.6,101575.7,101427.0,101545.7,29846868.86630003
2025-11-05 11:08:59.788000+00:00,2025-11-05 11:06:00+00:00,continuous,101545.8,101654.9,101510.5,101544.0,17582159.357900027
2025-11-05 11:11:59.931000+00:00,2025-11-05 11:09:00+00:00,continuous,101544.1,101580.6,101426.0,101548.9,11460823.961000001
2025-11-05 11:14:59.716000+00:00,2025-11-05 11:12:00+00:00,continuous,101549.0,101667.4,101506.0,101506.0,32806297.64729996
2025-11-05 11:17:59.976000+00:00,2025-11-05 11:15:00+00:00,continuous,101506.1,101735.1,101481.9,101505.4,60245567.750199996
2025-11-05 11:20:58.029000+00:00,2025-11-05 11:18:00+00:00,continuous,101505.4,101543.7,101429.7,101481.0,15942424.301999995
2025-11-05 11:23:59.289000+00:00,2025-11-05 11:21:00+00:00,continuous,101481.0,101539.1,101436.5,101508.9,22078448.30599998
2025-11-05 11:26:59.978000+00:00,2025-11-05 11:24:00+00:00,continuous,101508.9,101706.1,101508.9,101556.0,31039079.590600003
2025-11-05 11:29:59.378000+00:00,2025-11-05 11:27:00+00:00,continuous,101556.1,101560.9,101506.7,101554.5,8814962.522899983
2025-11-05 11:32:59.852000+00:00,2025-11-05 11:30:00+00:00,continuous,101554.5,101676.0,101554.4,101632.5,16689135.080900026
2025-11-05 11:35:59.857000+00:00,2025-11-05 11:33:00+00:00,continuous,101632.4,101699.9,101530.0,101699.9,9746770.735800017
2025-11-05 11:38:59.487000+00:00,2025-11-05 11:36:00+00:00,continuous,101700.0,101800.0,101691.3,101729.9,15310407.557500016
2025-11-05 11:41:59.853000+00:00,2025-11-05 11:39:00+00:00,continuous,101729.9,101800.0,101721.0,101722.4,12613122.709599974
2025-11-05 11:44:59.687000+00:00,2025-11-05 11:42:00+00:00,continuous,101722.5,101744.9,101613.3,101696.2,11518292.818400033
2025-11-05 11:47:59.510000+00:00,2025-11-05 11:45:00+00:00,continuous,101696.2,101744.1,101690.0,101744.1,7489014.507399993
2025-11-05 11:50:59.951000+00:00,2025-11-05 11:48:00+00:00,continuous,101744.1,101872.7,101728.0,101872.6,20955931.045500055
2025-11-05 11:53:59.705000+00:00,2025-11-05 11:51:00+00:00,continuous,101872.6,102050.0,101843.1,102017.6,52788306.388799936
2025-11-05 11:56:59.956000+00:00,2025-11-05 11:54:00+00:00,continuous,102017.6,102017.7,101941.4,101986.6,17613927.660299987
2025-11-05 11:59:59.858000+00:00,2025-11-05 11:57:00+00:00,continuous,101986.6,102060.4,101923.4,102019.4,40576195.81490007
2025-11-05 12:02:59.908000+00:00,2025-11-05 12:00:00+00:00,continuous,102019.3,102056.0,101943.3,102029.0,29530188.098100014
2025-11-05 12:05:59.873000+00:00,2025-11-05 12:03:00+00:00,continuous,102029.0,102029.0,101882.8,101926.9,16350240.366300007
2025-11-05 12:08:59.932000+00:00,2025-11-05 12:06:00+00:00,continuous,101926.6,102006.4,101867.8,101977.1,14946346.330899997
2025-11-05 12:11:59.854000+00:00,2025-11-05 12:09:00+00:00,continuous,101977.1,102000.0,101908.8,101961.2,14540748.560599955
2025-11-05 12:14:59.926000+00:00,2025-11-05 12:12:00+00:00,continuous,101961.3,102012.0,101935.7,101985.3,8799633.098599995
2025-11-05 12:17:59.898000+00:00,2025-11-05 12:15:00+00:00,continuous,101985.4,102041.7,101954.0,102033.3,24303277.16219997
2025-11-05 12:20:59.881000+00:00,2025-11-05 12:18:00+00:00,continuous,102033.3,102245.8,102026.8,102243.3,75253565.99219982
2025-11-05 12:23:59.980000+00:00,2025-11-05 12:21:00+00:00,continuous,102243.2,102440.7,102243.2,102433.9,114443254.04999949
2025-11-05 12:26:59.903000+00:00,2025-11-05 12:24:00+00:00,continuous,102433.8,102853.2,102330.7,102438.8,281163123.13769895
2025-11-05 12:29:59.903000+00:00,2025-11-05 12:27:00+00:00,continuous,102438.8,102500.0,102265.1,102466.7,76423093.31150009
2025-11-05 12:32:59.635000+00:00,2025-11-05 12:30:00+00:00,continuous,102466.7,102466.8,102237.6,102317.0,54843372.85310012
2025-11-05 12:35:59.702000+00:00,2025-11-05 12:33:00+00:00,continuous,102317.1,102441.3,102271.4,102389.2,41713509.097299874
2025-11-05 12:38:59.957000+00:00,2025-11-05 12:36:00+00:00,continuous,102389.2,102480.0,102377.1,102447.2,15661363.962499976
2025-11-05 12:41:59.811000+00:00,2025-11-05 12:39:00+00:00,continuous,102447.1,102552.5,102406.0,102494.3,23734966.464400012
2025-11-05 12:44:59.960000+00:00,2025-11-05 12:42:00+00:00,continuous,102494.3,102678.7,102471.6,102664.1,34412988.17140008
2025-11-05 12:47:59.876000+00:00,2025-11-05 12:45:00+00:00,continuous,102664.1,102673.1,102491.4,102613.2,40517927.43370004
2025-11-05 12:50:59.843000+00:00,2025-11-05 12:48:00+00:00,continuous,102613.3,102681.4,102575.2,102650.1,26419514.693800032
2025-11-05 12:53:59.780000+00:00,2025-11-05 12:51:00+00:00,continuous,102650.1,102652.7,102432.8,102515.0,25799983.97070005
2025-11-05 12:56:59.896000+00:00,2025-11-05 12:54:00+00:00,continuous,102515.0,102560.6,102420.9,102560.5,18399779.402899995
2025-11-05 12:59:59.721000+00:00,2025-11-05 12:57:00+00:00,continuous,102560.6,102629.7,102560.5,102622.7,19917505.25100002
2025-11-05 13:02:59.981000+00:00,2025-11-05 13:00:00+00:00,continuous,102622.6,102716.4,102580.0,102699.9,25557767.625400074
2025-11-05 13:05:59.879000+00:00,2025-11-05 13:03:00+00:00,continuous,102700.0,102719.7,102551.0,102583.9,22077271.179999944
2025-11-05 13:08:59.709000+00:00,2025-11-05 13:06:00+00:00,continuous,102583.9,102634.7,102550.0,102564.5,15785052.664000036
2025-11-05 13:11:59.877000+00:00,2025-11-05 13:09:00+00:00,continuous,102564.6,102584.7,102450.0,102456.0,18711793.92890002
2025-11-05 13:14:59.850000+00:00,2025-11-05 13:12:00+00:00,continuous,102456.0,102488.8,102430.0,102443.6,19001402.054299954
2025-11-05 13:17:59.292000+00:00,2025-11-05 13:15:00+00:00,continuous,102443.6,102446.8,102305.5,102400.0,33737777.65589987
2025-11-05 13:20:59.839000+00:00,2025-11-05 13:18:00+00:00,continuous,102400.0,102413.6,102240.7,102284.8,39864927.2080001
2025-11-05 13:23:59.962000+00:00,2025-11-05 13:21:00+00:00,continuous,102284.9,102545.6,102243.8,102470.8,37989957.10309999
2025-11-05 13:26:59.757000+00:00,2025-11-05 13:24:00+00:00,continuous,102470.7,102503.0,102400.7,102412.3,13950026.475300003
2025-11-05 13:29:59.382000+00:00,2025-11-05 13:27:00+00:00,continuous,102412.3,102518.5,102412.3,102471.7,16518044.209099954
2025-11-05 13:32:59.856000+00:00,2025-11-05 13:30:00+00:00,continuous,102471.7,102479.4,102375.6,102375.7,13243033.637799967
2025-11-05 13:35:59.958000+00:00,2025-11-05 13:33:00+00:00,continuous,102375.7,102399.8,102306.2,102368.1,9794873.962599995
2025-11-05 13:38:59.958000+00:00,2025-11-05 13:36:00+00:00,continuous,102368.2,102599.8,102343.8,102594.5,24622431.78140003
2025-11-05 13:41:59.985000+00:00,2025-11-05 13:39:00+00:00,continuous,102594.3,102831.3,102565.3,102806.1,34348522.3487
2025-11-05 13:44:59.777000+00:00,2025-11-05 13:42:00+00:00,continuous,102806.0,102940.1,102740.7,102779.9,74082696.85050005
2025-11-05 13:47:59.988000+00:00,2025-11-05 13:45:00+00:00,continuous,102780.0,102897.1,102721.2,102895.5,38267546.00509984
2025-11-05 13:50:59.950000+00:00,2025-11-05 13:48:00+00:00,continuous,102895.4,103060.0,102837.9,103020.7,167171482.5974998
2025-11-05 13:53:59.992000+00:00,2025-11-05 13:51:00+00:00,continuous,103020.6,103173.0,102967.8,103143.7,58592995.17400043
2025-11-05 13:56:59.813000+00:00,2025-11-05 13:54:00+00:00,continuous,103143.7,103207.0,102880.0,102919.6,63241584.03300005
2025-11-05 13:59:59.876000+00:00,2025-11-05 13:57:00+00:00,continuous,102919.6,102966.0,102827.6,102926.1,29850222.920000073
2025-11-05 14:02:59.819000+00:00,2025-11-05 14:00:00+00:00,continuous,102926.2,102960.7,102692.4,102928.2,61040704.9920999
2025-11-05 14:05:59.946000+00:00,2025-11-05 14:03:00+00:00,continuous,102928.2,102973.5,102830.7,102888.6,24352633.19229997
2025-11-05 14:08:59.845000+00:00,2025-11-05 14:06:00+00:00,continuous,102888.6,102888.7,102744.4,102762.0,24795989.798300005
2025-11-05 14:11:59.768000+00:00,2025-11-05 14:09:00+00:00,continuous,102762.0,102762.1,102682.8,102746.4,28651463.93399995
2025-11-05 14:14:59.901000+00:00,2025-11-05 14:12:00+00:00,continuous,102746.4,102756.6,102558.2,102594.7,31587644.38899991
2025-11-05 14:17:59.984000+00:00,2025-11-05 14:15:00+00:00,continuous,102594.7,102704.0,102515.4,102696.0,32994487.73940013
2025-11-05 14:20:59.493000+00:00,2025-11-05 14:18:00+00:00,continuous,102695.9,102737.4,102570.0,102646.6,29878883.073899996
2025-11-05 14:23:59.962000+00:00,2025-11-05 14:21:00+00:00,continuous,102646.7,102707.0,102590.8,102602.3,23873897.431099996
2025-11-05 14:26:59.981000+00:00,2025-11-05 14:24:00+00:00,continuous,102602.4,102602.5,102439.8,102554.3,31164387.494699955
2025-11-05 14:29:59.861000+00:00,2025-11-05 14:27:00+00:00,continuous,102554.4,102674.9,102554.4,102611.5,21281913.079899944
2025-11-05 14:32:59.931000+00:00,2025-11-05 14:30:00+00:00,continuous,102611.6,102792.5,102401.6,102495.4,57952878.705000274
2025-11-05 14:35:59.980000+00:00,2025-11-05 14:33:00+00:00,continuous,102495.4,102495.4,102120.0,102332.7,122549367.93959992
2025-11-05 14:38:59.883000+00:00,2025-11-05 14:36:00+00:00,continuous,102333.1,102453.5,102218.0,102431.0,39873869.44050005
2025-11-05 14:41:59.995000+00:00,2025-11-05 14:39:00+00:00,continuous,102431.0,103199.9,102431.0,102984.2,146929543.25140038
2025-11-05 14:44:59.992000+00:00,2025-11-05 14:42:00+00:00,continuous,102984.3,103338.1,102900.0,102934.4,116046852.1270005
2025-11-05 14:47:59.900000+00:00,2025-11-05 14:45:00+00:00,continuous,102930.2,103121.4,102789.4,103053.5,88303584.78099972
2025-11-05 14:50:59.858000+00:00,2025-11-05 14:48:00+00:00,continuous,103053.4,103271.7,102974.2,103230.0,47021635.54520001
2025-11-05 14:53:59.996000+00:00,2025-11-05 14:51:00+00:00,continuous,103230.0,103440.0,103220.0,103356.5,86265911.13019991
2025-11-05 14:56:59.527000+00:00,2025-11-05 14:54:00+00:00,continuous,103356.6,103356.6,103141.4,103212.9,45293657.87560009
2025-11-05 14:59:59.926000+00:00,2025-11-05 14:57:00+00:00,continuous,103212.9,103276.5,103061.0,103162.6,24736926.120800026
2025-11-05 15:02:59.888000+00:00,2025-11-05 15:00:00+00:00,continuous,103162.6,103167.9,102881.8,102890.5,57137332.741599955
2025-11-05 15:05:59.987000+00:00,2025-11-05 15:03:00+00:00,continuous,102890.5,103017.4,102777.0,102958.6,43918448.10549999
2025-11-05 15:08:59.990000+00:00,2025-11-05 15:06:00+00:00,continuous,102958.7,103242.0,102921.0,103238.4,37755565.81910016
2025-11-05 15:11:59.935000+00:00,2025-11-05 15:09:00+00:00,continuous,103238.3,103392.8,103049.9,103127.2,51660843.38440001
2025-11-05 15:14:59.678000+00:00,2025-11-05 15:12:00+00:00,continuous,103127.1,103150.0,102935.7,102960.1,42715649.47729997
2025-11-05 15:17:59.891000+00:00,2025-11-05 15:15:00+00:00,continuous,102960.1,103294.0,102870.4,103168.2,37849406.73550009
2025-11-05 15:20:59.661000+00:00,2025-11-05 15:18:00+00:00,continuous,103168.2,103250.0,103029.3,103210.6,24438213.531900033
2025-11-05 15:23:59.913000+00:00,2025-11-05 15:21:00+00:00,continuous,103210.5,103300.0,102983.3,103295.8,29657120.666999936
2025-11-05 15:26:59.914000+00:00,2025-11-05 15:24:00+00:00,continuous,103295.8,103319.7,103073.4,103228.7,27324345.57800001
2025-11-05 15:29:59.591000+00:00,2025-11-05 15:27:00+00:00,continuous,103228.7,103439.7,103211.2,103312.1,40382393.9125999
2025-11-05 15:32:59.866000+00:00,2025-11-05 15:30:00+00:00,continuous,103312.1,103424.0,103204.0,103240.7,24012839.150599986
2025-11-05 15:35:59.888000+00:00,2025-11-05 15:33:00+00:00,continuous,103240.6,103433.4,103210.0,103422.4,24344961.838700023
2025-11-05 15:38:59.907000+00:00,2025-11-05 15:36:00+00:00,continuous,103422.4,103455.0,103279.4,103454.9,31346910.77540005
2025-11-05 15:41:59.999000+00:00,2025-11-05 15:39:00+00:00,continuous,103454.9,103724.4,103392.0,103495.3,144344232.6937995
2025-11-05 15:44:59.971000+00:00,2025-11-05 15:42:00+00:00,continuous,103495.4,103750.0,103451.1,103503.0,64936715.35229983
2025-11-05 15:47:59.882000+00:00,2025-11-05 15:45:00+00:00,continuous,103503.0,103699.0,103500.0,103631.8,34328989.7513002
2025-11-05 15:50:59.835000+00:00,2025-11-05 15:48:00+00:00,continuous,103631.7,103694.4,103459.7,103545.9,40103002.56400001
2025-11-05 15:53:59.885000+00:00,2025-11-05 15:51:00+00:00,continuous,103545.9,103623.1,103483.7,103535.9,25367283.432100028
2025-11-05 15:56:59.930000+00:00,2025-11-05 15:54:00+00:00,continuous,103535.8,103674.0,103535.8,103614.1,27835564.23559991
2025-11-05 15:59:59.967000+00:00,2025-11-05 15:57:00+00:00,continuous,103614.2,103746.6,103560.6,103668.3,23916378.80670002
2025-11-05 16:02:59.855000+00:00,2025-11-05 16:00:00+00:00,continuous,103668.2,103790.0,103612.1,103681.0,50194662.873799995
2025-11-05 16:05:59.601000+00:00,2025-11-05 16:03:00+00:00,continuous,103680.9,103690.0,103407.5,103495.0,57997358.87959986
2025-11-05 16:08:59.919000+00:00,2025-11-05 16:06:00+00:00,continuous,103495.0,103561.2,103352.6,103450.0,43647189.77270015
2025-11-05 16:11:59.926000+00:00,2025-11-05 16:09:00+00:00,continuous,103450.1,103575.0,103385.6,103461.4,22089825.394000035
2025-11-05 16:14:59.858000+00:00,2025-11-05 16:12:00+00:00,continuous,103461.4,103461.4,103225.2,103265.9,37488532.97869999
2025-11-05 16:17:59.953000+00:00,2025-11-05 16:15:00+00:00,continuous,103265.9,103396.5,103218.7,103263.3,41730376.28890004
2025-11-05 16:20:59.991000+00:00,2025-11-05 16:18:00+00:00,continuous,103263.3,103311.0,102972.8,103004.6,94513839.58440028
2025-11-05 16:23:59.839000+00:00,2025-11-05 16:21:00+00:00,continuous,103004.7,103182.2,103004.6,103164.1,35634728.62860011
2025-11-05 16:26:59.995000+00:00,2025-11-05 16:24:00+00:00,continuous,103164.1,103397.2,103164.0,103362.8,29717830.94970002
2025-11-05 16:29:59.896000+00:00,2025-11-05 16:27:00+00:00,continuous,103362.5,103504.0,103305.5,103459.2,21430660.15910003
2025-11-05 16:32:59.831000+00:00,2025-11-05 16:30:00+00:00,continuous,103459.2,103581.8,103430.4,103483.1,24327019.86770007
2025-11-05 16:35:59.777000+00:00,2025-11-05 16:33:00+00:00,continuous,103483.0,103639.0,103483.0,103517.6,27790295.42949996
2025-11-05 16:38:59.992000+00:00,2025-11-05 16:36:00+00:00,continuous,103517.5,103750.0,103490.0,103707.7,40095158.08629998
2025-11-05 16:41:59.828000+00:00,2025-11-05 16:39:00+00:00,continuous,103707.6,103718.0,103486.4,103503.0,29695474.144299872
2025-11-05 16:44:59.927000+00:00,2025-11-05 16:42:00+00:00,continuous,103503.0,103584.0,103485.5,103546.8,37188234.18060009
2025-11-05 16:47:59.856000+00:00,2025-11-05 16:45:00+00:00,continuous,103546.7,103739.0,103532.4,103668.3,35498690.23590009
2025-11-05 16:50:59.717000+00:00,2025-11-05 16:48:00+00:00,continuous,103668.3,103930.2,103650.0,103905.1,68192546.98479998
2025-11-05 16:53:58.869000+00:00,2025-11-05 16:51:00+00:00,continuous,103905.0,103979.5,103784.7,103899.0,52955564.96600004
2025-11-05 16:56:59.977000+00:00,2025-11-05 16:54:00+00:00,continuous,103899.5,103990.3,103880.0,103901.6,36264087.5631002
2025-11-05 16:59:59.894000+00:00,2025-11-05 16:57:00+00:00,continuous,103901.7,103960.6,103810.0,103865.0,33294676.17090001
2025-11-05 17:02:59.958000+00:00,2025-11-05 17:00:00+00:00,continuous,103865.1,103873.3,103688.0,103740.0,30549671.513199933
2025-11-05 17:05:59.958000+00:00,2025-11-05 17:03:00+00:00,continuous,103739.9,103752.2,103593.8,103600.1,29409570.17629997
2025-11-05 17:08:59.866000+00:00,2025-11-05 17:06:00+00:00,continuous,103600.0,103647.6,103422.4,103457.8,35222775.24019996
2025-11-05 17:11:59.970000+00:00,2025-11-05 17:09:00+00:00,continuous,103457.9,103473.5,103326.7,103400.0,45861994.521899946
2025-11-05 17:14:59.745000+00:00,2025-11-05 17:12:00+00:00,continuous,103399.9,103481.0,103355.5,103426.9,24549948.696100015
2025-11-05 17:17:59.991000+00:00,2025-11-05 17:15:00+00:00,continuous,103426.9,103621.3,103388.0,103589.6,30054561.4156
2025-11-05 17:20:59.817000+00:00,2025-11-05 17:18:00+00:00,continuous,103589.7,103747.7,103511.7,103667.2,23399161.02909993
2025-11-05 17:23:59.900000+00:00,2025-11-05 17:21:00+00:00,continuous,103667.3,103800.0,103617.6,103799.9,36873219.59410002
2025-11-05 17:26:59.891000+00:00,2025-11-05 17:24:00+00:00,continuous,103799.9,103900.0,103759.9,103899.9,25666879.24550003
2025-11-05 17:29:59.779000+00:00,2025-11-05 17:27:00+00:00,continuous,103899.9,103953.9,103850.0,103850.1,23739376.967599943
2025-11-05 17:32:59.925000+00:00,2025-11-05 17:30:00+00:00,continuous,103850.0,103949.5,103750.0,103789.2,25622880.9697
2025-11-05 17:35:59.967000+00:00,2025-11-05 17:33:00+00:00,continuous,103789.2,103846.4,103719.1,103764.0,15411509.134700049
2025-11-05 17:38:59.831000+00:00,2025-11-05 17:36:00+00:00,continuous,103763.9,103834.1,103700.0,103834.1,16989504.90870004
2025-11-05 17:41:59.993000+00:00,2025-11-05 17:39:00+00:00,continuous,103834.0,103840.8,103692.0,103750.0,22619559.286199972
2025-11-05 17:44:59.824000+00:00,2025-11-05 17:42:00+00:00,continuous,103749.9,103950.8,103749.9,103868.9,23496016.421000015
2025-11-05 17:47:59.217000+00:00,2025-11-05 17:45:00+00:00,continuous,103868.9,103871.4,103509.7,103573.9,34405877.126299925
2025-11-05 17:50:59.947000+00:00,2025-11-05 17:48:00+00:00,continuous,103573.9,103573.9,103452.5,103456.9,19808961.899100006
2025-11-05 17:53:59.962000+00:00,2025-11-05 17:51:00+00:00,continuous,103456.9,103640.0,103456.9,103640.0,24952489.020200044
2025-11-05 17:56:59.888000+00:00,2025-11-05 17:54:00+00:00,continuous,103639.9,103846.0,103639.9,103793.7,18731691.646799967
2025-11-05 17:59:59.747000+00:00,2025-11-05 17:57:00+00:00,continuous,103793.8,103884.2,103749.8,103850.6,23012319.0943
2025-11-05 18:02:59.546000+00:00,2025-11-05 18:00:00+00:00,continuous,103850.6,103850.7,103700.0,103726.3,18632482.089999977
2025-11-05 18:05:59.883000+00:00,2025-11-05 18:03:00+00:00,continuous,103726.3,103857.9,103704.1,103857.9,12640023.20750001
2025-11-05 18:08:59.912000+00:00,2025-11-05 18:06:00+00:00,continuous,103857.8,103928.0,103776.1,103794.8,17756118.062800013
2025-11-05 18:11:59.709000+00:00,2025-11-05 18:09:00+00:00,continuous,103794.7,103867.6,103724.3,103861.9,19276627.102700055
2025-11-05 18:14:59.962000+00:00,2025-11-05 18:12:00+00:00,continuous,103861.9,103893.0,103795.5,103890.0,8567142.740799999
2025-11-05 18:17:59.953000+00:00,2025-11-05 18:15:00+00:00,continuous,103889.9,104073.6,103854.0,104001.0,54064515.296800084
2025-11-05 18:20:59.933000+00:00,2025-11-05 18:18:00+00:00,continuous,104001.1,104001.1,103885.7,103885.8,22113469.929099977
2025-11-05 18:23:59.746000+00:00,2025-11-05 18:21:00+00:00,continuous,103885.7,103967.0,103850.0,103888.0,11412256.576199977
2025-11-05 18:26:59.885000+00:00,2025-11-05 18:24:00+00:00,continuous,103888.0,104100.0,103853.6,104076.7,41885587.47650011
2025-11-05 18:29:59.938000+00:00,2025-11-05 18:27:00+00:00,continuous,104076.7,104076.7,103944.7,104063.9,31487643.079099968
2025-11-05 18:32:59.635000+00:00,2025-11-05 18:30:00+00:00,continuous,104063.9,104064.0,103961.3,103970.6,24307462.36420003
2025-11-05 18:35:59.878000+00:00,2025-11-05 18:33:00+00:00,continuous,103970.6,104066.8,103970.6,104040.2,41093889.041700095
2025-11-05 18:38:59.912000+00:00,2025-11-05 18:36:00+00:00,continuous,104040.3,104235.4,104040.2,104196.5,60653961.95069992
2025-11-05 18:41:59.946000+00:00,2025-11-05 18:39:00+00:00,continuous,104196.5,104234.4,104092.4,104162.5,20106545.03119996
2025-11-05 18:44:59.966000+00:00,2025-11-05 18:42:00+00:00,continuous,104162.5,104162.5,104120.9,104130.1,14960497.640199965
2025-11-05 18:47:59.740000+00:00,2025-11-05 18:45:00+00:00,continuous,104130.0,104282.3,104053.6,104270.0,37292023.41669987
2025-11-05 18:50:59.807000+00:00,2025-11-05 18:48:00+00:00,continuous,104270.1,104317.1,104189.5,104255.8,44526956.72369997
2025-11-05 18:53:59.912000+00:00,2025-11-05 18:51:00+00:00,continuous,104255.9,104368.5,104186.9,104276.4,39239877.41120013
2025-11-05 18:56:59.642000+00:00,2025-11-05 18:54:00+00:00,continuous,104276.7,104383.6,104276.7,104294.3,23757774.461399984
2025-11-05 18:59:59.928000+00:00,2025-11-05 18:57:00+00:00,continuous,104294.3,104300.0,104215.5,104292.8,13737220.035300007
2025-11-05 19:02:59.909000+00:00,2025-11-05 19:00:00+00:00,continuous,104292.9,104300.1,104224.7,104224.7,20196237.859600034
2025-11-05 19:05:59.878000+00:00,2025-11-05 19:03:00+00:00,continuous,104224.8,104265.3,104149.9,104162.4,26025334.54190009
2025-11-05 19:08:59.444000+00:00,2025-11-05 19:06:00+00:00,continuous,104162.5,104218.5,104035.0,104047.4,24893051.6715
2025-11-05 19:11:59.893000+00:00,2025-11-05 19:09:00+00:00,continuous,104047.5,104131.2,104020.6,104095.0,22868389.622699987
2025-11-05 19:14:59.818000+00:00,2025-11-05 19:12:00+00:00,continuous,104095.0,104110.0,104060.4,104107.6,11833866.741599988
2025-11-05 19:17:59.916000+00:00,2025-11-05 19:15:00+00:00,continuous,104107.5,104496.6,104107.5,104358.0,65082248.612300046
2025-11-05 19:20:58.773000+00:00,2025-11-05 19:18:00+00:00,continuous,104358.1,104369.0,104177.7,104280.9,17104461.682300024
2025-11-05 19:23:59.957000+00:00,2025-11-05 19:21:00+00:00,continuous,104280.8,104280.9,104134.5,104156.4,15852740.545800038
2025-11-05 19:26:59.813000+00:00,2025-11-05 19:24:00+00:00,continuous,104156.5,104299.8,104150.0,104299.8,12368964.595599998
2025-11-05 19:29:59.935000+00:00,2025-11-05 19:27:00+00:00,continuous,104299.7,104299.7,104150.0,104150.0,11976828.961899988
2025-11-05 19:32:59.443000+00:00,2025-11-05 19:30:00+00:00,continuous,104150.0,104285.7,104139.0,104260.1,11606065.6068
2025-11-05 19:35:59.982000+00:00,2025-11-05 19:33:00+00:00,continuous,104260.0,104299.9,104199.9,104275.8,9738966.992099974
2025-11-05 19:38:59.845000+00:00,2025-11-05 19:36:00+00:00,continuous,104275.7,104412.1,104275.7,104284.8,28470126.31889989
2025-11-05 19:41:59.702000+00:00,2025-11-05 19:39:00+00:00,continuous,104284.7,104393.0,104266.5,104379.9,7823106.994900004
2025-11-05 19:44:59.926000+00:00,2025-11-05 19:42:00+00:00,continuous,104379.8,104390.0,104239.4,104265.4,13426838.418499995
2025-11-05 19:47:59.988000+00:00,2025-11-05 19:45:00+00:00,continuous,104265.3,104277.6,104047.4,104061.7,17408181.798999954
2025-11-05 19:50:59.925000+00:00,2025-11-05 19:48:00+00:00,continuous,104061.8,104061.8,103926.1,104042.4,44506634.09029983
2025-11-05 19:53:59.948000+00:00,2025-11-05 19:51:00+00:00,continuous,104042.4,104086.5,103984.9,103991.0,12281501.633400008
2025-11-05 19:56:59.809000+00:00,2025-11-05 19:54:00+00:00,continuous,103991.0,104132.0,103991.0,104017.3,15056090.24890001
2025-11-05 19:59:59.901000+00:00,2025-11-05 19:57:00+00:00,continuous,104017.2,104066.8,103950.0,103950.0,15494043.189800013
2025-11-05 20:02:59.413000+00:00,2025-11-05 20:00:00+00:00,continuous,103950.0,104042.2,103874.8,103995.8,23466626.784399964
2025-11-05 20:05:59.860000+00:00,2025-11-05 20:03:00+00:00,continuous,103995.8,104134.8,103989.5,104040.2,14021220.232700016
2025-11-05 20:08:59.664000+00:00,2025-11-05 20:06:00+00:00,continuous,104040.1,104176.7,104040.1,104089.2,14706002.81529995
2025-11-05 20:11:59.992000+00:00,2025-11-05 20:09:00+00:00,continuous,104089.3,104208.0,104089.2,104182.2,15395682.044899976
2025-11-05 20:14:59.803000+00:00,2025-11-05 20:12:00+00:00,continuous,104182.1,104497.6,104182.1,104466.7,88596630.70640008
2025-11-05 20:17:59.922000+00:00,2025-11-05 20:15:00+00:00,continuous,104466.8,104483.7,104282.6,104282.6,23579408.159899984
2025-11-05 20:20:59.868000+00:00,2025-11-05 20:18:00+00:00,continuous,104282.7,104294.6,104231.7,104289.6,12649715.455200005
2025-11-05 20:23:59.803000+00:00,2025-11-05 20:21:00+00:00,continuous,104289.5,104355.7,104225.5,104260.1,13896426.144
2025-11-05 20:26:59.816000+00:00,2025-11-05 20:24:00+00:00,continuous,104260.2,104301.8,104081.7,104105.0,15522657.795000007
2025-11-05 20:29:59.950000+00:00,2025-11-05 20:27:00+00:00,continuous,104105.1,104108.1,103945.0,103956.7,20490482.99160001
2025-11-05 20:32:59.799000+00:00,2025-11-05 20:30:00+00:00,continuous,103956.8,103956.8,103769.6,103872.0,39861856.21849993
2025-11-05 20:35:59.998000+00:00,2025-11-05 20:33:00+00:00,continuous,103872.0,103968.6,103833.1,103918.0,19462092.808399994
2025-11-05 20:38:59.961000+00:00,2025-11-05 20:36:00+00:00,continuous,103918.1,103942.7,103683.2,103739.4,27919720.51109996
2025-11-05 20:41:59.972000+00:00,2025-11-05 20:39:00+00:00,continuous,103739.4,103959.8,103739.4,103906.3,21569832.466699976
2025-11-05 20:44:59.491000+00:00,2025-11-05 20:42:00+00:00,continuous,103906.4,103941.9,103818.4,103854.5,16447356.478400012
2025-11-05 20:47:59.705000+00:00,2025-11-05 20:45:00+00:00,continuous,103854.5,103870.8,103566.3,103696.0,45015569.24670005
2025-11-05 20:50:59.958000+00:00,2025-11-05 20:48:00+00:00,continuous,103695.9,103857.7,103652.0,103857.7,16591208.59880002
2025-11-05 20:53:59.790000+00:00,2025-11-05 20:51:00+00:00,continuous,103857.8,103913.3,103696.1,103791.4,16588647.056400007
2025-11-05 20:56:59.659000+00:00,2025-11-05 20:54:00+00:00,continuous,103791.5,103948.0,103791.5,103925.7,21604444.822600015
2025-11-05 20:59:59.508000+00:00,2025-11-05 20:57:00+00:00,continuous,103925.6,103925.6,103725.0,103788.0,25050493.261500042
2025-11-05 21:02:59.976000+00:00,2025-11-05 21:00:00+00:00,continuous,103788.0,103788.1,103558.5,103598.1,38702339.0515
2025-11-05 21:05:59.793000+00:00,2025-11-05 21:03:00+00:00,continuous,103598.1,103732.0,103590.4,103699.6,21941686.751299977
2025-11-05 21:08:59.707000+00:00,2025-11-05 21:06:00+00:00,continuous,103699.6,103716.9,103627.9,103634.7,10450006.603800012
2025-11-05 21:11:59.972000+00:00,2025-11-05 21:09:00+00:00,continuous,103634.7,103657.1,103555.0,103657.0,28380257.011300012
2025-11-05 21:14:59.931000+00:00,2025-11-05 21:12:00+00:00,continuous,103657.0,103662.0,103575.6,103587.7,11314989.204999983
2025-11-05 21:17:59.713000+00:00,2025-11-05 21:15:00+00:00,continuous,103587.6,103700.0,103580.0,103609.9,13787988.903899983
2025-11-05 21:20:59.990000+00:00,2025-11-05 21:18:00+00:00,continuous,103609.9,103758.7,103595.6,103724.9,20268658.041699983
2025-11-05 21:23:59.962000+00:00,2025-11-05 21:21:00+00:00,continuous,103724.9,103775.5,103690.5,103718.5,10476879.313399984
2025-11-05 21:26:59.944000+00:00,2025-11-05 21:24:00+00:00,continuous,103718.5,103718.5,103639.5,103639.6,7842679.671699994
2025-11-05 21:29:59.549000+00:00,2025-11-05 21:27:00+00:00,continuous,103639.5,103669.2,103450.7,103533.0,59388963.61779997
2025-11-05 21:32:59.900000+00:00,2025-11-05 21:30:00+00:00,continuous,103533.0,103599.0,103511.9,103586.8,19935532.77070002
2025-11-05 21:35:59.989000+00:00,2025-11-05 21:33:00+00:00,continuous,103586.8,103688.6,103544.8,103616.1,7785400.51730001
2025-11-05 21:38:59.966000+00:00,2025-11-05 21:36:00+00:00,continuous,103616.1,103641.1,103550.8,103641.1,8474550.677599983
2025-11-05 21:41:59.892000+00:00,2025-11-05 21:39:00+00:00,continuous,103641.0,103641.2,103589.6,103604.9,6766043.639200006
2025-11-05 21:44:59.689000+00:00,2025-11-05 21:42:00+00:00,continuous,103604.9,103634.6,103557.2,103572.0,7817228.826099985
2025-11-05 21:47:59.384000+00:00,2025-11-05 21:45:00+00:00,continuous,103572.0,103632.5,103528.1,103581.6,11069690.14640001
2025-11-05 21:50:59.732000+00:00,2025-11-05 21:48:00+00:00,continuous,103581.5,103694.4,103529.5,103650.0,10864396.971500002
2025-11-05 21:53:59.984000+00:00,2025-11-05 21:51:00+00:00,continuous,103650.0,103728.9,103633.5,103681.8,16064461.463300027
2025-11-05 21:56:58.428000+00:00,2025-11-05 21:54:00+00:00,continuous,103681.9,103685.9,103611.5,103666.4,7070434.400600015
2025-11-05 21:59:59.761000+00:00,2025-11-05 21:57:00+00:00,continuous,103666.4,103666.4,103598.6,103626.0,7810787.402200003
2025-11-05 22:02:59.641000+00:00,2025-11-05 22:00:00+00:00,continuous,103625.9,103626.0,103501.4,103581.8,13137120.58550003
2025-11-05 22:05:59.846000+00:00,2025-11-05 22:03:00+00:00,continuous,103581.9,103581.9,103350.0,103350.2,33103695.945000075
2025-11-05 22:08:59.923000+00:00,2025-11-05 22:06:00+00:00,continuous,103350.1,103455.2,103350.1,103376.4,17237002.373099975
2025-11-05 22:11:59.919000+00:00,2025-11-05 22:09:00+00:00,continuous,103376.5,103433.9,103376.5,103402.1,7955289.877300008
2025-11-05 22:14:59.930000+00:00,2025-11-05 22:12:00+00:00,continuous,103402.0,103433.8,103240.5,103270.2,30691000.8304
2025-11-05 22:17:59.090000+00:00,2025-11-05 22:15:00+00:00,continuous,103270.2,103361.9,103260.1,103361.8,18721341.381900016
2025-11-05 22:20:59.744000+00:00,2025-11-05 22:18:00+00:00,continuous,103361.8,103380.0,103278.0,103285.7,11211467.323299997
2025-11-05 22:23:59.780000+00:00,2025-11-05 22:21:00+00:00,continuous,103285.7,103413.9,103285.7,103413.9,9730704.412399989
2025-11-05 22:26:59.780000+00:00,2025-11-05 22:24:00+00:00,continuous,103413.8,103434.2,103326.4,103358.3,7356253.922599992
2025-11-05 22:29:59.949000+00:00,2025-11-05 22:27:00+00:00,continuous,103358.3,103412.8,103318.7,103318.7,7313811.141100001
2025-11-05 22:32:59.952000+00:00,2025-11-05 22:30:00+00:00,continuous,103318.7,103376.0,103278.0,103376.0,16588106.705799986
2025-11-05 22:35:59.532000+00:00,2025-11-05 22:33:00+00:00,continuous,103376.0,103400.0,103346.8,103346.8,5640979.792499979
2025-11-05 22:38:59.739000+00:00,2025-11-05 22:36:00+00:00,continuous,103346.9,103397.2,103312.3,103345.3,7435921.7021999955
2025-11-05 22:41:59.898000+00:00,2025-11-05 22:39:00+00:00,continuous,103345.3,103430.1,103321.4,103413.4,10418330.058999997
2025-11-05 22:44:59.660000+00:00,2025-11-05 22:42:00+00:00,continuous,103413.3,103641.3,103400.6,103521.7,15267680.111800019
2025-11-05 22:47:59.144000+00:00,2025-11-05 22:45:00+00:00,continuous,103521.7,103612.0,103456.3,103515.0,11531699.915199999
2025-11-05 22:50:59.998000+00:00,2025-11-05 22:48:00+00:00,continuous,103514.9,103716.0,103505.9,103716.0,12969771.98159998
2025-11-05 22:53:59.809000+00:00,2025-11-05 22:51:00+00:00,continuous,103716.1,103750.0,103695.6,103725.1,11885743.293600019
2025-11-05 22:56:59.572000+00:00,2025-11-05 22:54:00+00:00,continuous,103725.1,103725.2,103667.1,103692.2,7010512.661500017
2025-11-05 22:59:59.217000+00:00,2025-11-05 22:57:00+00:00,continuous,103692.2,103727.8,103641.7,103671.9,8656447.129399987
2025-11-05 23:02:59.930000+00:00,2025-11-05 23:00:00+00:00,continuous,103671.8,103838.1,103670.2,103742.4,22807000.865500018
2025-11-05 23:05:59.920000+00:00,2025-11-05 23:03:00+00:00,continuous,103742.7,103748.1,103620.0,103622.5,11776111.018800009
2025-11-05 23:08:59.166000+00:00,2025-11-05 23:06:00+00:00,continuous,103622.5,103706.1,103622.5,103662.9,10525162.463199995
2025-11-05 23:11:59.904000+00:00,2025-11-05 23:09:00+00:00,continuous,103663.0,103749.8,103640.3,103700.1,11371101.03369997
2025-11-05 23:14:59.793000+00:00,2025-11-05 23:12:00+00:00,continuous,103700.0,103755.2,103673.0,103734.0,8970651.358900007
2025-11-05 23:17:59.651000+00:00,2025-11-05 23:15:00+00:00,continuous,103733.9,103834.0,103733.9,103790.6,25268090.424600046
2025-11-05 23:20:59.046000+00:00,2025-11-05 23:18:00+00:00,continuous,103790.5,103848.2,103764.7,103817.4,8970788.323800012
2025-11-05 23:23:58.956000+00:00,2025-11-05 23:21:00+00:00,continuous,103817.4,103958.0,103789.0,103856.9,22519571.283800036
2025-11-05 23:26:59.922000+00:00,2025-11-05 23:24:00+00:00,continuous,103856.8,103913.8,103856.8,103871.1,9812157.640300006
2025-11-05 23:29:59.931000+00:00,2025-11-05 23:27:00+00:00,continuous,103871.0,103922.5,103871.0,103903.3,10082323.140499962
2025-11-05 23:32:59.918000+00:00,2025-11-05 23:30:00+00:00,continuous,103903.2,103979.4,103866.8,103966.0,14483654.987699948
2025-11-05 23:35:59.865000+00:00,2025-11-05 23:33:00+00:00,continuous,103966.0,103966.0,103808.9,103827.1,9258589.1181
2025-11-05 23:38:59.960000+00:00,2025-11-05 23:36:00+00:00,continuous,103827.0,103942.1,103827.0,103874.8,7020656.609400003
2025-11-05 23:41:59.862000+00:00,2025-11-05 23:39:00+00:00,continuous,103874.9,103920.0,103841.3,103920.0,6979337.695799994
2025-11-05 23:44:59.959000+00:00,2025-11-05 23:42:00+00:00,continuous,103920.0,104062.9,103855.6,104045.9,25163616.895300005
2025-11-05 23:47:59.747000+00:00,2025-11-05 23:45:00+00:00,continuous,104045.9,104045.9,103951.9,103993.8,9791078.618200006
2025-11-05 23:50:59.186000+00:00,2025-11-05 23:48:00+00:00,continuous,103993.8,103993.8,103905.0,103912.8,8618618.656599998
2025-11-05 23:53:59.941000+00:00,2025-11-05 23:51:00+00:00,continuous,103912.9,103938.3,103836.8,103858.6,19373439.659099955
2025-11-05 23:56:59.796000+00:00,2025-11-05 23:54:00+00:00,continuous,103858.7,103881.3,103800.0,103849.9,11449722.858500015
2025-11-05 23:59:59.882000+00:00,2025-11-05 23:57:00+00:00,continuous,103850.0,103887.7,103818.4,103837.0,6260091.389499993
2025-11-06 00:02:59.994000+00:00,2025-11-06 00:00:00+00:00,continuous,103837.0,103840.7,103540.2,103548.2,40537031.67610012
2025-11-06 00:05:59.866000+00:00,2025-11-06 00:03:00+00:00,continuous,103548.1,103602.5,103419.0,103425.6,39412065.990300104
2025-11-06 00:08:59.979000+00:00,2025-11-06 00:06:00+00:00,continuous,103425.7,103524.8,103396.9,103513.6,29185375.429500014
2025-11-06 00:11:59.477000+00:00,2025-11-06 00:09:00+00:00,continuous,103513.6,103766.1,103513.6,103692.3,31294432.007800017
2025-11-06 00:14:59.695000+00:00,2025-11-06 00:12:00+00:00,continuous,103692.3,103785.7,103661.9,103700.0,13393028.13040001
2025-11-06 00:17:59.288000+00:00,2025-11-06 00:15:00+00:00,continuous,103700.1,103723.2,103621.8,103621.8,11307514.188000007
2025-11-06 00:20:59.934000+00:00,2025-11-06 00:18:00+00:00,continuous,103621.8,103621.9,103454.5,103478.2,16698907.807599973
2025-11-06 00:23:59.892000+00:00,2025-11-06 00:21:00+00:00,continuous,103476.0,103490.7,103367.9,103367.9,18476262.998800017
2025-11-06 00:26:59.899000+00:00,2025-11-06 00:24:00+00:00,continuous,103368.0,103476.0,103264.6,103306.3,37719322.54860005
2025-11-06 00:29:59.757000+00:00,2025-11-06 00:27:00+00:00,continuous,103306.3,103423.2,103285.9,103386.5,20149664.293100003
2025-11-06 00:32:59.908000+00:00,2025-11-06 00:30:00+00:00,continuous,103386.5,103436.4,103325.1,103332.2,11919869.478400003
2025-11-06 00:35:59.465000+00:00,2025-11-06 00:33:00+00:00,continuous,103332.3,103418.3,103324.1,103392.3,9561074.218500001
2025-11-06 00:38:59.982000+00:00,2025-11-06 00:36:00+00:00,continuous,103392.3,103483.8,103342.9,103342.9,13563510.743999984
2025-11-06 00:41:59.719000+00:00,2025-11-06 00:39:00+00:00,continuous,103343.0,103405.2,103339.0,103383.1,15541439.028699985
2025-11-06 00:44:59.485000+00:00,2025-11-06 00:42:00+00:00,continuous,103383.1,103387.1,103282.1,103374.0,9420464.149400003
2025-11-06 00:47:59.938000+00:00,2025-11-06 00:45:00+00:00,continuous,103374.0,103429.7,103370.0,103408.3,8963833.601000002
2025-11-06 00:50:59.931000+00:00,2025-11-06 00:48:00+00:00,continuous,103408.4,103501.3,103377.7,103501.3,17904070.670599982
2025-11-06 00:53:59.698000+00:00,2025-11-06 00:51:00+00:00,continuous,103501.4,103565.0,103472.7,103558.3,10974292.555399971
2025-11-06 00:56:59.466000+00:00,2025-11-06 00:54:00+00:00,continuous,103558.3,103649.5,103555.5,103601.0,11718223.728400009
2025-11-06 00:59:59.989000+00:00,2025-11-06 00:57:00+00:00,continuous,103601.1,103631.5,103588.1,103631.5,4055313.263400001
2025-11-06 01:02:59.888000+00:00,2025-11-06 01:00:00+00:00,continuous,103631.5,103631.5,103463.7,103463.8,11779371.645899983
2025-11-06 01:05:59.417000+00:00,2025-11-06 01:03:00+00:00,continuous,103463.7,103476.0,103406.8,103430.0,7838972.036600001
2025-11-06 01:08:59.958000+00:00,2025-11-06 01:06:00+00:00,continuous,103430.1,103492.5,103147.4,103172.3,40471828.29640006
2025-11-06 01:11:59.979000+00:00,2025-11-06 01:09:00+00:00,continuous,103172.4,103200.2,103068.7,103127.2,55531717.2989001
2025-11-06 01:14:59.878000+00:00,2025-11-06 01:12:00+00:00,continuous,103127.2,103233.8,103103.1,103168.6,32137418.445800025
2025-11-06 01:17:59.956000+00:00,2025-11-06 01:15:00+00:00,continuous,103168.6,103240.6,103057.0,103060.5,13626328.68880001
2025-11-06 01:20:59.882000+00:00,2025-11-06 01:18:00+00:00,continuous,103060.5,103081.8,102888.0,102928.5,90905500.53009978
2025-11-06 01:23:59.794000+00:00,2025-11-06 01:21:00+00:00,continuous,102928.4,102938.1,102800.1,102893.2,56021916.49080019
2025-11-06 01:26:59.955000+00:00,2025-11-06 01:24:00+00:00,continuous,102893.2,102893.2,102800.0,102800.0,65926671.95070005
2025-11-06 01:29:59.909000+00:00,2025-11-06 01:27:00+00:00,continuous,102800.1,102872.5,102684.7,102800.0,97945545.97360004
2025-11-06 01:32:59.968000+00:00,2025-11-06 01:30:00+00:00,continuous,102800.1,102948.9,102771.8,102942.9,35998825.7925999
2025-11-06 01:35:59.898000+00:00,2025-11-06 01:33:00+00:00,continuous,102942.8,103112.3,102923.2,103081.6,33986976.68859998
2025-11-06 01:38:59.954000+00:00,2025-11-06 01:36:00+00:00,continuous,103081.5,103328.3,103081.5,103328.2,28582827.38959999
2025-11-06 01:41:59.795000+00:00,2025-11-06 01:39:00+00:00,continuous,103328.2,103392.9,103203.6,103330.1,30994885.438000143
2025-11-06 01:44:59.799000+00:00,2025-11-06 01:42:00+00:00,continuous,103330.2,103376.5,103230.3,103289.1,20226560.010499977
2025-11-06 01:47:59.709000+00:00,2025-11-06 01:45:00+00:00,continuous,103289.2,103500.0,103281.7,103376.1,28061574.773400027
2025-11-06 01:50:59.283000+00:00,2025-11-06 01:48:00+00:00,continuous,103376.0,103380.1,103340.0,103351.9,10317416.443200016
2025-11-06 01:53:59.940000+00:00,2025-11-06 01:51:00+00:00,continuous,103351.8,103455.0,103351.8,103448.1,12823480.911000023
2025-11-06 01:56:59.813000+00:00,2025-11-06 01:54:00+00:00,continuous,103448.1,103448.1,103358.9,103371.5,8444422.04390001
2025-11-06 01:59:59.912000+00:00,2025-11-06 01:57:00+00:00,continuous,103371.5,103392.2,103306.7,103315.4,8110944.280499986
2025-11-06 02:02:59.894000+00:00,2025-11-06 02:00:00+00:00,continuous,103315.4,103383.3,103210.1,103254.0,13812508.211900013
2025-11-06 02:05:59.966000+00:00,2025-11-06 02:03:00+00:00,continuous,103254.1,103266.6,103178.0,103210.0,13138024.357300013
2025-11-06 02:08:59.905000+00:00,2025-11-06 02:06:00+00:00,continuous,103209.9,103298.0,103156.6,103250.4,18186695.474800013
2025-11-06 02:11:59.767000+00:00,2025-11-06 02:09:00+00:00,continuous,103250.3,103250.3,102949.9,102959.2,22708563.33619997
2025-11-06 02:14:59.904000+00:00,2025-11-06 02:12:00+00:00,continuous,102959.2,103043.9,102871.4,102896.8,29674227.512099966
2025-11-06 02:17:59.921000+00:00,2025-11-06 02:15:00+00:00,continuous,102896.8,103117.1,102896.8,103076.3,12748882.981700001
2025-11-06 02:20:59.646000+00:00,2025-11-06 02:18:00+00:00,continuous,103076.5,103083.0,102957.3,102962.9,18589708.158200033
2025-11-06 02:23:59.802000+00:00,2025-11-06 02:21:00+00:00,continuous,102963.0,102974.8,102891.4,102903.0,12977413.823200062
2025-11-06 02:26:59.693000+00:00,2025-11-06 02:24:00+00:00,continuous,102903.1,102999.7,102800.3,102837.2,40537975.32529988
2025-11-06 02:29:59.966000+00:00,2025-11-06 02:27:00+00:00,continuous,102837.3,102941.2,102801.6,102855.7,26053314.857399963
2025-11-06 02:32:59.919000+00:00,2025-11-06 02:30:00+00:00,continuous,102855.8,103033.0,102835.8,103033.0,31239595.372799985
2025-11-06 02:35:59.896000+00:00,2025-11-06 02:33:00+00:00,continuous,103033.0,103166.3,103003.9,103113.0,24382498.526900064
2025-11-06 02:38:59.529000+00:00,2025-11-06 02:36:00+00:00,continuous,103113.0,103181.6,103092.9,103175.5,9421849.839399995
2025-11-06 02:41:59.814000+00:00,2025-11-06 02:39:00+00:00,continuous,103175.5,103326.1,103153.4,103305.8,16479192.683800006
2025-11-06 02:44:59.941000+00:00,2025-11-06 02:42:00+00:00,continuous,103305.8,103420.0,103281.6,103283.5,23644915.40709995
2025-11-06 02:47:59.965000+00:00,2025-11-06 02:45:00+00:00,continuous,103283.6,103517.4,103283.5,103513.7,30828170.09790002
2025-11-06 02:50:59.520000+00:00,2025-11-06 02:48:00+00:00,continuous,103513.7,103537.9,103411.2,103507.8,21854121.675899953
2025-11-06 02:53:59.788000+00:00,2025-11-06 02:51:00+00:00,continuous,103507.8,103530.6,103371.6,103407.3,20572253.572999995
2025-11-06 02:56:59.821000+00:00,2025-11-06 02:54:00+00:00,continuous,103407.3,103500.0,103385.6,103486.4,9243025.5218
2025-11-06 02:59:59.733000+00:00,2025-11-06 02:57:00+00:00,continuous,103486.4,103500.0,103271.2,103278.2,17196708.873900045
2025-11-06 03:02:59.923000+00:00,2025-11-06 03:00:00+00:00,continuous,103278.1,103441.4,103278.1,103434.9,14517821.798800008
2025-11-06 03:05:59.691000+00:00,2025-11-06 03:03:00+00:00,continuous,103434.9,103466.0,103366.5,103400.2,15757369.1128
2025-11-06 03:08:59.038000+00:00,2025-11-06 03:06:00+00:00,continuous,103400.2,103484.1,103310.0,103333.4,18457832.542600013
2025-11-06 03:11:59.849000+00:00,2025-11-06 03:09:00+00:00,continuous,103333.3,103537.7,103333.3,103537.7,18497946.06820006
2025-11-06 03:14:59.985000+00:00,2025-11-06 03:12:00+00:00,continuous,103537.7,103537.7,103478.4,103515.5,11498482.173899984
2025-11-06 03:17:59.898000+00:00,2025-11-06 03:15:00+00:00,continuous,103515.3,103786.6,103501.9,103770.4,37892437.96379987
2025-11-06 03:20:59.969000+00:00,2025-11-06 03:18:00+00:00,continuous,103770.4,103919.7,103725.0,103749.3,64400212.38350009
2025-11-06 03:23:59.850000+00:00,2025-11-06 03:21:00+00:00,continuous,103749.2,103775.9,103651.0,103651.0,26017235.959999993
2025-11-06 03:26:59.434000+00:00,2025-11-06 03:24:00+00:00,continuous,103651.0,103741.4,103628.2,103677.3,22848320.26740003
2025-11-06 03:29:59.840000+00:00,2025-11-06 03:27:00+00:00,continuous,103677.3,103703.0,103511.1,103562.0,19688779.45380002
2025-11-06 03:32:59.790000+00:00,2025-11-06 03:30:00+00:00,continuous,103561.9,103680.0,103561.9,103610.9,10133456.070599947
2025-11-06 03:35:59.879000+00:00,2025-11-06 03:33:00+00:00,continuous,103610.9,103694.6,103557.6,103691.9,12307352.214599976
2025-11-06 03:38:59.991000+00:00,2025-11-06 03:36:00+00:00,continuous,103691.9,103738.0,103636.1,103738.0,7963804.996999996
2025-11-06 03:41:59.776000+00:00,2025-11-06 03:39:00+00:00,continuous,103737.9,103738.6,103604.6,103604.6,11055285.064599982
2025-11-06 03:44:59.228000+00:00,2025-11-06 03:42:00+00:00,continuous,103604.7,103630.0,103551.8,103605.2,20381223.161200028
2025-11-06 03:47:59.987000+00:00,2025-11-06 03:45:00+00:00,continuous,103605.1,103665.0,103574.5,103604.6,10243121.124299988
2025-11-06 03:50:59.576000+00:00,2025-11-06 03:48:00+00:00,continuous,103604.5,103654.9,103587.0,103626.1,5546271.465299994
2025-11-06 03:53:59.800000+00:00,2025-11-06 03:51:00+00:00,continuous,103626.1,103675.6,103572.0,103580.8,11048381.801499996
2025-11-06 03:56:57.826000+00:00,2025-11-06 03:54:00+00:00,continuous,103580.9,103637.0,103560.0,103630.9,12546774.14559998
2025-11-06 03:59:59.863000+00:00,2025-11-06 03:57:00+00:00,continuous,103630.8,103679.7,103557.0,103598.3,9708852.299000012
2025-11-06 04:02:59.871000+00:00,2025-11-06 04:00:00+00:00,continuous,103598.3,103647.3,103534.0,103594.5,13093581.45930001
2025-11-06 04:05:59.254000+00:00,2025-11-06 04:03:00+00:00,continuous,103594.6,103639.0,103545.4,103635.0,11926185.164499981
2025-11-06 04:08:59.945000+00:00,2025-11-06 04:06:00+00:00,continuous,103635.0,103635.0,103549.1,103589.8,12794258.436900016
2025-11-06 04:11:59.746000+00:00,2025-11-06 04:09:00+00:00,continuous,103589.9,103643.4,103552.7,103598.4,11708707.531200003
2025-11-06 04:14:59.195000+00:00,2025-11-06 04:12:00+00:00,continuous,103598.4,103803.0,103598.3,103763.2,22062506.535399992
2025-11-06 04:17:59.264000+00:00,2025-11-06 04:15:00+00:00,continuous,103763.2,103785.4,103700.0,103717.8,11774629.072200008
2025-11-06 04:20:59.467000+00:00,2025-11-06 04:18:00+00:00,continuous,103717.8,103789.8,103683.4,103740.7,11056181.19660003
2025-11-06 04:23:58.293000+00:00,2025-11-06 04:21:00+00:00,continuous,103740.6,103770.2,103681.0,103718.2,6411746.4997000005
2025-11-06 04:26:59.068000+00:00,2025-11-06 04:24:00+00:00,continuous,103718.3,103783.4,103698.7,103742.6,7665031.813100005
2025-11-06 04:29:59.727000+00:00,2025-11-06 04:27:00+00:00,continuous,103742.6,103772.0,103683.3,103720.1,9239998.265800014
2025-11-06 04:32:59.792000+00:00,2025-11-06 04:30:00+00:00,continuous,103720.1,103720.1,103656.2,103689.9,11176873.434300018
2025-11-06 04:35:59.972000+00:00,2025-11-06 04:33:00+00:00,continuous,103690.0,103746.5,103680.0,103701.6,8594427.270300003
2025-11-06 04:38:59.492000+00:00,2025-11-06 04:36:00+00:00,continuous,103701.4,103758.2,103645.0,103758.1,13919591.633199995
2025-11-06 04:41:59.555000+00:00,2025-11-06 04:39:00+00:00,continuous,103758.1,103778.9,103724.6,103764.4,5612648.769700002
2025-11-06 04:44:59.810000+00:00,2025-11-06 04:42:00+00:00,continuous,103764.3,103839.1,103764.3,103826.3,10079734.87170003
2025-11-06 04:47:59.848000+00:00,2025-11-06 04:45:00+00:00,continuous,103826.2,104210.2,103812.6,104088.0,117315977.3250999
2025-11-06 04:50:59.719000+00:00,2025-11-06 04:48:00+00:00,continuous,104088.0,104101.6,103938.2,103953.1,17675158.419999987
2025-11-06 04:53:59.818000+00:00,2025-11-06 04:51:00+00:00,continuous,103953.1,104008.1,103934.1,103992.9,10159131.193099981
2025-11-06 04:56:59.720000+00:00,2025-11-06 04:54:00+00:00,continuous,103993.0,103998.7,103879.3,103899.6,17740280.024199992
2025-11-06 04:59:59.994000+00:00,2025-11-06 04:57:00+00:00,continuous,103899.6,104036.7,103889.3,103987.5,25806037.76769997
2025-11-06 05:02:59.728000+00:00,2025-11-06 05:00:00+00:00,continuous,103987.4,103987.5,103826.2,103848.7,17139606.95970004
2025-11-06 05:05:59.967000+00:00,2025-11-06 05:03:00+00:00,continuous,103848.8,103895.2,103821.6,103828.4,11509798.621099975
2025-11-06 05:08:59.859000+00:00,2025-11-06 05:06:00+00:00,continuous,103828.3,103850.5,103754.3,103754.3,11490448.163800001
2025-11-06 05:11:59.999000+00:00,2025-11-06 05:09:00+00:00,continuous,103754.3,103754.4,103370.2,103441.9,50614078.81510004
2025-11-06 05:14:59.891000+00:00,2025-11-06 05:12:00+00:00,continuous,103441.8,103487.4,103370.3,103468.3,30481291.93279994
2025-11-06 05:17:59.897000+00:00,2025-11-06 05:15:00+00:00,continuous,103468.4,103468.4,103333.0,103415.3,23305714.984099958
2025-11-06 05:20:59.781000+00:00,2025-11-06 05:18:00+00:00,continuous,103415.3,103512.0,103414.4,103504.5,18582390.972299993
2025-11-06 05:23:59.948000+00:00,2025-11-06 05:21:00+00:00,continuous,103504.5,103593.2,103473.5,103579.5,14105071.89680005
2025-11-06 05:26:59.972000+00:00,2025-11-06 05:24:00+00:00,continuous,103579.6,103632.5,103560.0,103560.0,12729849.521000022
2025-11-06 05:29:59.918000+00:00,2025-11-06 05:27:00+00:00,continuous,103560.0,103600.0,103455.8,103455.8,12740349.281599978
2025-11-06 05:32:59.731000+00:00,2025-11-06 05:30:00+00:00,continuous,103455.8,103497.9,103259.2,103282.2,29731065.25999997
2025-11-06 05:35:59.975000+00:00,2025-11-06 05:33:00+00:00,continuous,103282.2,103388.9,103255.0,103388.9,11233634.482400004
2025-11-06 05:38:59.886000+00:00,2025-11-06 05:36:00+00:00,continuous,103388.8,103388.9,103094.7,103113.7,30154102.498000078
2025-11-06 05:41:59.975000+00:00,2025-11-06 05:39:00+00:00,continuous,103113.7,103210.8,103029.4,103210.8,29912847.786399897
2025-11-06 05:44:59.712000+00:00,2025-11-06 05:42:00+00:00,continuous,103210.7,103266.6,103188.8,103219.3,9181409.041100003
2025-11-06 05:47:59.945000+00:00,2025-11-06 05:45:00+00:00,continuous,103219.2,103292.7,103193.1,103200.9,17628811.077999983
2025-11-06 05:50:59.770000+00:00,2025-11-06 05:48:00+00:00,continuous,103200.9,103225.4,103133.3,103133.3,11294296.40260002
2025-11-06 05:53:59.964000+00:00,2025-11-06 05:51:00+00:00,continuous,103133.3,103247.0,103100.0,103100.3,16784977.38790002
2025-11-06 05:56:59.960000+00:00,2025-11-06 05:54:00+00:00,continuous,103100.2,103140.1,103058.3,103091.0,15579980.093500035
2025-11-06 05:59:59.993000+00:00,2025-11-06 05:57:00+00:00,continuous,103091.0,103103.5,103050.0,103103.5,15286932.632899955
2025-11-06 06:02:59.983000+00:00,2025-11-06 06:00:00+00:00,continuous,103103.6,103208.9,103080.6,103158.1,20354220.501999944
2025-11-06 06:05:59.874000+00:00,2025-11-06 06:03:00+00:00,continuous,103158.0,103227.6,103137.6,103164.5,10645995.67010001
2025-11-06 06:08:59.949000+00:00,2025-11-06 06:06:00+00:00,continuous,103164.5,103204.4,103071.0,103071.0,13558388.925399996
2025-11-06 06:11:59.599000+00:00,2025-11-06 06:09:00+00:00,continuous,103071.0,103133.8,102938.0,103133.8,34349323.35810001
2025-11-06 06:14:59.849000+00:00,2025-11-06 06:12:00+00:00,continuous,103133.8,103231.1,103133.8,103217.3,11113719.927300021
2025-11-06 06:17:59.992000+00:00,2025-11-06 06:15:00+00:00,continuous,103217.3,103321.7,103217.2,103315.0,27292219.00700007
2025-11-06 06:20:59.901000+00:00,2025-11-06 06:18:00+00:00,continuous,103315.0,103438.5,103264.3,103323.9,21595457.986700032
2025-11-06 06:23:59.976000+00:00,2025-11-06 06:21:00+00:00,continuous,103324.0,103481.9,103324.0,103467.5,17451199.41230001
2025-11-06 06:26:59.930000+00:00,2025-11-06 06:24:00+00:00,continuous,103467.5,103467.5,103388.0,103445.4,7055504.520799995
2025-11-06 06:29:59.843000+00:00,2025-11-06 06:27:00+00:00,continuous,103445.4,103473.6,103376.2,103467.6,7242912.057000007
2025-11-06 06:32:59.903000+00:00,2025-11-06 06:30:00+00:00,continuous,103467.5,103560.6,103286.4,103327.8,20508536.080900047
2025-11-06 06:35:59.781000+00:00,2025-11-06 06:33:00+00:00,continuous,103327.7,103349.0,103199.9,103286.8,11686360.191699991
2025-11-06 06:38:59.600000+00:00,2025-11-06 06:36:00+00:00,continuous,103286.9,103400.0,103286.8,103377.1,11130985.436499989
2025-11-06 06:41:59.299000+00:00,2025-11-06 06:39:00+00:00,continuous,103377.0,103427.6,103286.4,103286.5,11582993.172600016
2025-11-06 06:44:59.949000+00:00,2025-11-06 06:42:00+00:00,continuous,103286.4,103345.0,103262.9,103332.6,7631315.071499989
2025-11-06 06:47:59.912000+00:00,2025-11-06 06:45:00+00:00,continuous,103332.5,103376.7,103279.0,103367.2,7620875.8662000215
2025-11-06 06:50:59.919000+00:00,2025-11-06 06:48:00+00:00,continuous,103367.2,103425.0,103320.1,103320.1,9737199.670800027
2025-11-06 06:53:59.867000+00:00,2025-11-06 06:51:00+00:00,continuous,103320.2,103322.1,103264.5,103317.6,6063957.157199977
2025-11-06 06:56:59.758000+00:00,2025-11-06 06:54:00+00:00,continuous,103317.6,103404.0,103285.3,103360.2,9753516.535500012
2025-11-06 06:59:59.926000+00:00,2025-11-06 06:57:00+00:00,continuous,103360.1,103368.2,103268.7,103268.7,8568444.673100008
2025-11-06 07:02:59.912000+00:00,2025-11-06 07:00:00+00:00,continuous,103268.8,103349.5,103195.6,103203.7,10194753.999999966
2025-11-06 07:05:59.811000+00:00,2025-11-06 07:03:00+00:00,continuous,103203.8,103263.8,103161.3,103231.0,12356618.295599975
2025-11-06 07:08:59.667000+00:00,2025-11-06 07:06:00+00:00,continuous,103231.0,103500.0,103231.0,103487.0,16094882.134199979
2025-11-06 07:11:59.877000+00:00,2025-11-06 07:09:00+00:00,continuous,103487.0,103500.0,103353.1,103353.1,11826264.862799989
2025-11-06 07:14:59.001000+00:00,2025-11-06 07:12:00+00:00,continuous,103353.2,103359.8,103243.7,103261.6,10085178.168100031
2025-11-06 07:17:59.833000+00:00,2025-11-06 07:15:00+00:00,continuous,103261.6,103261.6,102888.0,102901.8,39587027.85079999
2025-11-06 07:20:59.951000+00:00,2025-11-06 07:18:00+00:00,continuous,102901.8,102946.0,102850.1,102942.0,39414026.72330013
2025-11-06 07:23:59.981000+00:00,2025-11-06 07:21:00+00:00,continuous,102941.9,103218.4,102935.5,103218.3,30627109.170100056
2025-11-06 07:26:59.943000+00:00,2025-11-06 07:24:00+00:00,continuous,103218.4,103542.3,103218.4,103441.5,38341069.17169997
2025-11-06 07:29:59.854000+00:00,2025-11-06 07:27:00+00:00,continuous,103441.5,103478.4,103370.0,103399.9,10791373.160300015
2025-11-06 07:32:59.424000+00:00,2025-11-06 07:30:00+00:00,continuous,103400.0,103400.0,103262.5,103264.7,12763695.872799978
2025-11-06 07:35:59.419000+00:00,2025-11-06 07:33:00+00:00,continuous,103264.7,103271.5,103106.8,103245.5,24089674.073700026
2025-11-06 07:38:59.860000+00:00,2025-11-06 07:36:00+00:00,continuous,103245.5,103460.0,103245.4,103307.4,21791834.813000046
2025-11-06 07:41:59.994000+00:00,2025-11-06 07:39:00+00:00,continuous,103307.5,103309.1,102968.0,103014.5,32507962.510999914
2025-11-06 07:44:59.893000+00:00,2025-11-06 07:42:00+00:00,continuous,103014.4,103156.0,102994.4,103140.7,17119878.7166
2025-11-06 07:47:59.988000+00:00,2025-11-06 07:45:00+00:00,continuous,103140.6,103147.5,102930.0,102935.5,19466327.33229999
2025-11-06 07:50:59.895000+00:00,2025-11-06 07:48:00+00:00,continuous,102935.4,103069.8,102900.0,102989.4,17711168.4161
2025-11-06 07:53:59.996000+00:00,2025-11-06 07:51:00+00:00,continuous,102989.4,103101.7,102989.4,103046.5,10990092.712699965
2025-11-06 07:56:59.895000+00:00,2025-11-06 07:54:00+00:00,continuous,103046.5,103097.8,103004.0,103097.8,7145188.8008
2025-11-06 07:59:59.787000+00:00,2025-11-06 07:57:00+00:00,continuous,103097.8,103227.4,103097.7,103138.6,15111121.40770005
2025-11-06 08:02:59.893000+00:00,2025-11-06 08:00:00+00:00,continuous,103138.6,103172.8,103045.6,103168.3,12998706.136300018
2025-11-06 08:05:59.891000+00:00,2025-11-06 08:03:00+00:00,continuous,103168.3,103179.9,102929.2,103014.8,18673745.228300013
2025-11-06 08:08:59.894000+00:00,2025-11-06 08:06:00+00:00,continuous,103014.9,103093.5,102980.0,103003.6,8603386.58849999
2025-11-06 08:11:59.832000+00:00,2025-11-06 08:09:00+00:00,continuous,103003.6,103110.4,103003.6,103038.2,6572341.929900003
2025-11-06 08:14:59.534000+00:00,2025-11-06 08:12:00+00:00,continuous,103038.3,103242.9,103038.2,103242.9,13265233.57890001
2025-11-06 08:17:59.928000+00:00,2025-11-06 08:15:00+00:00,continuous,103242.9,103366.6,103242.8,103317.4,22235446.978099972
2025-11-06 08:20:59.930000+00:00,2025-11-06 08:18:00+00:00,continuous,103317.5,103406.0,103293.6,103344.6,14535145.96940001
2025-11-06 08:23:59.779000+00:00,2025-11-06 08:21:00+00:00,continuous,103342.3,103354.7,103279.2,103324.7,9729971.54550002
2025-11-06 08:26:59.818000+00:00,2025-11-06 08:24:00+00:00,continuous,103324.6,103339.6,103219.7,103281.6,14211800.890700033
2025-11-06 08:29:59.852000+00:00,2025-11-06 08:27:00+00:00,continuous,103281.6,103397.3,103259.6,103300.4,8441982.47829999
2025-11-06 08:32:59.647000+00:00,2025-11-06 08:30:00+00:00,continuous,103300.4,103348.5,103140.1,103226.3,11977158.315599978
2025-11-06 08:35:59.543000+00:00,2025-11-06 08:33:00+00:00,continuous,103226.3,103240.3,103186.0,103217.5,5195177.172000002
2025-11-06 08:38:59.548000+00:00,2025-11-06 08:36:00+00:00,continuous,103217.5,103263.3,103145.6,103240.7,6392469.610499996
2025-11-06 08:41:59.840000+00:00,2025-11-06 08:39:00+00:00,continuous,103240.6,103246.9,103133.3,103186.9,5883323.303600014
2025-11-06 08:44:59.796000+00:00,2025-11-06 08:42:00+00:00,continuous,103186.9,103218.0,103146.1,103146.2,4214482.580599992
2025-11-06 08:47:59.832000+00:00,2025-11-06 08:45:00+00:00,continuous,103146.1,103184.6,103050.0,103145.6,14494617.562799985
2025-11-06 08:50:59.958000+00:00,2025-11-06 08:48:00+00:00,continuous,103145.6,103147.9,103050.0,103073.0,6985554.452199991
2025-11-06 08:53:59.654000+00:00,2025-11-06 08:51:00+00:00,continuous,103073.1,103139.9,103057.3,103139.9,8936456.192999993
2025-11-06 08:56:59.982000+00:00,2025-11-06 08:54:00+00:00,continuous,103139.9,103257.3,103107.0,103237.3,7010274.277299992
2025-11-06 08:59:59.350000+00:00,2025-11-06 08:57:00+00:00,continuous,103237.4,103255.2,103107.9,103161.2,21221657.186099984
2025-11-06 09:02:59.988000+00:00,2025-11-06 09:00:00+00:00,continuous,103161.3,103226.2,102875.6,102875.7,41131530.309599966
2025-11-06 09:05:59.286000+00:00,2025-11-06 09:03:00+00:00,continuous,102875.7,102911.0,102811.1,102893.0,41460326.20359974
2025-11-06 09:08:59.367000+00:00,2025-11-06 09:06:00+00:00,continuous,102893.0,102948.8,102846.3,102882.6,19879268.894999973
2025-11-06 09:11:59.797000+00:00,2025-11-06 09:09:00+00:00,continuous,102882.6,102992.9,102831.3,102964.4,23702092.182699952
2025-11-06 09:14:59.608000+00:00,2025-11-06 09:12:00+00:00,continuous,102964.5,103087.9,102917.5,103073.4,12817320.195399966
2025-11-06 09:17:59.940000+00:00,2025-11-06 09:15:00+00:00,continuous,103073.5,103093.7,102950.0,102961.2,15665245.047999999
2025-11-06 09:20:59.759000+00:00,2025-11-06 09:18:00+00:00,continuous,102961.2,103122.7,102961.1,102970.1,19303853.473200012
2025-11-06 09:23:59.947000+00:00,2025-11-06 09:21:00+00:00,continuous,102970.1,103033.4,102927.0,102960.1,12838785.520299984
2025-11-06 09:26:59.198000+00:00,2025-11-06 09:24:00+00:00,continuous,102960.0,103030.0,102951.1,103002.5,7021445.597100005
2025-11-06 09:29:59.405000+00:00,2025-11-06 09:27:00+00:00,continuous,103002.6,103035.5,102904.8,102915.9,8861689.335299999
2025-11-06 09:32:59.824000+00:00,2025-11-06 09:30:00+00:00,continuous,102915.9,102997.4,102888.0,102932.5,11668447.839299973
2025-11-06 09:35:59.489000+00:00,2025-11-06 09:33:00+00:00,continuous,102932.5,102995.7,102926.2,102950.2,4898457.55399999
2025-11-06 09:38:59.135000+00:00,2025-11-06 09:36:00+00:00,continuous,102950.3,103036.2,102940.9,102964.6,6687378.381499994
2025-11-06 09:41:59.641000+00:00,2025-11-06 09:39:00+00:00,continuous,102964.5,103059.7,102910.0,102916.2,7422451.912799994
2025-11-06 09:44:59.837000+00:00,2025-11-06 09:42:00+00:00,continuous,102916.3,103010.2,102910.1,102943.9,10136914.948000018
2025-11-06 09:47:59.181000+00:00,2025-11-06 09:45:00+00:00,continuous,102944.0,103045.5,102916.1,102925.0,10564222.958900008
2025-11-06 09:50:59.639000+00:00,2025-11-06 09:48:00+00:00,continuous,102925.0,102940.9,102825.0,102834.8,14459750.513099993
2025-11-06 09:53:59.965000+00:00,2025-11-06 09:51:00+00:00,continuous,102834.9,102935.7,102834.8,102905.8,13717396.334799968
2025-11-06 09:56:59.972000+00:00,2025-11-06 09:54:00+00:00,continuous,102905.7,102943.9,102881.3,102943.8,12046875.59949998
2025-11-06 09:59:59.990000+00:00,2025-11-06 09:57:00+00:00,continuous,102943.8,102943.9,102766.3,102766.3,22204346.075200014
2025-11-06 10:02:59.443000+00:00,2025-11-06 10:00:00+00:00,continuous,102766.4,102811.2,102666.0,102714.4,41083514.40129987
2025-11-06 10:05:59.955000+00:00,2025-11-06 10:03:00+00:00,continuous,102714.5,102760.5,102700.0,102716.8,14347552.748399995
2025-11-06 10:08:59.756000+00:00,2025-11-06 10:06:00+00:00,continuous,102716.9,102725.3,102611.5,102677.4,64174195.38030008
2025-11-06 10:11:59.860000+00:00,2025-11-06 10:09:00+00:00,continuous,102677.4,102877.7,102637.1,102875.8,35797740.380499996
2025-11-06 10:14:59.730000+00:00,2025-11-06 10:12:00+00:00,continuous,102875.8,102913.6,102812.5,102828.8,14083987.174000015
2025-11-06 10:17:59.896000+00:00,2025-11-06 10:15:00+00:00,continuous,102828.8,102969.0,102813.7,102969.0,14071163.303800013
2025-11-06 10:20:59.658000+00:00,2025-11-06 10:18:00+00:00,continuous,102969.0,103054.7,102967.2,102990.6,23215689.295099996
2025-11-06 10:23:59.889000+00:00,2025-11-06 10:21:00+00:00,continuous,102990.7,103061.3,102910.0,102917.4,13148108.755099995
2025-11-06 10:26:59.962000+00:00,2025-11-06 10:24:00+00:00,continuous,102917.4,103019.0,102917.4,103012.5,9358566.008800015
2025-11-06 10:29:59.568000+00:00,2025-11-06 10:27:00+00:00,continuous,103012.6,103058.3,102969.8,102987.4,14788567.574000001
2025-11-06 10:32:59.996000+00:00,2025-11-06 10:30:00+00:00,continuous,102987.3,103073.5,102975.9,103073.5,11797849.843700012
2025-11-06 10:35:59.895000+00:00,2025-11-06 10:33:00+00:00,continuous,103073.4,103241.0,103073.4,103152.8,41367989.158000104
2025-11-06 10:38:59.428000+00:00,2025-11-06 10:36:00+00:00,continuous,103152.7,103243.0,103124.3,103235.4,22268901.138299994
2025-11-06 10:41:59.748000+00:00,2025-11-06 10:39:00+00:00,continuous,103235.3,103250.0,103161.1,103221.2,20390494.906900033
2025-11-06 10:44:59.971000+00:00,2025-11-06 10:42:00+00:00,continuous,103221.2,103247.2,103056.4,103070.0,36645056.75569999
2025-11-06 10:47:59.568000+00:00,2025-11-06 10:45:00+00:00,continuous,103069.9,103164.7,102998.7,103024.9,19533830.836999986
2025-11-06 10:50:59.873000+00:00,2025-11-06 10:48:00+00:00,continuous,103024.9,103039.5,102968.8,103038.1,13264545.308000006
2025-11-06 10:53:59.752000+00:00,2025-11-06 10:51:00+00:00,continuous,103038.1,103135.2,103026.7,103126.7,12067141.735700017
2025-11-06 10:56:59.835000+00:00,2025-11-06 10:54:00+00:00,continuous,103126.7,103183.2,103112.7,103148.0,8277575.090399999
2025-11-06 10:59:59.918000+00:00,2025-11-06 10:57:00+00:00,continuous,103147.9,103168.7,103067.0,103090.0,8165249.014099997
2025-11-06 11:02:59.942000+00:00,2025-11-06 11:00:00+00:00,continuous,103089.9,103090.0,102762.3,102853.8,72449069.27389981
2025-11-06 11:05:59.866000+00:00,2025-11-06 11:03:00+00:00,continuous,102853.9,102875.3,102787.4,102793.8,27308906.748700034
2025-11-06 11:08:59.884000+00:00,2025-11-06 11:06:00+00:00,continuous,102793.8,102832.5,102689.9,102806.3,27441558.55739999
2025-11-06 11:11:59.221000+00:00,2025-11-06 11:09:00+00:00,continuous,102806.3,102865.6,102783.5,102816.9,14420975.108199999
2025-11-06 11:14:59.967000+00:00,2025-11-06 11:12:00+00:00,continuous,102816.9,102861.5,102777.0,102831.5,11224309.318800008
2025-11-06 11:17:59.892000+00:00,2025-11-06 11:15:00+00:00,continuous,102831.5,102965.2,102777.0,102943.9,13959383.087799989
2025-11-06 11:20:59.969000+00:00,2025-11-06 11:18:00+00:00,continuous,102943.9,103056.7,102923.3,103044.4,10070434.139399996
2025-11-06 11:23:59.746000+00:00,2025-11-06 11:21:00+00:00,continuous,103044.4,103135.5,103016.4,103052.4,20736130.669999957
2025-11-06 11:26:59.956000+00:00,2025-11-06 11:24:00+00:00,continuous,103052.4,103080.6,103002.0,103049.9,11100192.791100001
2025-11-06 11:29:59.983000+00:00,2025-11-06 11:27:00+00:00,continuous,103049.9,103126.3,103020.0,103100.1,9758645.909299996
2025-11-06 11:32:59.844000+00:00,2025-11-06 11:30:00+00:00,continuous,103100.0,103231.1,103100.0,103143.5,26648821.600099962
2025-11-06 11:35:59.792000+00:00,2025-11-06 11:33:00+00:00,continuous,103143.5,103145.8,103088.2,103134.2,9963614.552499989
2025-11-06 11:38:59.901000+00:00,2025-11-06 11:36:00+00:00,continuous,103134.3,103188.0,103035.1,103107.3,10978333.75479998
2025-11-06 11:41:59.845000+00:00,2025-11-06 11:39:00+00:00,continuous,103107.8,103188.0,103101.6,103187.9,7552852.689799998
2025-11-06 11:44:59.761000+00:00,2025-11-06 11:42:00+00:00,continuous,103187.9,103270.0,103129.3,103129.4,23156440.15289994
2025-11-06 11:47:59.266000+00:00,2025-11-06 11:45:00+00:00,continuous,103129.3,103188.4,103122.8,103188.3,7042099.783499989
2025-11-06 11:50:59.535000+00:00,2025-11-06 11:48:00+00:00,continuous,103188.3,103234.6,103101.1,103101.1,12558515.484500013
2025-11-06 11:53:59.535000+00:00,2025-11-06 11:51:00+00:00,continuous,103101.1,103200.0,103090.0,103199.9,6094462.838699998
2025-11-06 11:56:59.975000+00:00,2025-11-06 11:54:00+00:00,continuous,103200.0,103220.8,103141.5,103170.0,6695868.441299993
2025-11-06 11:59:59.580000+00:00,2025-11-06 11:57:00+00:00,continuous,103170.1,103200.0,103141.5,103182.6,5548586.013300006
2025-11-06 12:02:59.719000+00:00,2025-11-06 12:00:00+00:00,continuous,103182.6,103220.0,103046.1,103046.1,17861588.073600013
2025-11-06 12:05:59.899000+00:00,2025-11-06 12:03:00+00:00,continuous,103046.1,103046.2,102924.4,102969.6,20450671.690700017
2025-11-06 12:08:59.719000+00:00,2025-11-06 12:06:00+00:00,continuous,102969.6,103287.7,102969.5,103227.6,33030507.1918
2025-11-06 12:11:59.623000+00:00,2025-11-06 12:09:00+00:00,continuous,103227.5,103234.0,103100.0,103141.2,8675031.420800023
2025-11-06 12:14:59.902000+00:00,2025-11-06 12:12:00+00:00,continuous,103141.2,103157.7,102969.0,102969.0,11926550.7218
2025-11-06 12:17:59.971000+00:00,2025-11-06 12:15:00+00:00,continuous,102969.0,102977.0,102907.6,102921.5,17339201.257
2025-11-06 12:20:59.678000+00:00,2025-11-06 12:18:00+00:00,continuous,102921.4,102921.4,102800.0,102828.1,38588833.82570004
2025-11-06 12:23:59.794000+00:00,2025-11-06 12:21:00+00:00,continuous,102828.0,102904.8,102787.2,102857.0,24482256.729899995
2025-11-06 12:26:59.940000+00:00,2025-11-06 12:24:00+00:00,continuous,102857.0,102872.4,102740.0,102750.1,31848385.93810008
2025-11-06 12:29:59.916000+00:00,2025-11-06 12:27:00+00:00,continuous,102750.1,102782.7,102741.1,102756.7,41682021.667600036
2025-11-06 12:32:59.785000+00:00,2025-11-06 12:30:00+00:00,continuous,102756.7,102782.7,102704.6,102780.0,46572922.32919991
2025-11-06 12:35:59.997000+00:00,2025-11-06 12:33:00+00:00,continuous,102780.0,102961.2,102760.3,102780.1,75815614.37759973
2025-11-06 12:38:59.900000+00:00,2025-11-06 12:36:00+00:00,continuous,102780.0,102858.6,102754.6,102813.1,36578348.76369992
2025-11-06 12:41:59.760000+00:00,2025-11-06 12:39:00+00:00,continuous,102813.2,102867.1,102638.0,102638.0,39790151.97210006
2025-11-06 12:44:59.995000+00:00,2025-11-06 12:42:00+00:00,continuous,102638.0,102707.8,102386.1,102400.1,136423967.68129948
2025-11-06 12:47:59.915000+00:00,2025-11-06 12:45:00+00:00,continuous,102400.1,102500.0,102329.0,102413.8,59974116.32320009
2025-11-06 12:50:59.790000+00:00,2025-11-06 12:48:00+00:00,continuous,102413.9,102619.6,102398.7,102612.0,51040989.188200146
2025-11-06 12:53:59.480000+00:00,2025-11-06 12:51:00+00:00,continuous,102612.0,102616.2,102485.4,102490.2,24411593.651200008
2025-11-06 12:56:59.904000+00:00,2025-11-06 12:54:00+00:00,continuous,102490.2,102515.7,102447.2,102488.8,17330629.399399996
2025-11-06 12:59:59.921000+00:00,2025-11-06 12:57:00+00:00,continuous,102488.8,102586.8,102463.0,102507.1,23127068.00629998
2025-11-06 13:02:59.937000+00:00,2025-11-06 13:00:00+00:00,continuous,102507.1,102647.3,102507.1,102623.4,26902971.692199986
2025-11-06 13:05:59.519000+00:00,2025-11-06 13:03:00+00:00,continuous,102623.3,102640.0,102566.9,102619.6,14778622.427000001
2025-11-06 13:08:59.954000+00:00,2025-11-06 13:06:00+00:00,continuous,102619.5,102749.7,102602.4,102746.3,17904547.087099995
2025-11-06 13:11:59.866000+00:00,2025-11-06 13:09:00+00:00,continuous,102746.3,102901.2,102732.8,102761.7,31930726.77789994
2025-11-06 13:14:59.815000+00:00,2025-11-06 13:12:00+00:00,continuous,102761.6,102879.6,102738.8,102849.0,14420459.116499962
2025-11-06 13:17:59.971000+00:00,2025-11-06 13:15:00+00:00,continuous,102848.9,103101.7,102814.4,103042.3,61214984.53929995
2025-11-06 13:20:59.919000+00:00,2025-11-06 13:18:00+00:00,continuous,103042.4,103124.9,102970.8,103073.8,48530146.98709995
2025-11-06 13:23:59.980000+00:00,2025-11-06 13:21:00+00:00,continuous,103073.9,103290.3,103037.5,103215.9,53211265.382600024
2025-11-06 13:26:59.960000+00:00,2025-11-06 13:24:00+00:00,continuous,103216.0,103585.0,103216.0,103503.1,103842335.44060029
2025-11-06 13:29:59.994000+00:00,2025-11-06 13:27:00+00:00,continuous,103503.1,103516.0,103400.3,103447.8,27836625.128799897
2025-11-06 13:32:59.960000+00:00,2025-11-06 13:30:00+00:00,continuous,103447.9,103540.4,103245.2,103270.9,53731721.57189974
2025-11-06 13:35:59.919000+00:00,2025-11-06 13:33:00+00:00,continuous,103271.1,103331.8,103233.6,103291.5,15400799.953200068
2025-11-06 13:38:59.761000+00:00,2025-11-06 13:36:00+00:00,continuous,103291.5,103298.9,103113.1,103168.5,27116069.298600018
2025-11-06 13:41:59.698000+00:00,2025-11-06 13:39:00+00:00,continuous,103168.6,103177.4,103090.7,103107.4,21388971.133200046
2025-11-06 13:44:59.896000+00:00,2025-11-06 13:42:00+00:00,continuous,103107.5,103263.7,103100.0,103251.2,13273556.623699991
2025-11-06 13:47:59.870000+00:00,2025-11-06 13:45:00+00:00,continuous,103251.2,103412.4,103251.2,103379.9,26488531.084800024
2025-11-06 13:50:59.997000+00:00,2025-11-06 13:48:00+00:00,continuous,103379.9,103440.2,103312.7,103394.7,18312804.518599983
2025-11-06 13:53:59.686000+00:00,2025-11-06 13:51:00+00:00,continuous,103394.6,103477.4,103359.4,103402.4,20615501.69589994
2025-11-06 13:56:59.995000+00:00,2025-11-06 13:54:00+00:00,continuous,103402.4,103402.5,103283.8,103290.0,12037188.690700002
2025-11-06 13:59:59.502000+00:00,2025-11-06 13:57:00+00:00,continuous,103290.1,103329.7,103237.6,103270.0,19351881.974100016
2025-11-06 14:02:59.728000+00:00,2025-11-06 14:00:00+00:00,continuous,103269.9,103434.4,103268.0,103434.3,31497138.92520005
2025-11-06 14:05:59.933000+00:00,2025-11-06 14:03:00+00:00,continuous,103434.3,103550.0,103040.2,103092.0,42586124.31660008
2025-11-06 14:08:59.980000+00:00,2025-11-06 14:06:00+00:00,continuous,103092.0,103114.3,102752.5,102752.6,67508751.1909001
2025-11-06 14:11:59.937000+00:00,2025-11-06 14:09:00+00:00,continuous,102752.5,102867.1,102660.0,102836.4,61988239.23509985
2025-11-06 14:14:59.880000+00:00,2025-11-06 14:12:00+00:00,continuous,102836.3,103032.2,102836.3,102979.2,25441750.48130001
2025-11-06 14:17:59.958000+00:00,2025-11-06 14:15:00+00:00,continuous,102979.2,103015.1,102825.4,102988.4,26408568.510199964
2025-11-06 14:20:59.879000+00:00,2025-11-06 14:18:00+00:00,continuous,102988.4,103081.2,102924.6,102938.5,14816650.71710004
2025-11-06 14:23:59.830000+00:00,2025-11-06 14:21:00+00:00,continuous,102938.5,102940.2,102702.4,102820.2,26462181.48890003
2025-11-06 14:26:59.986000+00:00,2025-11-06 14:24:00+00:00,continuous,102820.2,102842.2,102713.9,102764.3,24580479.65559997
2025-11-06 14:29:59.997000+00:00,2025-11-06 14:27:00+00:00,continuous,102764.2,102880.0,102747.3,102849.2,19553656.292600054
2025-11-06 14:32:59.783000+00:00,2025-11-06 14:30:00+00:00,continuous,102849.3,102873.5,102515.4,102787.9,68598836.5293999
2025-11-06 14:35:59.982000+00:00,2025-11-06 14:33:00+00:00,continuous,102787.9,102799.1,102290.2,102371.0,115783030.5714998
2025-11-06 14:38:59.957000+00:00,2025-11-06 14:36:00+00:00,continuous,102371.1,102727.9,102341.4,102572.7,85737830.63420019
2025-11-06 14:41:59.992000+00:00,2025-11-06 14:39:00+00:00,continuous,102572.8,102572.8,102150.0,102321.3,121071624.60509947
2025-11-06 14:44:59.900000+00:00,2025-11-06 14:42:00+00:00,continuous,102321.4,102642.6,102300.0,102464.2,45723049.05889982
2025-11-06 14:47:59.905000+00:00,2025-11-06 14:45:00+00:00,continuous,102464.1,102872.2,102440.8,102786.7,61195353.62289998
2025-11-06 14:50:59.999000+00:00,2025-11-06 14:48:00+00:00,continuous,102786.7,102824.8,102408.9,102485.6,47584268.348000176
2025-11-06 14:53:59.850000+00:00,2025-11-06 14:51:00+00:00,continuous,102485.7,102528.7,102127.3,102187.6,73974202.59870051
2025-11-06 14:56:59.778000+00:00,2025-11-06 14:54:00+00:00,continuous,102187.6,102243.7,102001.1,102144.1,108112472.46910033
2025-11-06 14:59:59.927000+00:00,2025-11-06 14:57:00+00:00,continuous,102144.0,102144.1,102001.0,102083.1,68467379.23649949
2025-11-06 15:02:59.976000+00:00,2025-11-06 15:00:00+00:00,continuous,102083.0,102134.8,101867.3,101890.1,241465278.82700133
2025-11-06 15:05:59.798000+00:00,2025-11-06 15:03:00+00:00,continuous,101890.0,102285.6,101860.0,102180.8,107413906.15609986
2025-11-06 15:08:59.979000+00:00,2025-11-06 15:06:00+00:00,continuous,102180.7,102398.5,102100.0,102205.4,51487571.64249992
2025-11-06 15:11:59.951000+00:00,2025-11-06 15:09:00+00:00,continuous,102205.4,102442.7,102134.5,102272.9,51036633.64989982
2025-11-06 15:14:59.945000+00:00,2025-11-06 15:12:00+00:00,continuous,102273.0,102325.5,102161.0,102185.2,43129850.88669992
2025-11-06 15:17:59.883000+00:00,2025-11-06 15:15:00+00:00,continuous,102185.1,102366.2,102074.1,102227.8,35792726.3451
2025-11-06 15:20:59.995000+00:00,2025-11-06 15:18:00+00:00,continuous,102227.8,102907.4,102227.8,102760.0,83286597.31879987
2025-11-06 15:23:59.946000+00:00,2025-11-06 15:21:00+00:00,continuous,102760.1,102872.8,102663.4,102699.9,61132767.20929993
2025-11-06 15:26:59.609000+00:00,2025-11-06 15:24:00+00:00,continuous,102699.8,102793.0,102525.7,102568.2,41245813.21930002
2025-11-06 15:29:59.934000+00:00,2025-11-06 15:27:00+00:00,continuous,102568.2,102593.0,102361.1,102386.0,37520461.58159983
2025-11-06 15:32:59.993000+00:00,2025-11-06 15:30:00+00:00,continuous,102386.1,102417.9,102217.1,102280.6,43058089.746000044
2025-11-06 15:35:59.945000+00:00,2025-11-06 15:33:00+00:00,continuous,102280.6,102355.7,101987.0,102121.2,70873633.49810012
2025-11-06 15:38:59.790000+00:00,2025-11-06 15:36:00+00:00,continuous,102121.2,102132.6,101900.0,101989.1,55736055.79670011
2025-11-06 15:41:59.940000+00:00,2025-11-06 15:39:00+00:00,continuous,101989.0,101989.0,101715.0,101878.8,98247834.51560026
2025-11-06 15:44:59.884000+00:00,2025-11-06 15:42:00+00:00,continuous,101878.9,102096.6,101720.0,101764.0,93442109.79690012
2025-11-06 15:47:59.931000+00:00,2025-11-06 15:45:00+00:00,continuous,101764.1,101937.5,101752.0,101752.1,48184881.52749999
2025-11-06 15:50:59.964000+00:00,2025-11-06 15:48:00+00:00,continuous,101752.0,101895.0,101570.5,101778.4,186819149.97590035
2025-11-06 15:53:59.999000+00:00,2025-11-06 15:51:00+00:00,continuous,101778.5,102196.1,101653.6,102018.1,211930735.92379996
2025-11-06 15:56:59.897000+00:00,2025-11-06 15:54:00+00:00,continuous,102017.9,102120.0,101826.4,101940.8,74391171.57629989
2025-11-06 15:59:59.960000+00:00,2025-11-06 15:57:00+00:00,continuous,101940.9,102070.5,101903.0,101981.6,44465651.19669994
2025-11-06 16:02:59.882000+00:00,2025-11-06 16:00:00+00:00,continuous,101981.7,102111.8,101937.1,102029.4,42722671.215399966
2025-11-06 16:05:59.811000+00:00,2025-11-06 16:03:00+00:00,continuous,102029.4,102300.4,101977.5,102272.1,84123582.58509971
2025-11-06 16:08:59.920000+00:00,2025-11-06 16:06:00+00:00,continuous,102272.1,102367.9,102077.8,102174.3,64366163.33750011
2025-11-06 16:11:59.965000+00:00,2025-11-06 16:09:00+00:00,continuous,102174.3,102202.7,101873.6,101923.8,38980718.11110008
2025-11-06 16:14:59.943000+00:00,2025-11-06 16:12:00+00:00,continuous,101923.9,101934.9,101760.0,101763.3,44408729.422999986
2025-11-06 16:17:59.949000+00:00,2025-11-06 16:15:00+00:00,continuous,101763.2,101881.0,101680.0,101723.7,48990661.712000154
2025-11-06 16:20:59.991000+00:00,2025-11-06 16:18:00+00:00,continuous,101723.7,101741.0,101529.1,101648.0,92211997.78359994
2025-11-06 16:23:59.793000+00:00,2025-11-06 16:21:00+00:00,continuous,101648.1,101705.8,101501.8,101523.3,67751008.88109979
2025-11-06 16:26:59.933000+00:00,2025-11-06 16:24:00+00:00,continuous,101523.3,101886.7,101506.9,101801.7,116312764.3989
2025-11-06 16:29:59.814000+00:00,2025-11-06 16:27:00+00:00,continuous,101821.2,101869.0,101737.6,101764.3,57299020.429600105
2025-11-06 16:32:59.996000+00:00,2025-11-06 16:30:00+00:00,continuous,101764.3,101764.3,101488.0,101499.8,76660000.84249999
2025-11-06 16:35:59.905000+00:00,2025-11-06 16:33:00+00:00,continuous,101499.7,101540.5,101315.8,101320.7,90670010.4257
2025-11-06 16:38:59.986000+00:00,2025-11-06 16:36:00+00:00,continuous,101320.6,101375.4,101200.1,101268.1,83161169.14139965
2025-11-06 16:41:59.969000+00:00,2025-11-06 16:39:00+00:00,continuous,101268.0,101275.4,100663.1,100735.3,393842085.70580006
2025-11-06 16:44:59.973000+00:00,2025-11-06 16:42:00+00:00,continuous,100735.2,100766.5,100238.4,100557.4,331103806.60609865
2025-11-06 16:47:59.891000+00:00,2025-11-06 16:45:00+00:00,continuous,100557.3,100777.4,100444.1,100712.8,99447536.7382
2025-11-06 16:50:59.969000+00:00,2025-11-06 16:48:00+00:00,continuous,100712.7,100712.8,100288.6,100341.2,76401496.9939003
2025-11-06 16:53:59.886000+00:00,2025-11-06 16:51:00+00:00,continuous,100341.3,101054.8,100341.3,101024.2,182749901.80619845
2025-11-06 16:56:59.992000+00:00,2025-11-06 16:54:00+00:00,continuous,101024.2,101134.4,100602.6,100649.6,118078336.5537997
2025-11-06 16:59:59.897000+00:00,2025-11-06 16:57:00+00:00,continuous,100649.7,100960.8,100649.6,100830.6,52830743.04589998
2025-11-06 17:02:59.958000+00:00,2025-11-06 17:00:00+00:00,continuous,100830.5,101050.6,100830.5,101005.3,61888710.678399995
2025-11-06 17:05:59.999000+00:00,2025-11-06 17:03:00+00:00,continuous,101005.4,101085.6,100846.1,101046.8,43186867.90370008
2025-11-06 17:08:59.954000+00:00,2025-11-06 17:06:00+00:00,continuous,101046.7,101100.0,100724.6,100807.7,65292567.68749991
2025-11-06 17:11:59.897000+00:00,2025-11-06 17:09:00+00:00,continuous,100807.6,101456.3,100740.8,101314.0,121422937.08669986
2025-11-06 17:14:59.980000+00:00,2025-11-06 17:12:00+00:00,continuous,101313.9,101341.7,100888.8,100933.5,47782375.87640012
2025-11-06 17:17:59.909000+00:00,2025-11-06 17:15:00+00:00,continuous,100933.6,101133.7,100918.0,100977.1,57468247.48009995
2025-11-06 17:20:59.998000+00:00,2025-11-06 17:18:00+00:00,continuous,100977.0,101137.5,100924.6,100931.4,28740133.02869992
2025-11-06 17:23:59.977000+00:00,2025-11-06 17:21:00+00:00,continuous,100931.4,101080.7,100814.0,100909.1,27210878.593600053
2025-11-06 17:26:59.509000+00:00,2025-11-06 17:24:00+00:00,continuous,100909.2,101200.0,100909.2,101125.0,36674392.45409998
2025-11-06 17:29:59.944000+00:00,2025-11-06 17:27:00+00:00,continuous,101125.0,101462.0,101125.0,101391.6,48634703.32919992
2025-11-06 17:32:59.683000+00:00,2025-11-06 17:30:00+00:00,continuous,101391.6,101400.0,101188.0,101353.3,39503987.62520011
2025-11-06 17:35:59.996000+00:00,2025-11-06 17:33:00+00:00,continuous,101353.2,101545.2,101271.7,101422.9,54014391.176899984
2025-11-06 17:38:59.928000+00:00,2025-11-06 17:36:00+00:00,continuous,101423.0,101515.4,101290.0,101294.3,47751746.73129994
2025-11-06 17:41:59.822000+00:00,2025-11-06 17:39:00+00:00,continuous,101294.3,101309.3,101151.5,101152.9,27150118.428400006
2025-11-06 17:44:59.944000+00:00,2025-11-06 17:42:00+00:00,continuous,101152.9,101385.0,101151.5,101316.4,20228993.59149999
2025-11-06 17:47:59.957000+00:00,2025-11-06 17:45:00+00:00,continuous,101316.5,101562.5,101316.4,101518.2,34248543.92240002
2025-11-06 17:50:59.952000+00:00,2025-11-06 17:48:00+00:00,continuous,101518.1,101883.9,101500.0,101828.1,81772175.02930008
2025-11-06 17:53:59.907000+00:00,2025-11-06 17:51:00+00:00,continuous,101828.1,101958.9,101630.0,101667.4,75220443.82459985
2025-11-06 17:56:59.658000+00:00,2025-11-06 17:54:00+00:00,continuous,101667.4,101868.2,101665.4,101710.2,40026511.252400026
2025-11-06 17:59:59.987000+00:00,2025-11-06 17:57:00+00:00,continuous,101710.2,101800.0,101647.5,101762.2,19011204.240600016
2025-11-06 18:02:59.793000+00:00,2025-11-06 18:00:00+00:00,continuous,101762.2,101762.2,101640.4,101664.8,22923934.986400038
2025-11-06 18:05:59.595000+00:00,2025-11-06 18:03:00+00:00,continuous,101664.9,101664.9,101403.7,101408.0,39816717.41039987
2025-11-06 18:08:59.817000+00:00,2025-11-06 18:06:00+00:00,continuous,101408.0,101511.7,101317.7,101410.4,34282163.68870007
2025-11-06 18:11:59.560000+00:00,2025-11-06 18:09:00+00:00,continuous,101410.4,101413.7,101253.2,101292.2,21261954.852099992
2025-11-06 18:14:59.997000+00:00,2025-11-06 18:12:00+00:00,continuous,101292.1,101372.2,101262.0,101351.0,17254738.662299994
2025-11-06 18:17:59.869000+00:00,2025-11-06 18:15:00+00:00,continuous,101350.1,101389.9,100951.9,101026.9,57824466.51889993
2025-11-06 18:20:59.867000+00:00,2025-11-06 18:18:00+00:00,continuous,101026.9,101063.9,100870.8,101048.1,64326733.71439995
2025-11-06 18:23:59.939000+00:00,2025-11-06 18:21:00+00:00,continuous,101048.1,101233.0,100990.9,101214.7,83455381.58929966
2025-11-06 18:26:59.921000+00:00,2025-11-06 18:24:00+00:00,continuous,101214.7,101480.6,101186.8,101457.8,40286921.08119996
2025-11-06 18:29:59.878000+00:00,2025-11-06 18:27:00+00:00,continuous,101457.8,101487.5,101293.9,101322.8,19077785.012500018
2025-11-06 18:32:59.933000+00:00,2025-11-06 18:30:00+00:00,continuous,101322.9,101599.6,101270.8,101527.0,50939407.37200005
2025-11-06 18:35:59.616000+00:00,2025-11-06 18:33:00+00:00,continuous,101527.1,101692.6,101447.2,101692.6,35906366.09700021
2025-11-06 18:38:59.860000+00:00,2025-11-06 18:36:00+00:00,continuous,101692.6,101749.7,101600.0,101636.5,31958042.88180016
2025-11-06 18:41:59.884000+00:00,2025-11-06 18:39:00+00:00,continuous,101636.6,101798.1,101600.6,101623.9,38633556.579199895
2025-11-06 18:44:59.495000+00:00,2025-11-06 18:42:00+00:00,continuous,101623.9,101750.0,101582.9,101627.0,33251049.746199936
2025-11-06 18:47:59.927000+00:00,2025-11-06 18:45:00+00:00,continuous,101627.1,101733.4,101593.9,101701.7,26775583.058700036
2025-11-06 18:50:59.704000+00:00,2025-11-06 18:48:00+00:00,continuous,101701.7,102298.0,101701.7,102166.1,112460497.34260015
2025-11-06 18:53:59.858000+00:00,2025-11-06 18:51:00+00:00,continuous,102166.2,102166.2,101980.9,102019.9,40312692.8443999
2025-11-06 18:56:59.855000+00:00,2025-11-06 18:54:00+00:00,continuous,102019.9,102043.9,101701.8,101744.7,33822101.10769992
2025-11-06 18:59:59.997000+00:00,2025-11-06 18:57:00+00:00,continuous,101744.7,101802.7,101670.0,101670.0,20584529.77359997
2025-11-06 19:02:59.934000+00:00,2025-11-06 19:00:00+00:00,continuous,101669.9,101757.6,101566.9,101628.6,57878699.8085999
2025-11-06 19:05:59.983000+00:00,2025-11-06 19:03:00+00:00,continuous,101628.6,101855.1,101526.6,101829.9,130571809.72590037
2025-11-06 19:08:59.761000+00:00,2025-11-06 19:06:00+00:00,continuous,101830.0,101853.3,101670.1,101738.1,31927418.548999947
2025-11-06 19:11:59.855000+00:00,2025-11-06 19:09:00+00:00,continuous,101738.1,101825.0,101694.2,101793.0,26482132.08010003
2025-11-06 19:14:59.536000+00:00,2025-11-06 19:12:00+00:00,continuous,101793.3,101908.0,101746.2,101896.2,18331697.72770001
2025-11-06 19:17:59.811000+00:00,2025-11-06 19:15:00+00:00,continuous,101896.2,101949.0,101730.9,101785.5,28621837.22290008
2025-11-06 19:20:59.888000+00:00,2025-11-06 19:18:00+00:00,continuous,101785.6,101840.0,101696.1,101698.7,24072483.83909998
2025-11-06 19:23:59.319000+00:00,2025-11-06 19:21:00+00:00,continuous,101698.6,101805.0,101659.0,101737.0,12834787.554899976
2025-11-06 19:26:59.349000+00:00,2025-11-06 19:24:00+00:00,continuous,101736.8,101767.7,101573.4,101697.9,16294166.377600027
2025-11-06 19:29:59.831000+00:00,2025-11-06 19:27:00+00:00,continuous,101697.9,101842.5,101673.1,101751.8,20000260.344499998
2025-11-06 19:32:59.493000+00:00,2025-11-06 19:30:00+00:00,continuous,101751.8,101762.1,101588.0,101725.2,23105957.70530009
2025-11-06 19:35:59.868000+00:00,2025-11-06 19:33:00+00:00,continuous,101725.2,101740.1,101581.3,101608.0,15489686.123100003
2025-11-06 19:38:59.633000+00:00,2025-11-06 19:36:00+00:00,continuous,101608.1,101831.4,101583.1,101748.5,16895678.452999998
2025-11-06 19:41:59.842000+00:00,2025-11-06 19:39:00+00:00,continuous,101748.4,101748.4,101227.5,101255.4,41050522.08980015
2025-11-06 19:44:59.775000+00:00,2025-11-06 19:42:00+00:00,continuous,101255.4,101425.0,101170.3,101400.7,30412297.9398
2025-11-06 19:47:59.783000+00:00,2025-11-06 19:45:00+00:00,continuous,101400.6,101458.2,101346.1,101385.8,13538900.089400014
2025-11-06 19:50:59.381000+00:00,2025-11-06 19:48:00+00:00,continuous,101385.7,101420.8,101140.9,101301.6,28385010.07819997
2025-11-06 19:53:59.887000+00:00,2025-11-06 19:51:00+00:00,continuous,101301.6,101326.0,101156.7,101240.3,14174661.659199964
2025-11-06 19:56:59.880000+00:00,2025-11-06 19:54:00+00:00,continuous,101240.3,101299.1,101200.0,101289.0,9299350.451100001
2025-11-06 19:59:59.785000+00:00,2025-11-06 19:57:00+00:00,continuous,101289.1,101549.5,101260.2,101335.9,15497990.134900048
2025-11-06 20:02:59.726000+00:00,2025-11-06 20:00:00+00:00,continuous,101335.9,101535.1,101335.9,101437.1,17217300.14759996
2025-11-06 20:05:59.975000+00:00,2025-11-06 20:03:00+00:00,continuous,101437.2,101599.6,101413.5,101462.9,15119905.91179999
2025-11-06 20:08:59.307000+00:00,2025-11-06 20:06:00+00:00,continuous,101463.4,101533.5,101342.8,101438.9,14334968.248500032
2025-11-06 20:11:59.996000+00:00,2025-11-06 20:09:00+00:00,continuous,101438.9,101451.1,101336.4,101400.4,12120412.537100011
2025-11-06 20:14:59.938000+00:00,2025-11-06 20:12:00+00:00,continuous,101400.7,101559.7,101205.0,101249.9,17916917.49490005
2025-11-06 20:17:59.982000+00:00,2025-11-06 20:15:00+00:00,continuous,101249.5,101315.6,101058.6,101101.4,35070861.66690002
2025-11-06 20:20:59.870000+00:00,2025-11-06 20:18:00+00:00,continuous,101101.4,101218.1,101039.5,101207.7,21108554.969799984
2025-11-06 20:23:59.878000+00:00,2025-11-06 20:21:00+00:00,continuous,101207.7,101328.5,101120.8,101312.1,17787128.68959998
2025-11-06 20:26:59.335000+00:00,2025-11-06 20:24:00+00:00,continuous,101312.2,101401.6,101273.2,101324.1,8435910.788199998
2025-11-06 20:29:59.942000+00:00,2025-11-06 20:27:00+00:00,continuous,101324.1,101324.1,100991.9,101041.2,25973264.195000015
2025-11-06 20:32:59.715000+00:00,2025-11-06 20:30:00+00:00,continuous,101041.3,101072.7,100825.3,100918.0,53950618.63899993
2025-11-06 20:35:59.569000+00:00,2025-11-06 20:33:00+00:00,continuous,100917.9,101101.5,100874.0,100996.1,20871460.494399983
2025-11-06 20:38:59.985000+00:00,2025-11-06 20:36:00+00:00,continuous,100996.0,101088.7,100918.1,101049.4,14048870.04910001
2025-11-06 20:41:59.938000+00:00,2025-11-06 20:39:00+00:00,continuous,101049.4,101099.0,100774.9,100852.5,20962653.559199985
2025-11-06 20:44:59.967000+00:00,2025-11-06 20:42:00+00:00,continuous,100852.5,100857.6,100590.0,100712.3,47282606.37199992
2025-11-06 20:47:59.936000+00:00,2025-11-06 20:45:00+00:00,continuous,100712.4,100830.3,100644.5,100763.3,29000891.8620001
2025-11-06 20:50:59.914000+00:00,2025-11-06 20:48:00+00:00,continuous,100763.3,100884.9,100732.7,100884.9,25831794.559900038
2025-11-06 20:53:59.657000+00:00,2025-11-06 20:51:00+00:00,continuous,100884.9,100926.8,100766.0,100892.1,21379146.748600032
2025-11-06 20:56:59.575000+00:00,2025-11-06 20:54:00+00:00,continuous,100892.1,101060.8,100839.1,101012.9,39918666.475099884
2025-11-06 20:59:59.948000+00:00,2025-11-06 20:57:00+00:00,continuous,101012.9,101045.7,100790.9,100873.8,22423420.00190002
2025-11-06 21:02:59.697000+00:00,2025-11-06 21:00:00+00:00,continuous,100873.7,100978.7,100822.8,100938.5,21419078.582700066
2025-11-06 21:05:59.855000+00:00,2025-11-06 21:03:00+00:00,continuous,100938.9,100939.0,100540.1,100596.6,47626709.34530011
2025-11-06 21:08:59.947000+00:00,2025-11-06 21:06:00+00:00,continuous,100596.6,100819.0,100596.5,100765.5,16225058.644800004
2025-11-06 21:11:59.937000+00:00,2025-11-06 21:09:00+00:00,continuous,100765.4,100835.2,100739.6,100801.5,15424928.9802
2025-11-06 21:14:59.953000+00:00,2025-11-06 21:12:00+00:00,continuous,100801.5,100844.7,100518.6,100572.5,39667884.65400006
2025-11-06 21:17:59.998000+00:00,2025-11-06 21:15:00+00:00,continuous,100572.4,100666.3,100500.0,100648.3,35135182.50090004
2025-11-06 21:20:59.916000+00:00,2025-11-06 21:18:00+00:00,continuous,100647.7,100662.7,100573.8,100605.0,9036468.528100012
2025-11-06 21:23:59.873000+00:00,2025-11-06 21:21:00+00:00,continuous,100605.0,100610.1,100532.8,100600.0,13401233.061899979
2025-11-06 21:26:59.374000+00:00,2025-11-06 21:24:00+00:00,continuous,100600.0,100663.2,100535.4,100600.0,11077332.481700025
2025-11-06 21:29:59.923000+00:00,2025-11-06 21:27:00+00:00,continuous,100600.0,100850.0,100599.9,100831.5,22032388.56639999
2025-11-06 21:32:59.524000+00:00,2025-11-06 21:30:00+00:00,continuous,100831.6,100890.3,100782.1,100835.5,23690166.55040001
2025-11-06 21:35:59.957000+00:00,2025-11-06 21:33:00+00:00,continuous,100835.5,100892.6,100787.2,100812.2,16615061.487300018
2025-11-06 21:38:59.851000+00:00,2025-11-06 21:36:00+00:00,continuous,100812.1,100920.2,100776.0,100905.8,16537429.318099948
2025-11-06 21:41:59.997000+00:00,2025-11-06 21:39:00+00:00,continuous,100905.8,100940.0,100850.9,100940.0,7437195.805799991
2025-11-06 21:44:59.883000+00:00,2025-11-06 21:42:00+00:00,continuous,100939.9,101111.1,100939.9,100954.9,39882624.768599875
2025-11-06 21:47:59.741000+00:00,2025-11-06 21:45:00+00:00,continuous,100954.9,100969.7,100874.8,100910.3,13367919.809600022
2025-11-06 21:50:59.928000+00:00,2025-11-06 21:48:00+00:00,continuous,100910.3,100918.0,100720.1,100871.0,13570577.515200015
2025-11-06 21:53:59.927000+00:00,2025-11-06 21:51:00+00:00,continuous,100871.3,101175.7,100871.2,101116.5,54305186.44949998
2025-11-06 21:56:59.742000+00:00,2025-11-06 21:54:00+00:00,continuous,101116.5,101175.7,101075.8,101075.9,15621335.106499981
2025-11-06 21:59:59.988000+00:00,2025-11-06 21:57:00+00:00,continuous,101075.9,101115.0,101016.3,101071.8,15303257.042799948
2025-11-06 22:02:59.995000+00:00,2025-11-06 22:00:00+00:00,continuous,101071.8,101163.2,101031.7,101163.2,10314304.713999981
2025-11-06 22:05:59.951000+00:00,2025-11-06 22:03:00+00:00,continuous,101163.1,101292.0,101163.1,101286.9,23137221.462700028
2025-11-06 22:08:59.891000+00:00,2025-11-06 22:06:00+00:00,continuous,101286.8,101346.5,101210.0,101249.5,19894274.76959997
2025-11-06 22:11:59.630000+00:00,2025-11-06 22:09:00+00:00,continuous,101249.4,101249.5,101135.8,101135.8,8269638.995700018
2025-11-06 22:14:59.908000+00:00,2025-11-06 22:12:00+00:00,continuous,101135.9,101135.9,100950.7,100950.8,17287928.2803
2025-11-06 22:17:59.525000+00:00,2025-11-06 22:15:00+00:00,continuous,100950.8,101123.2,100950.7,101101.8,10427209.593200019
2025-11-06 22:20:59.969000+00:00,2025-11-06 22:18:00+00:00,continuous,101101.7,101174.3,101079.4,101174.3,7056119.501899994
2025-11-06 22:23:59.573000+00:00,2025-11-06 22:21:00+00:00,continuous,101174.6,101278.9,101174.6,101225.4,11219800.877899991
2025-11-06 22:26:59.944000+00:00,2025-11-06 22:24:00+00:00,continuous,101225.4,101274.9,101148.5,101148.5,7291812.836599999
2025-11-06 22:29:59.363000+00:00,2025-11-06 22:27:00+00:00,continuous,101148.3,101152.1,101003.1,101092.9,24863104.45560004
2025-11-06 22:32:59.197000+00:00,2025-11-06 22:30:00+00:00,continuous,101092.9,101246.3,101037.0,101219.5,19529294.227200042
2025-11-06 22:35:59.296000+00:00,2025-11-06 22:33:00+00:00,continuous,101219.5,101242.8,101128.1,101128.1,10841728.049000002
2025-11-06 22:38:59.820000+00:00,2025-11-06 22:36:00+00:00,continuous,101128.0,101129.1,101025.3,101102.9,21248678.039099973
2025-11-06 22:41:59.366000+00:00,2025-11-06 22:39:00+00:00,continuous,101102.9,101151.8,101047.6,101125.2,6946490.276999996
2025-11-06 22:44:59.204000+00:00,2025-11-06 22:42:00+00:00,continuous,101125.1,101167.6,101057.0,101167.6,3987999.833600003
2025-11-06 22:47:59.771000+00:00,2025-11-06 22:45:00+00:00,continuous,101167.5,101180.3,101076.7,101085.4,6399407.630500005
2025-11-06 22:50:59.772000+00:00,2025-11-06 22:48:00+00:00,continuous,101085.3,101266.0,101085.3,101230.6,8518830.308100004
2025-11-06 22:53:59.878000+00:00,2025-11-06 22:51:00+00:00,continuous,101230.6,101330.3,101226.0,101284.0,9815919.515700016
2025-11-06 22:56:59.612000+00:00,2025-11-06 22:54:00+00:00,continuous,101284.0,101358.9,101283.9,101326.5,11280454.460900018
2025-11-06 22:59:59.944000+00:00,2025-11-06 22:57:00+00:00,continuous,101326.4,101447.5,101326.4,101364.2,19979700.79319999
2025-11-06 23:02:59.906000+00:00,2025-11-06 23:00:00+00:00,continuous,101364.1,101364.1,101180.1,101205.3,15404318.210599974
2025-11-06 23:05:59.951000+00:00,2025-11-06 23:03:00+00:00,continuous,101205.3,101260.6,101159.7,101247.1,14946560.238499993
2025-11-06 23:08:59.356000+00:00,2025-11-06 23:06:00+00:00,continuous,101247.2,101302.3,101192.6,101192.7,10930217.252199968
2025-11-06 23:11:59.936000+00:00,2025-11-06 23:09:00+00:00,continuous,101192.6,101352.3,101115.8,101347.0,21381833.17830004
2025-11-06 23:14:59.590000+00:00,2025-11-06 23:12:00+00:00,continuous,101346.9,101422.8,101341.8,101357.6,19752416.331799973
2025-11-06 23:17:59.785000+00:00,2025-11-06 23:15:00+00:00,continuous,101357.6,101372.6,101188.8,101189.0,21436632.819099963
2025-11-06 23:20:59.876000+00:00,2025-11-06 23:18:00+00:00,continuous,101189.0,101242.3,101149.8,101155.1,15964694.912100013
2025-11-06 23:23:59.706000+00:00,2025-11-06 23:21:00+00:00,continuous,101155.1,101309.9,101076.3,101309.8,37399982.16090004
2025-11-06 23:26:59.466000+00:00,2025-11-06 23:24:00+00:00,continuous,101309.8,101507.3,101309.8,101351.4,40809872.21799998
2025-11-06 23:29:59.462000+00:00,2025-11-06 23:27:00+00:00,continuous,101351.4,101370.2,101229.9,101313.8,14636274.648299988
2025-11-06 23:32:59.837000+00:00,2025-11-06 23:30:00+00:00,continuous,101313.8,101346.2,101104.1,101197.7,32142437.697499998
2025-11-06 23:35:59.685000+00:00,2025-11-06 23:33:00+00:00,continuous,101197.7,101263.0,101163.4,101208.8,19856735.34949997
2025-11-06 23:38:59.718000+00:00,2025-11-06 23:36:00+00:00,continuous,101208.9,101305.6,101153.6,101174.2,9430952.813000008
2025-11-06 23:41:59.855000+00:00,2025-11-06 23:39:00+00:00,continuous,101174.1,101179.5,101096.4,101152.6,11987942.72530003
2025-11-06 23:44:59.721000+00:00,2025-11-06 23:42:00+00:00,continuous,101152.5,101202.0,101115.8,101196.1,7294267.552700002
2025-11-06 23:47:59.854000+00:00,2025-11-06 23:45:00+00:00,continuous,101196.1,101285.8,101196.1,101239.0,6865032.176099991
2025-11-06 23:50:59.888000+00:00,2025-11-06 23:48:00+00:00,continuous,101239.0,101262.9,101225.4,101254.9,7349394.063699993
2025-11-06 23:53:59.998000+00:00,2025-11-06 23:51:00+00:00,continuous,101254.8,101306.0,101225.7,101276.9,7035650.729899995
2025-11-06 23:56:59.300000+00:00,2025-11-06 23:54:00+00:00,continuous,101276.8,101355.0,101264.6,101275.9,9263074.034000002
2025-11-06 23:59:58.935000+00:00,2025-11-06 23:57:00+00:00,continuous,101276.0,101334.0,101272.9,101305.6,5298317.251300008
2025-11-07 00:02:59.837000+00:00,2025-11-07 00:00:00+00:00,continuous,101305.6,101468.8,101242.2,101468.8,19607882.00340003
2025-11-07 00:05:59.976000+00:00,2025-11-07 00:03:00+00:00,continuous,101468.8,101567.2,101420.3,101526.6,44833042.430099875
2025-11-07 00:08:59.947000+00:00,2025-11-07 00:06:00+00:00,continuous,101526.3,101596.3,101463.3,101509.2,23388079.648299973
2025-11-07 00:11:59.540000+00:00,2025-11-07 00:09:00+00:00,continuous,101509.2,101515.4,101400.0,101449.7,11794579.095699998
2025-11-07 00:14:59.625000+00:00,2025-11-07 00:12:00+00:00,continuous,101449.7,101459.4,101154.1,101293.7,23095990.100799985
2025-11-07 00:17:59.894000+00:00,2025-11-07 00:15:00+00:00,continuous,101293.8,101455.2,101173.7,101190.1,40113225.87120024
2025-11-07 00:20:59.890000+00:00,2025-11-07 00:18:00+00:00,continuous,101190.2,101190.2,100936.7,101029.7,84406554.4035998
2025-11-07 00:23:59.964000+00:00,2025-11-07 00:21:00+00:00,continuous,101029.8,101061.7,100959.2,101016.3,20568331.181599982
2025-11-07 00:26:59.844000+00:00,2025-11-07 00:24:00+00:00,continuous,101016.3,101033.0,100830.9,100833.3,36218003.34360001
2025-11-07 00:29:59.910000+00:00,2025-11-07 00:27:00+00:00,continuous,100833.4,100914.7,100700.1,100890.9,46735745.20739991
2025-11-07 00:32:59.802000+00:00,2025-11-07 00:30:00+00:00,continuous,100891.0,100892.8,100736.5,100892.8,23155549.345899973
2025-11-07 00:35:59.981000+00:00,2025-11-07 00:33:00+00:00,continuous,100892.8,101400.0,100892.7,101310.5,55876056.31519997
2025-11-07 00:38:59.856000+00:00,2025-11-07 00:36:00+00:00,continuous,101310.6,101415.0,101165.4,101187.0,32350244.176799957
2025-11-07 00:41:59.551000+00:00,2025-11-07 00:39:00+00:00,continuous,101187.1,101334.4,101181.6,101244.7,13828221.659400031
2025-11-07 00:44:59.945000+00:00,2025-11-07 00:42:00+00:00,continuous,101245.0,101342.8,101236.5,101342.7,13368705.381900012
2025-11-07 00:47:59.753000+00:00,2025-11-07 00:45:00+00:00,continuous,101342.7,101409.2,101254.0,101291.5,15651946.38590002
2025-11-07 00:50:59.792000+00:00,2025-11-07 00:48:00+00:00,continuous,101291.5,101592.1,101291.5,101585.9,47638041.206200026
2025-11-07 00:53:59.947000+00:00,2025-11-07 00:51:00+00:00,continuous,101585.9,101585.9,101456.9,101500.0,24591829.58369997
2025-11-07 00:56:59.651000+00:00,2025-11-07 00:54:00+00:00,continuous,101500.1,101524.9,101287.9,101314.9,38770539.085400075
2025-11-07 00:59:59.941000+00:00,2025-11-07 00:57:00+00:00,continuous,101314.4,101537.0,101304.0,101434.5,20497057.755300015
2025-11-07 01:02:59.926000+00:00,2025-11-07 01:00:00+00:00,continuous,101434.6,101528.4,101385.7,101463.0,16019562.650899976
2025-11-07 01:05:59.992000+00:00,2025-11-07 01:03:00+00:00,continuous,101463.1,101534.2,101377.4,101392.7,16150212.872299995
2025-11-07 01:08:59.865000+00:00,2025-11-07 01:06:00+00:00,continuous,101392.2,101396.9,101126.9,101198.2,30610207.0254
2025-11-07 01:11:59.984000+00:00,2025-11-07 01:09:00+00:00,continuous,101198.2,101240.7,101000.0,101048.8,30558425.082799975
2025-11-07 01:14:59.828000+00:00,2025-11-07 01:12:00+00:00,continuous,101048.7,101371.4,101048.7,101277.2,22690943.668200042
2025-11-07 01:17:59.911000+00:00,2025-11-07 01:15:00+00:00,continuous,101277.1,101435.6,101157.6,101435.6,35348120.08339993
2025-11-07 01:20:59.824000+00:00,2025-11-07 01:18:00+00:00,continuous,101435.6,101580.0,101400.0,101537.5,54348945.853500046
2025-11-07 01:23:59.999000+00:00,2025-11-07 01:21:00+00:00,continuous,101537.6,101739.3,101406.7,101716.9,35246926.21280009
2025-11-07 01:26:59.672000+00:00,2025-11-07 01:24:00+00:00,continuous,101717.0,101846.5,101683.5,101719.4,52643115.811700046
2025-11-07 01:29:59.667000+00:00,2025-11-07 01:27:00+00:00,continuous,101719.5,101740.8,101622.4,101639.7,19269317.462700024
2025-11-07 01:32:59.990000+00:00,2025-11-07 01:30:00+00:00,continuous,101639.7,101639.7,101473.0,101473.0,18906826.335099977
2025-11-07 01:35:59.954000+00:00,2025-11-07 01:33:00+00:00,continuous,101473.1,101487.4,100835.4,100985.7,85658814.46510002
2025-11-07 01:38:59.863000+00:00,2025-11-07 01:36:00+00:00,continuous,100985.6,101150.0,100906.9,101096.4,34120856.9759
2025-11-07 01:41:59.771000+00:00,2025-11-07 01:39:00+00:00,continuous,101097.1,101219.4,101044.7,101056.7,24229198.091100033
2025-11-07 01:44:59.999000+00:00,2025-11-07 01:42:00+00:00,continuous,101056.8,101152.4,101022.4,101035.2,14009909.299499966
2025-11-07 01:47:59.980000+00:00,2025-11-07 01:45:00+00:00,continuous,101035.1,101245.8,100950.0,100997.2,32005681.283099867
2025-11-07 01:50:59.796000+00:00,2025-11-07 01:48:00+00:00,continuous,100997.3,101085.7,100913.1,101070.0,26838476.483199988
2025-11-07 01:53:59.812000+00:00,2025-11-07 01:51:00+00:00,continuous,101069.9,101168.8,101000.1,101014.6,12070328.427700035
2025-11-07 01:56:59.635000+00:00,2025-11-07 01:54:00+00:00,continuous,101014.7,101241.8,101014.7,101210.9,14521993.95680002
2025-11-07 01:59:59.603000+00:00,2025-11-07 01:57:00+00:00,continuous,101210.9,101543.1,101197.8,101501.3,35320020.830500014
2025-11-07 02:02:59.352000+00:00,2025-11-07 02:00:00+00:00,continuous,101501.3,101588.0,101418.0,101468.0,29463198.99139999
2025-11-07 02:05:59.743000+00:00,2025-11-07 02:03:00+00:00,continuous,101468.0,101541.1,101368.3,101411.9,20098214.382800005
2025-11-07 02:08:59.972000+00:00,2025-11-07 02:06:00+00:00,continuous,101412.3,101576.0,101400.0,101544.8,21578829.43450004
2025-11-07 02:11:59.707000+00:00,2025-11-07 02:09:00+00:00,continuous,101544.9,101600.0,101482.0,101514.4,23846207.53699998
2025-11-07 02:14:59.887000+00:00,2025-11-07 02:12:00+00:00,continuous,101514.3,101590.5,101494.3,101529.5,15536743.247399986
2025-11-07 02:17:59.909000+00:00,2025-11-07 02:15:00+00:00,continuous,101529.6,101578.7,101444.0,101549.7,10887651.025099996
2025-11-07 02:20:59.905000+00:00,2025-11-07 02:18:00+00:00,continuous,101549.7,101676.8,101477.3,101543.3,15395137.44719998
2025-11-07 02:23:59.870000+00:00,2025-11-07 02:21:00+00:00,continuous,101543.2,101576.9,101242.4,101348.8,30218403.001300037
2025-11-07 02:26:59.799000+00:00,2025-11-07 02:24:00+00:00,continuous,101348.8,101423.2,101330.2,101403.5,10631194.2618
2025-11-07 02:29:59.940000+00:00,2025-11-07 02:27:00+00:00,continuous,101403.5,101420.8,101200.0,101200.1,11663654.493500013
2025-11-07 02:32:59.883000+00:00,2025-11-07 02:30:00+00:00,continuous,101200.0,101383.5,101200.0,101375.7,15177097.56370001
2025-11-07 02:35:59.675000+00:00,2025-11-07 02:33:00+00:00,continuous,101375.6,101499.5,101341.3,101459.9,12135219.596899988
2025-11-07 02:38:59.522000+00:00,2025-11-07 02:36:00+00:00,continuous,101460.0,101551.7,101425.8,101497.6,8149143.202799996
2025-11-07 02:41:59.806000+00:00,2025-11-07 02:39:00+00:00,continuous,101497.7,101571.0,101481.8,101484.4,10229997.193199981
2025-11-07 02:44:59.628000+00:00,2025-11-07 02:42:00+00:00,continuous,101484.3,101567.8,101462.5,101513.2,19946484.23320004
2025-11-07 02:47:59.988000+00:00,2025-11-07 02:45:00+00:00,continuous,101513.2,101595.9,101495.4,101574.9,10959478.949199986
2025-11-07 02:50:59.862000+00:00,2025-11-07 02:48:00+00:00,continuous,101574.8,101640.0,101527.6,101640.0,14741446.418499993
2025-11-07 02:53:59.898000+00:00,2025-11-07 02:51:00+00:00,continuous,101640.0,101770.0,101640.0,101769.9,24509774.333499976
2025-11-07 02:56:59.972000+00:00,2025-11-07 02:54:00+00:00,continuous,101769.9,101868.3,101700.0,101836.6,44827340.962299906
2025-11-07 02:59:59.573000+00:00,2025-11-07 02:57:00+00:00,continuous,101836.5,101890.0,101792.8,101863.8,17505735.600199986
2025-11-07 03:02:59.959000+00:00,2025-11-07 03:00:00+00:00,continuous,101863.8,102129.7,101837.5,101972.7,57694527.23770033
2025-11-07 03:05:59.926000+00:00,2025-11-07 03:03:00+00:00,continuous,101972.7,102259.6,101915.9,102212.6,40016268.09040003
2025-11-07 03:08:59.911000+00:00,2025-11-07 03:06:00+00:00,continuous,102212.6,102281.3,102139.7,102250.0,31542354.431600068
2025-11-07 03:11:59.883000+00:00,2025-11-07 03:09:00+00:00,continuous,102250.0,102280.0,102209.0,102249.0,19480330.014200058
2025-11-07 03:14:59.987000+00:00,2025-11-07 03:12:00+00:00,continuous,102249.1,102311.0,102177.1,102286.6,36005892.698699884
2025-11-07 03:17:59.976000+00:00,2025-11-07 03:15:00+00:00,continuous,102286.7,102286.7,102126.4,102223.3,24479666.261200003
2025-11-07 03:20:59.755000+00:00,2025-11-07 03:18:00+00:00,continuous,102223.2,102274.7,102146.5,102206.0,14407326.21620001
2025-11-07 03:23:59.954000+00:00,2025-11-07 03:21:00+00:00,continuous,102206.0,102270.0,102060.1,102179.6,20059794.959899988
2025-11-07 03:26:59.334000+00:00,2025-11-07 03:24:00+00:00,continuous,102179.4,102292.3,102131.8,102150.0,23946912.156200007
2025-11-07 03:29:59.928000+00:00,2025-11-07 03:27:00+00:00,continuous,102150.1,102240.3,102130.5,102233.7,15804316.278799975
2025-11-07 03:32:59.649000+00:00,2025-11-07 03:30:00+00:00,continuous,102233.7,102233.7,102167.0,102177.0,14619101.291199991
2025-11-07 03:35:59.881000+00:00,2025-11-07 03:33:00+00:00,continuous,102176.9,102228.3,102067.8,102157.8,25038636.832900066
2025-11-07 03:38:59.822000+00:00,2025-11-07 03:36:00+00:00,continuous,102157.8,102210.4,102053.0,102067.2,17772259.014700014
2025-11-07 03:41:59.938000+00:00,2025-11-07 03:39:00+00:00,continuous,102067.3,102130.6,102064.3,102073.7,7670486.272699993
2025-11-07 03:44:59.762000+00:00,2025-11-07 03:42:00+00:00,continuous,102073.7,102112.7,102040.0,102089.0,8578202.524500007
2025-11-07 03:47:59.946000+00:00,2025-11-07 03:45:00+00:00,continuous,102089.1,102089.1,101936.4,102031.2,16115586.32589997
2025-11-07 03:50:59.969000+00:00,2025-11-07 03:48:00+00:00,continuous,102031.1,102053.4,101950.0,101959.2,7844860.4784000125
2025-11-07 03:53:59.515000+00:00,2025-11-07 03:51:00+00:00,continuous,101959.2,101984.2,101936.8,101955.6,6844035.553300007
2025-11-07 03:56:59.742000+00:00,2025-11-07 03:54:00+00:00,continuous,101955.6,101965.3,101810.0,101884.8,36497456.41499995
2025-11-07 03:59:59.914000+00:00,2025-11-07 03:57:00+00:00,continuous,101884.8,101954.7,101863.4,101863.5,12964472.729300022
2025-11-07 04:02:59.466000+00:00,2025-11-07 04:00:00+00:00,continuous,101863.4,101932.6,101785.0,101826.4,22371704.897999894
2025-11-07 04:05:59.990000+00:00,2025-11-07 04:03:00+00:00,continuous,101826.3,101858.0,101769.2,101769.3,15590920.358099991
2025-11-07 04:08:59.926000+00:00,2025-11-07 04:06:00+00:00,continuous,101769.2,101769.3,101588.0,101600.1,56278469.16899996
2025-11-07 04:11:59.926000+00:00,2025-11-07 04:09:00+00:00,continuous,101600.0,101650.0,101537.0,101591.2,22419070.21340003
2025-11-07 04:14:59.422000+00:00,2025-11-07 04:12:00+00:00,continuous,101591.2,101591.6,101530.0,101530.0,11490499.644799998
2025-11-07 04:17:59.800000+00:00,2025-11-07 04:15:00+00:00,continuous,101530.1,101770.6,101530.1,101752.9,19870883.445799988
2025-11-07 04:20:59.997000+00:00,2025-11-07 04:18:00+00:00,continuous,101753.0,101831.1,101752.9,101771.1,15624062.828499978
2025-11-07 04:23:59.718000+00:00,2025-11-07 04:21:00+00:00,continuous,101771.0,102022.4,101771.0,101971.0,23225388.144400075
2025-11-07 04:26:59.752000+00:00,2025-11-07 04:24:00+00:00,continuous,101970.9,102015.6,101933.3,101968.1,15631940.785400031
2025-11-07 04:29:59.951000+00:00,2025-11-07 04:27:00+00:00,continuous,101968.1,102000.0,101910.3,101943.1,10334212.856999965
2025-11-07 04:32:59.895000+00:00,2025-11-07 04:30:00+00:00,continuous,101943.0,101943.1,101789.8,101790.4,11928841.413300006
2025-11-07 04:35:59.954000+00:00,2025-11-07 04:33:00+00:00,continuous,101790.4,101790.4,101718.3,101771.7,13354834.572499994
2025-11-07 04:38:59.990000+00:00,2025-11-07 04:36:00+00:00,continuous,101772.2,101796.9,101750.0,101753.6,6902539.01450001
2025-11-07 04:41:59.819000+00:00,2025-11-07 04:39:00+00:00,continuous,101753.3,101753.3,101663.1,101729.2,12085791.69700001
2025-11-07 04:44:58.775000+00:00,2025-11-07 04:42:00+00:00,continuous,101729.3,101854.1,101729.2,101775.0,10519296.718299996
2025-11-07 04:47:58.894000+00:00,2025-11-07 04:45:00+00:00,continuous,101775.0,101805.0,101731.4,101767.9,9535647.32159996
2025-11-07 04:50:59.986000+00:00,2025-11-07 04:48:00+00:00,continuous,101767.9,101787.6,101724.2,101783.4,6501443.145399997
2025-11-07 04:53:59.992000+00:00,2025-11-07 04:51:00+00:00,continuous,101783.5,101839.6,101766.0,101798.2,10962958.498999996
2025-11-07 04:56:59.962000+00:00,2025-11-07 04:54:00+00:00,continuous,101798.1,101906.3,101780.0,101906.3,9962281.769699987
2025-11-07 04:59:59.943000+00:00,2025-11-07 04:57:00+00:00,continuous,101906.3,102027.7,101883.6,101974.1,35074173.691399954
2025-11-07 05:02:59.367000+00:00,2025-11-07 05:00:00+00:00,continuous,101974.0,102040.2,101965.7,102040.2,15114435.9631
2025-11-07 05:05:59.894000+00:00,2025-11-07 05:03:00+00:00,continuous,102040.1,102200.0,101996.2,102200.0,22023757.974400077
2025-11-07 05:08:59.880000+00:00,2025-11-07 05:06:00+00:00,continuous,102200.0,102380.0,102161.0,102369.9,32150189.789700024
2025-11-07 05:11:59.923000+00:00,2025-11-07 05:09:00+00:00,continuous,102369.8,102480.4,102274.0,102297.4,85326512.87310016
2025-11-07 05:14:59.688000+00:00,2025-11-07 05:12:00+00:00,continuous,102297.1,102386.8,102249.7,102377.8,28601468.22429995
2025-11-07 05:17:58.700000+00:00,2025-11-07 05:15:00+00:00,continuous,102377.8,102429.7,102233.3,102320.2,28685406.538699962
2025-11-07 05:20:59.718000+00:00,2025-11-07 05:18:00+00:00,continuous,102320.3,102400.0,102223.5,102233.1,16087436.193300033
2025-11-07 05:23:59.856000+00:00,2025-11-07 05:21:00+00:00,continuous,102233.1,102331.2,102200.0,102331.2,11976118.745499985
2025-11-07 05:26:59.805000+00:00,2025-11-07 05:24:00+00:00,continuous,102331.1,102364.2,102223.4,102278.0,25860534.756900005
2025-11-07 05:29:59.924000+00:00,2025-11-07 05:27:00+00:00,continuous,102278.0,102362.9,102275.0,102354.7,9118779.983899998
2025-11-07 05:32:59.585000+00:00,2025-11-07 05:30:00+00:00,continuous,102354.8,102354.8,102248.1,102279.0,19606499.706500005
2025-11-07 05:35:59.743000+00:00,2025-11-07 05:33:00+00:00,continuous,102279.0,102300.0,102251.0,102262.7,22619962.950400013
2025-11-07 05:38:59.904000+00:00,2025-11-07 05:36:00+00:00,continuous,102262.8,102300.0,102220.4,102287.7,29231167.043600004
2025-11-07 05:41:59.703000+00:00,2025-11-07 05:39:00+00:00,continuous,102287.7,102300.0,102249.4,102290.6,19325040.797000043
2025-11-07 05:44:58.853000+00:00,2025-11-07 05:42:00+00:00,continuous,102290.5,102296.9,102248.5,102257.5,6017467.782199992
2025-11-07 05:47:59.986000+00:00,2025-11-07 05:45:00+00:00,continuous,102257.4,102295.7,102212.1,102228.2,16250321.33459996
2025-11-07 05:50:59.201000+00:00,2025-11-07 05:48:00+00:00,continuous,102228.1,102275.9,102220.2,102275.9,8563543.825299997
2025-11-07 05:53:59.622000+00:00,2025-11-07 05:51:00+00:00,continuous,102275.9,102442.5,102254.0,102377.0,36491044.961100005
2025-11-07 05:56:59.629000+00:00,2025-11-07 05:54:00+00:00,continuous,102377.0,102393.1,102310.0,102323.7,15226450.687199999
2025-11-07 05:59:59.818000+00:00,2025-11-07 05:57:00+00:00,continuous,102323.8,102400.0,102323.7,102400.0,11459884.634399999
2025-11-07 06:02:59.955000+00:00,2025-11-07 06:00:00+00:00,continuous,102400.0,102450.0,102331.6,102350.5,24044966.225000028
2025-11-07 06:05:59.733000+00:00,2025-11-07 06:03:00+00:00,continuous,102350.4,102352.4,102273.6,102317.2,8231253.8758999985
2025-11-07 06:08:59.963000+00:00,2025-11-07 06:06:00+00:00,continuous,102317.3,102322.3,102223.7,102244.6,18939641.042600017
2025-11-07 06:11:59.740000+00:00,2025-11-07 06:09:00+00:00,continuous,102244.6,102318.6,102228.3,102318.5,11583364.736999989
2025-11-07 06:14:59.947000+00:00,2025-11-07 06:12:00+00:00,continuous,102318.6,102379.5,102268.6,102268.6,9366397.820199978
2025-11-07 06:17:59.625000+00:00,2025-11-07 06:15:00+00:00,continuous,102268.6,102303.3,102235.8,102283.7,9326207.794699997
2025-11-07 06:20:59.974000+00:00,2025-11-07 06:18:00+00:00,continuous,102283.7,102320.0,102262.8,102310.0,6268678.169199999
2025-11-07 06:23:59.416000+00:00,2025-11-07 06:21:00+00:00,continuous,102309.7,102433.9,102300.2,102400.7,14306495.715099975
2025-11-07 06:26:59.857000+00:00,2025-11-07 06:24:00+00:00,continuous,102400.7,102400.7,102249.0,102265.8,14965732.631500015
2025-11-07 06:29:59.959000+00:00,2025-11-07 06:27:00+00:00,continuous,102265.8,102271.1,102187.5,102197.3,6874222.874500006
2025-11-07 06:32:59.959000+00:00,2025-11-07 06:30:00+00:00,continuous,102197.3,102197.4,102041.2,102122.4,19135110.611199953
2025-11-07 06:35:59.978000+00:00,2025-11-07 06:33:00+00:00,continuous,102122.3,102122.3,102016.4,102039.6,12987918.876899997
2025-11-07 06:38:59.600000+00:00,2025-11-07 06:36:00+00:00,continuous,102039.6,102076.9,102029.0,102029.3,9409880.045400003
2025-11-07 06:41:59.621000+00:00,2025-11-07 06:39:00+00:00,continuous,102029.4,102055.2,102010.0,102038.2,8302482.278900002
2025-11-07 06:44:59.389000+00:00,2025-11-07 06:42:00+00:00,continuous,102038.2,102051.9,102026.5,102037.9,4709306.121199993
2025-11-07 06:47:59.840000+00:00,2025-11-07 06:45:00+00:00,continuous,102038.0,102043.9,101964.3,101973.8,7548851.195399989
2025-11-07 06:50:59.956000+00:00,2025-11-07 06:48:00+00:00,continuous,101973.9,102014.3,101956.1,101956.1,8078782.8632000005
2025-11-07 06:53:59.841000+00:00,2025-11-07 06:51:00+00:00,continuous,101956.2,101985.2,101910.1,101910.2,10979756.797199974
2025-11-07 06:56:59.455000+00:00,2025-11-07 06:54:00+00:00,continuous,101910.1,101917.4,101850.9,101869.1,14848121.067900002
2025-11-07 06:59:59.994000+00:00,2025-11-07 06:57:00+00:00,continuous,101869.2,101893.2,101763.6,101778.7,17076015.85540002
2025-11-07 07:02:59.664000+00:00,2025-11-07 07:00:00+00:00,continuous,101778.6,101946.4,101778.6,101923.0,18968017.862199984
2025-11-07 07:05:59.774000+00:00,2025-11-07 07:03:00+00:00,continuous,101923.0,101923.0,101760.6,101847.8,16265624.026899984
2025-11-07 07:08:59.918000+00:00,2025-11-07 07:06:00+00:00,continuous,101847.7,101936.5,101824.0,101910.0,9024192.492699992
2025-11-07 07:11:59.583000+00:00,2025-11-07 07:09:00+00:00,continuous,101910.1,101949.5,101861.5,101901.8,9444721.55879999
2025-11-07 07:14:59.570000+00:00,2025-11-07 07:12:00+00:00,continuous,101901.7,101903.4,101806.9,101807.0,11467819.198599992
2025-11-07 07:17:59.892000+00:00,2025-11-07 07:15:00+00:00,continuous,101807.0,101964.4,101807.0,101964.4,13660891.626600003
2025-11-07 07:20:59.435000+00:00,2025-11-07 07:18:00+00:00,continuous,101964.4,101973.4,101876.8,101955.6,11857013.515299965
2025-11-07 07:23:59.968000+00:00,2025-11-07 07:21:00+00:00,continuous,101955.6,101977.0,101830.8,101856.2,19004178.721799996
2025-11-07 07:26:59.980000+00:00,2025-11-07 07:24:00+00:00,continuous,101856.2,101867.3,101632.4,101697.7,30802072.000600055
2025-11-07 07:29:59.945000+00:00,2025-11-07 07:27:00+00:00,continuous,101697.7,101815.8,101655.7,101798.0,17892747.85100002
2025-11-07 07:32:59.984000+00:00,2025-11-07 07:30:00+00:00,continuous,101798.0,101824.8,101645.9,101645.9,18825805.20620004
2025-11-07 07:35:59.699000+00:00,2025-11-07 07:33:00+00:00,continuous,101645.9,101665.0,101586.6,101624.8,20690464.236199994
2025-11-07 07:38:59.711000+00:00,2025-11-07 07:36:00+00:00,continuous,101624.9,101750.0,101624.8,101734.8,15244557.427699989
2025-11-07 07:41:59.829000+00:00,2025-11-07 07:39:00+00:00,continuous,101734.8,101768.3,101700.0,101757.7,17287459.527600013
2025-11-07 07:44:59.732000+00:00,2025-11-07 07:42:00+00:00,continuous,101757.6,101794.8,101743.1,101768.1,8159754.079100006
2025-11-07 07:47:59.793000+00:00,2025-11-07 07:45:00+00:00,continuous,101768.1,101825.0,101760.3,101825.0,15476601.95030002
2025-11-07 07:50:59.866000+00:00,2025-11-07 07:48:00+00:00,continuous,101825.0,101930.0,101821.9,101887.8,27051971.02089997
2025-11-07 07:53:59.611000+00:00,2025-11-07 07:51:00+00:00,continuous,101887.7,101970.0,101871.1,101970.0,12982815.308400018
2025-11-07 07:56:59.865000+00:00,2025-11-07 07:54:00+00:00,continuous,101969.9,101970.0,101906.4,101937.2,15762223.935900014
2025-11-07 07:59:59.534000+00:00,2025-11-07 07:57:00+00:00,continuous,101937.1,101981.9,101933.3,101978.8,8718463.386499994
2025-11-07 08:02:59.910000+00:00,2025-11-07 08:00:00+00:00,continuous,101978.2,102024.7,101858.2,101905.9,25147949.709700108
2025-11-07 08:05:59.383000+00:00,2025-11-07 08:03:00+00:00,continuous,101906.0,101939.2,101872.7,101939.2,7878554.367200011
2025-11-07 08:08:59.640000+00:00,2025-11-07 08:06:00+00:00,continuous,101939.2,101965.3,101880.0,101880.0,8577454.440000013
2025-11-07 08:11:59.777000+00:00,2025-11-07 08:09:00+00:00,continuous,101880.0,101903.9,101844.7,101886.7,8461061.545599986
2025-11-07 08:14:59.863000+00:00,2025-11-07 08:12:00+00:00,continuous,101886.6,101895.2,101816.7,101895.2,11010505.263700014
2025-11-07 08:17:59.602000+00:00,2025-11-07 08:15:00+00:00,continuous,101895.3,101930.1,101815.7,101826.7,8815964.7026
2025-11-07 08:20:59.921000+00:00,2025-11-07 08:18:00+00:00,continuous,101826.7,101889.3,101752.0,101783.4,17265532.50710001
2025-11-07 08:23:59.944000+00:00,2025-11-07 08:21:00+00:00,continuous,101783.4,101783.5,101650.1,101742.9,20261937.057400018
2025-11-07 08:26:59.714000+00:00,2025-11-07 08:24:00+00:00,continuous,101742.9,101822.0,101707.5,101822.0,11925164.878200019
2025-11-07 08:29:59.915000+00:00,2025-11-07 08:27:00+00:00,continuous,101821.9,101850.5,101754.9,101755.0,6738825.895399994
2025-11-07 08:32:59.651000+00:00,2025-11-07 08:30:00+00:00,continuous,101754.9,101764.9,101707.0,101727.9,8051103.222100004
2025-11-07 08:35:59.861000+00:00,2025-11-07 08:33:00+00:00,continuous,101727.9,101727.9,101611.0,101642.6,12251777.006800001
2025-11-07 08:38:59.855000+00:00,2025-11-07 08:36:00+00:00,continuous,101642.7,101653.0,101560.2,101572.6,31742148.37670004
2025-11-07 08:41:59.739000+00:00,2025-11-07 08:39:00+00:00,continuous,101572.6,101577.2,101458.1,101554.8,34014302.484900065
2025-11-07 08:44:59.779000+00:00,2025-11-07 08:42:00+00:00,continuous,101554.8,101600.0,101524.0,101578.7,17046120.83299999
2025-11-07 08:47:59.449000+00:00,2025-11-07 08:45:00+00:00,continuous,101578.7,101578.7,101455.0,101496.2,16507973.352899987
2025-11-07 08:50:59.999000+00:00,2025-11-07 08:48:00+00:00,continuous,101496.1,101518.1,101407.2,101407.3,15983712.010300003
2025-11-07 08:53:59.607000+00:00,2025-11-07 08:51:00+00:00,continuous,101407.2,101516.1,101388.0,101484.0,21182993.057900056
2025-11-07 08:56:59.759000+00:00,2025-11-07 08:54:00+00:00,continuous,101484.0,101511.1,101445.8,101472.6,10322007.551099993
2025-11-07 08:59:59.851000+00:00,2025-11-07 08:57:00+00:00,continuous,101472.5,101472.6,101431.8,101461.8,7736032.359300006
2025-11-07 09:02:59.989000+00:00,2025-11-07 09:00:00+00:00,continuous,101461.8,101480.0,101305.9,101335.0,43973738.79119997
2025-11-07 09:05:59.916000+00:00,2025-11-07 09:03:00+00:00,continuous,101335.0,101340.0,101232.9,101333.6,25900212.5224001
2025-11-07 09:08:59.851000+00:00,2025-11-07 09:06:00+00:00,continuous,101333.6,101348.1,101167.9,101190.0,23756284.30760003
2025-11-07 09:11:59.964000+00:00,2025-11-07 09:09:00+00:00,continuous,101190.0,101373.2,101174.4,101373.1,26340844.188999943
2025-11-07 09:14:59.762000+00:00,2025-11-07 09:12:00+00:00,continuous,101373.1,101373.2,101302.5,101325.0,13204501.240700003
2025-11-07 09:17:59.948000+00:00,2025-11-07 09:15:00+00:00,continuous,101325.0,101389.3,101298.5,101379.5,7446909.090600003
2025-11-07 09:20:59.933000+00:00,2025-11-07 09:18:00+00:00,continuous,101379.5,101440.7,101344.9,101434.8,9536107.031899977
2025-11-07 09:23:59.925000+00:00,2025-11-07 09:21:00+00:00,continuous,101434.8,101452.1,101023.2,101081.9,43416075.300499946
2025-11-07 09:26:59.918000+00:00,2025-11-07 09:24:00+00:00,continuous,101081.9,101081.9,100934.0,101032.6,65812371.94120001
2025-11-07 09:29:59.949000+00:00,2025-11-07 09:27:00+00:00,continuous,101032.6,101033.6,100922.0,100972.6,37555332.320500046
2025-11-07 09:32:59.965000+00:00,2025-11-07 09:30:00+00:00,continuous,100972.6,101108.5,100921.6,101060.8,39449197.022
2025-11-07 09:35:59.969000+00:00,2025-11-07 09:33:00+00:00,continuous,101060.8,101090.6,100875.2,100882.8,51370932.03869987
2025-11-07 09:38:59.758000+00:00,2025-11-07 09:36:00+00:00,continuous,100882.3,100942.4,100850.0,100935.2,22873494.39049997
2025-11-07 09:41:59.940000+00:00,2025-11-07 09:39:00+00:00,continuous,100935.2,100946.2,100847.3,100857.7,40745941.98750001
2025-11-07 09:44:59.947000+00:00,2025-11-07 09:42:00+00:00,continuous,100857.7,100950.0,100801.2,100904.1,33608801.228499964
2025-11-07 09:47:59.998000+00:00,2025-11-07 09:45:00+00:00,continuous,100904.1,100961.0,100890.7,100912.4,32870199.74930007
2025-11-07 09:50:59.964000+00:00,2025-11-07 09:48:00+00:00,continuous,100912.0,100978.7,100893.3,100958.2,18047647.82159999
2025-11-07 09:53:59.933000+00:00,2025-11-07 09:51:00+00:00,continuous,100958.6,100978.2,100700.8,100773.2,123914143.10670027
2025-11-07 09:56:59.793000+00:00,2025-11-07 09:54:00+00:00,continuous,100773.1,100939.0,100773.1,100920.0,27586886.670099977
2025-11-07 09:59:59.979000+00:00,2025-11-07 09:57:00+00:00,continuous,100920.0,100999.3,100888.0,100968.1,24951947.047300074
2025-11-07 10:02:59.934000+00:00,2025-11-07 10:00:00+00:00,continuous,100968.0,101162.6,100908.4,101148.5,41547123.78359992
2025-11-07 10:05:59.959000+00:00,2025-11-07 10:03:00+00:00,continuous,101148.5,101213.3,101121.4,101157.0,27642354.149799995
2025-11-07 10:08:59.924000+00:00,2025-11-07 10:06:00+00:00,continuous,101157.1,101175.1,101000.0,101000.1,21289719.40490004
2025-11-07 10:11:59.869000+00:00,2025-11-07 10:09:00+00:00,continuous,101000.1,101026.9,100930.0,100930.0,15615161.461400025
2025-11-07 10:14:59.921000+00:00,2025-11-07 10:12:00+00:00,continuous,100930.0,100986.1,100914.6,100924.5,18990146.4618
2025-11-07 10:17:59.858000+00:00,2025-11-07 10:15:00+00:00,continuous,100924.5,100934.9,100637.6,100700.1,57725520.185400106
2025-11-07 10:20:59.933000+00:00,2025-11-07 10:18:00+00:00,continuous,100700.2,100846.2,100661.2,100846.2,33137424.798999898
2025-11-07 10:23:59.970000+00:00,2025-11-07 10:21:00+00:00,continuous,100846.1,100847.7,100667.8,100667.8,19470593.14570004
2025-11-07 10:26:59.969000+00:00,2025-11-07 10:24:00+00:00,continuous,100667.9,100716.8,100592.0,100677.3,38210471.088700116
2025-11-07 10:29:59.917000+00:00,2025-11-07 10:27:00+00:00,continuous,100677.2,100760.0,100612.1,100617.1,26207807.08359996
2025-11-07 10:32:59.954000+00:00,2025-11-07 10:30:00+00:00,continuous,100617.1,100684.1,100568.0,100588.4,30241827.180900045
2025-11-07 10:35:59.956000+00:00,2025-11-07 10:33:00+00:00,continuous,100588.4,100664.0,100570.6,100663.9,14484387.000200007
2025-11-07 10:38:59.986000+00:00,2025-11-07 10:36:00+00:00,continuous,100663.9,100761.3,100663.9,100758.6,12275698.174799984
2025-11-07 10:41:59.949000+00:00,2025-11-07 10:39:00+00:00,continuous,100758.6,100829.0,100728.1,100784.7,15542934.490099993
2025-11-07 10:44:59.951000+00:00,2025-11-07 10:42:00+00:00,continuous,100784.8,100922.7,100779.9,100900.1,16820928.701499976
2025-11-07 10:47:59.961000+00:00,2025-11-07 10:45:00+00:00,continuous,100900.0,100900.1,100771.9,100874.6,10209751.484099979
2025-11-07 10:50:59.948000+00:00,2025-11-07 10:48:00+00:00,continuous,100874.1,100874.1,100664.3,100665.5,12960083.576599985
2025-11-07 10:53:59.962000+00:00,2025-11-07 10:51:00+00:00,continuous,100665.6,100698.3,100516.2,100612.8,26808873.45079999
2025-11-07 10:56:59.902000+00:00,2025-11-07 10:54:00+00:00,continuous,100612.8,100701.6,100600.0,100679.3,11984240.332100011
2025-11-07 10:59:59.891000+00:00,2025-11-07 10:57:00+00:00,continuous,100679.3,100780.5,100645.8,100725.3,7541241.179399993
2025-11-07 11:02:59.667000+00:00,2025-11-07 11:00:00+00:00,continuous,100725.4,100751.0,100628.6,100628.7,11531701.839800023
2025-11-07 11:05:59.827000+00:00,2025-11-07 11:03:00+00:00,continuous,100628.7,100640.1,100388.0,100481.2,65421154.55739997
2025-11-07 11:08:59.985000+00:00,2025-11-07 11:06:00+00:00,continuous,100481.3,100552.2,100371.1,100406.2,26743368.151899938
2025-11-07 11:11:59.887000+00:00,2025-11-07 11:09:00+00:00,continuous,100406.3,100450.5,100300.0,100367.1,54897394.082899824
2025-11-07 11:14:59.985000+00:00,2025-11-07 11:12:00+00:00,continuous,100367.2,100368.9,100035.1,100044.1,167105241.14859998
2025-11-07 11:17:59.908000+00:00,2025-11-07 11:15:00+00:00,continuous,100044.1,100213.0,99864.8,100202.0,225720672.96609902
2025-11-07 11:20:59.957000+00:00,2025-11-07 11:18:00+00:00,continuous,100201.9,100278.2,100000.0,100045.6,100503815.85119991
2025-11-07 11:23:59.996000+00:00,2025-11-07 11:21:00+00:00,continuous,100045.7,100157.3,100000.0,100004.9,119025375.6575001
2025-11-07 11:26:59.966000+00:00,2025-11-07 11:24:00+00:00,continuous,100005.0,100034.7,99792.9,99820.2,146984382.665199
2025-11-07 11:29:59.973000+00:00,2025-11-07 11:27:00+00:00,continuous,99820.1,100138.6,99750.0,99885.0,169750212.4440997
2025-11-07 11:32:59.886000+00:00,2025-11-07 11:30:00+00:00,continuous,99885.0,100134.3,99827.0,99888.0,112439950.51319979
2025-11-07 11:35:59.977000+00:00,2025-11-07 11:33:00+00:00,continuous,99888.1,100100.0,99888.0,100012.0,43426097.19019989
2025-11-07 11:38:59.954000+00:00,2025-11-07 11:36:00+00:00,continuous,100011.9,100045.0,99909.0,99981.5,39907077.61299999
2025-11-07 11:41:59.773000+00:00,2025-11-07 11:39:00+00:00,continuous,99981.5,100185.0,99981.4,100084.4,61487085.98540018
2025-11-07 11:44:59.265000+00:00,2025-11-07 11:42:00+00:00,continuous,100084.4,100256.2,100058.1,100122.6,61038365.253200196
2025-11-07 11:47:59.885000+00:00,2025-11-07 11:45:00+00:00,continuous,100122.6,100226.1,100058.1,100092.7,23913996.38640003
2025-11-07 11:50:59.922000+00:00,2025-11-07 11:48:00+00:00,continuous,100092.8,100441.2,100059.4,100387.9,35619588.86860005
2025-11-07 11:53:59.937000+00:00,2025-11-07 11:51:00+00:00,continuous,100387.8,100585.9,100332.1,100394.8,80677984.68130036
2025-11-07 11:56:59.986000+00:00,2025-11-07 11:54:00+00:00,continuous,100394.7,100517.5,100355.2,100355.3,52353151.743700184
2025-11-07 11:59:59.870000+00:00,2025-11-07 11:57:00+00:00,continuous,100355.2,100406.5,100281.8,100369.1,31049531.75460001
2025-11-07 12:02:59.790000+00:00,2025-11-07 12:00:00+00:00,continuous,100369.2,100440.0,100317.9,100373.1,60415576.37929991
2025-11-07 12:05:59.941000+00:00,2025-11-07 12:03:00+00:00,continuous,100373.0,100583.4,100311.8,100583.3,95116334.83289984
2025-11-07 12:08:59.911000+00:00,2025-11-07 12:06:00+00:00,continuous,100583.3,100593.2,100456.2,100507.5,24188175.18159999
2025-11-07 12:11:59.811000+00:00,2025-11-07 12:09:00+00:00,continuous,100507.4,100507.4,100360.0,100366.1,15073171.076800017
2025-11-07 12:14:59.762000+00:00,2025-11-07 12:12:00+00:00,continuous,100366.0,100378.1,100245.2,100252.4,29569780.24980005
2025-11-07 12:17:59.753000+00:00,2025-11-07 12:15:00+00:00,continuous,100252.4,100295.0,100169.8,100192.2,21501715.903200023
2025-11-07 12:20:59.974000+00:00,2025-11-07 12:18:00+00:00,continuous,100192.2,100193.4,100040.8,100113.7,24479574.72710003
2025-11-07 12:23:59.966000+00:00,2025-11-07 12:21:00+00:00,continuous,100113.6,100120.8,100017.9,100076.6,24921436.236299973
2025-11-07 12:26:59.995000+00:00,2025-11-07 12:24:00+00:00,continuous,100076.5,100076.6,99927.9,99979.9,36401237.07069992
2025-11-07 12:29:59.973000+00:00,2025-11-07 12:27:00+00:00,continuous,99979.8,100027.0,99820.0,99896.1,45064956.59989991
2025-11-07 12:32:59.999000+00:00,2025-11-07 12:30:00+00:00,continuous,99896.2,99896.2,99658.9,99751.3,96775567.2063
2025-11-07 12:35:59.955000+00:00,2025-11-07 12:33:00+00:00,continuous,99751.4,99859.2,99707.6,99760.2,37214082.19299996
2025-11-07 12:38:59.926000+00:00,2025-11-07 12:36:00+00:00,continuous,99760.1,99836.1,99601.8,99714.7,55835032.34519981
2025-11-07 12:41:59.922000+00:00,2025-11-07 12:39:00+00:00,continuous,99714.7,99786.8,99666.7,99681.5,42331433.9884
2025-11-07 12:44:59.872000+00:00,2025-11-07 12:42:00+00:00,continuous,99681.5,99826.0,99650.0,99760.1,44321281.97530011
2025-11-07 12:47:59.936000+00:00,2025-11-07 12:45:00+00:00,continuous,99760.0,99760.1,99353.9,99397.7,145347753.7979998
2025-11-07 12:50:59.858000+00:00,2025-11-07 12:48:00+00:00,continuous,99397.8,99514.9,99320.8,99502.4,75298068.75940022
2025-11-07 12:53:59.985000+00:00,2025-11-07 12:51:00+00:00,continuous,99502.4,99543.0,99400.0,99440.4,53013952.66429986
2025-11-07 12:56:59.991000+00:00,2025-11-07 12:54:00+00:00,continuous,99440.4,99588.0,99200.0,99588.0,148478805.60060036
2025-11-07 12:59:59.999000+00:00,2025-11-07 12:57:00+00:00,continuous,99587.9,99672.4,99545.1,99608.9,62944223.57819985
2025-11-07 13:02:59.951000+00:00,2025-11-07 13:00:00+00:00,continuous,99608.8,99615.7,99459.7,99593.3,49170287.6115
2025-11-07 13:05:59.887000+00:00,2025-11-07 13:03:00+00:00,continuous,99593.3,99744.0,99425.4,99703.8,51406308.20380001
2025-11-07 13:08:59.904000+00:00,2025-11-07 13:06:00+00:00,continuous,99703.8,99746.9,99580.0,99731.2,36784939.06370022
2025-11-07 13:11:59.982000+00:00,2025-11-07 13:09:00+00:00,continuous,99731.2,100282.3,99712.5,100157.3,112297117.56430027
2025-11-07 13:14:59.769000+00:00,2025-11-07 13:12:00+00:00,continuous,100157.2,100157.3,99928.1,100006.0,70876935.26269992
2025-11-07 13:17:59.910000+00:00,2025-11-07 13:15:00+00:00,continuous,100005.9,100042.0,99864.3,99926.5,38013943.50300018
2025-11-07 13:20:59.958000+00:00,2025-11-07 13:18:00+00:00,continuous,99926.5,100416.1,99926.5,100412.6,103217602.07679994
2025-11-07 13:23:59.934000+00:00,2025-11-07 13:21:00+00:00,continuous,100412.5,100500.0,100106.4,100233.3,102680813.09860015
2025-11-07 13:26:59.677000+00:00,2025-11-07 13:24:00+00:00,continuous,100233.3,100353.0,100160.6,100345.8,31193784.82709999
2025-11-07 13:29:59.983000+00:00,2025-11-07 13:27:00+00:00,continuous,100345.7,100358.8,100030.6,100107.2,31980509.00060006
2025-11-07 13:32:59.951000+00:00,2025-11-07 13:30:00+00:00,continuous,100107.5,100220.0,100050.0,100152.3,37505861.165399924
2025-11-07 13:35:59.832000+00:00,2025-11-07 13:33:00+00:00,continuous,100152.4,100218.6,100040.5,100213.2,38381806.197900146
2025-11-07 13:38:59.902000+00:00,2025-11-07 13:36:00+00:00,continuous,100213.1,100323.3,100143.0,100321.3,34996820.92799998
2025-11-07 13:41:59.934000+00:00,2025-11-07 13:39:00+00:00,continuous,100321.4,100348.9,100202.2,100217.1,22331651.78530003
2025-11-07 13:44:59.797000+00:00,2025-11-07 13:42:00+00:00,continuous,100217.2,100220.0,100050.1,100159.0,33872589.996500045
2025-11-07 13:47:59.848000+00:00,2025-11-07 13:45:00+00:00,continuous,100159.0,100330.0,100138.7,100311.4,25762764.4152999
2025-11-07 13:50:59.528000+00:00,2025-11-07 13:48:00+00:00,continuous,100311.4,100455.3,100311.4,100423.9,33485197.276600037
2025-11-07 13:53:59.961000+00:00,2025-11-07 13:51:00+00:00,continuous,100424.0,100511.0,100400.0,100510.9,45125181.06510001
2025-11-07 13:56:59.943000+00:00,2025-11-07 13:54:00+00:00,continuous,100510.8,100537.5,100359.4,100359.4,29496028.879399974
2025-11-07 13:59:59.972000+00:00,2025-11-07 13:57:00+00:00,continuous,100359.5,100359.6,100200.0,100295.1,39928485.30049979
2025-11-07 14:02:59.951000+00:00,2025-11-07 14:00:00+00:00,continuous,100295.0,100313.1,100136.7,100144.9,28853964.81390011
2025-11-07 14:05:59.859000+00:00,2025-11-07 14:03:00+00:00,continuous,100144.9,100262.0,100001.0,100006.5,36020775.4761
2025-11-07 14:08:59.828000+00:00,2025-11-07 14:06:00+00:00,continuous,100006.4,100085.1,99972.2,100065.2,56076946.446500145
2025-11-07 14:11:59.993000+00:00,2025-11-07 14:09:00+00:00,continuous,100065.3,100369.8,100025.0,100324.8,33166674.78709997
2025-11-07 14:14:59.804000+00:00,2025-11-07 14:12:00+00:00,continuous,100324.7,100499.9,100276.7,100302.1,31792772.681000166
2025-11-07 14:17:59.899000+00:00,2025-11-07 14:15:00+00:00,continuous,100302.1,100308.6,100115.0,100185.7,31345474.47920003
2025-11-07 14:20:59.869000+00:00,2025-11-07 14:18:00+00:00,continuous,100185.7,100194.6,100000.1,100049.3,34966743.28949998
2025-11-07 14:23:59.985000+00:00,2025-11-07 14:21:00+00:00,continuous,100049.3,100215.5,100016.7,100167.4,16581877.077999976
2025-11-07 14:26:59.832000+00:00,2025-11-07 14:24:00+00:00,continuous,100167.4,100271.8,100091.0,100189.7,24072158.22479995
2025-11-07 14:29:59.993000+00:00,2025-11-07 14:27:00+00:00,continuous,100189.8,100323.3,100189.7,100247.4,30807551.49830005
2025-11-07 14:32:59.997000+00:00,2025-11-07 14:30:00+00:00,continuous,100247.6,100285.7,100017.9,100172.6,63786334.848499775
2025-11-07 14:35:59.904000+00:00,2025-11-07 14:33:00+00:00,continuous,100172.5,100192.3,99880.0,99926.7,64753558.790300116
2025-11-07 14:38:59.983000+00:00,2025-11-07 14:36:00+00:00,continuous,99926.8,99940.7,99554.2,99762.6,118580800.4025004
2025-11-07 14:41:59.934000+00:00,2025-11-07 14:39:00+00:00,continuous,99763.9,99970.1,99451.1,99957.8,142195497.2761002
2025-11-07 14:44:59.997000+00:00,2025-11-07 14:42:00+00:00,continuous,99957.7,100776.4,99930.0,100771.3,241410451.94649997
2025-11-07 14:47:59.999000+00:00,2025-11-07 14:45:00+00:00,continuous,100776.3,100809.3,100283.0,100512.8,133474007.9132006
2025-11-07 14:50:59.998000+00:00,2025-11-07 14:48:00+00:00,continuous,100512.7,100877.5,100346.8,100448.3,128192205.19799982
2025-11-07 14:53:59.982000+00:00,2025-11-07 14:51:00+00:00,continuous,100447.7,100669.5,100317.7,100493.3,64977215.66459994
2025-11-07 14:56:59.891000+00:00,2025-11-07 14:54:00+00:00,continuous,100493.4,100778.6,100466.3,100712.9,74132166.56300023
2025-11-07 14:59:59.996000+00:00,2025-11-07 14:57:00+00:00,continuous,100712.9,100924.4,100612.3,100753.6,79401652.60610004
2025-11-07 15:02:59.744000+00:00,2025-11-07 15:00:00+00:00,continuous,100753.7,100827.0,100450.0,100682.6,111762306.68079998
2025-11-07 15:05:59.885000+00:00,2025-11-07 15:03:00+00:00,continuous,100682.6,100740.6,100513.1,100712.0,86622969.28010042
2025-11-07 15:08:59.771000+00:00,2025-11-07 15:06:00+00:00,continuous,100712.0,100712.0,100319.4,100573.9,64332066.74010014
2025-11-07 15:11:59.849000+00:00,2025-11-07 15:09:00+00:00,continuous,100574.0,101167.6,100504.5,100911.8,154666246.69200093
2025-11-07 15:14:59.982000+00:00,2025-11-07 15:12:00+00:00,continuous,100911.8,101130.0,100865.3,101119.1,70221441.60199961
2025-11-07 15:17:59.925000+00:00,2025-11-07 15:15:00+00:00,continuous,101119.2,101230.0,100900.5,100921.9,91395426.46419987
2025-11-07 15:20:59.791000+00:00,2025-11-07 15:18:00+00:00,continuous,100921.8,100992.9,100701.5,100773.0,57136640.10530011
2025-11-07 15:23:59.974000+00:00,2025-11-07 15:21:00+00:00,continuous,100772.9,100937.8,100637.3,100637.4,69691051.05699974
2025-11-07 15:26:59.995000+00:00,2025-11-07 15:24:00+00:00,continuous,100637.3,101107.5,100629.0,100977.0,73591217.22399981
2025-11-07 15:29:59.894000+00:00,2025-11-07 15:27:00+00:00,continuous,100977.0,101158.8,100918.8,100978.1,74118847.29870026
2025-11-07 15:32:59.909000+00:00,2025-11-07 15:30:00+00:00,continuous,100978.1,101116.1,100783.2,100793.7,44010302.76230004
2025-11-07 15:35:59.949000+00:00,2025-11-07 15:33:00+00:00,continuous,100793.8,100848.5,100670.5,100766.2,31711172.32459999
2025-11-07 15:38:59.855000+00:00,2025-11-07 15:36:00+00:00,continuous,100766.2,100874.8,100390.0,100403.7,58419419.02539999
2025-11-07 15:41:59.916000+00:00,2025-11-07 15:39:00+00:00,continuous,100403.7,100653.8,100367.0,100582.0,41723317.610700086
2025-11-07 15:44:59.986000+00:00,2025-11-07 15:42:00+00:00,continuous,100582.0,100627.6,100454.7,100623.0,24605501.805400107
2025-11-07 15:47:59.749000+00:00,2025-11-07 15:45:00+00:00,continuous,100622.9,100790.0,100551.5,100777.8,42814326.318199866
2025-11-07 15:50:59.985000+00:00,2025-11-07 15:48:00+00:00,continuous,100777.8,101093.9,100619.8,100985.5,46502006.786500216
2025-11-07 15:53:59.997000+00:00,2025-11-07 15:51:00+00:00,continuous,100985.6,101100.0,100853.2,100947.2,38108531.11729988
2025-11-07 15:56:59.879000+00:00,2025-11-07 15:54:00+00:00,continuous,100947.2,101003.0,100850.0,100913.2,29713177.881800044
2025-11-07 15:59:59.780000+00:00,2025-11-07 15:57:00+00:00,continuous,100912.9,100962.9,100752.9,100758.0,20615347.501700018
2025-11-07 16:02:59.819000+00:00,2025-11-07 16:00:00+00:00,continuous,100758.0,100919.4,100723.9,100725.6,29611771.903799985
2025-11-07 16:05:59.575000+00:00,2025-11-07 16:03:00+00:00,continuous,100725.7,100871.5,100555.5,100858.0,50940894.49290008
2025-11-07 16:08:59.895000+00:00,2025-11-07 16:06:00+00:00,continuous,100857.9,100858.0,100607.2,100670.8,40144641.97419995
2025-11-07 16:11:59.962000+00:00,2025-11-07 16:09:00+00:00,continuous,100670.8,100878.1,100561.4,100570.1,24432278.424599934
2025-11-07 16:14:59.979000+00:00,2025-11-07 16:12:00+00:00,continuous,100570.1,100620.2,100468.9,100521.9,33591418.4114
2025-11-07 16:17:59.962000+00:00,2025-11-07 16:15:00+00:00,continuous,100522.0,100680.0,100495.8,100605.4,27869932.284100108
2025-11-07 16:20:59.889000+00:00,2025-11-07 16:18:00+00:00,continuous,100605.8,101020.7,100605.0,100998.8,41488856.74099988
2025-11-07 16:23:59.890000+00:00,2025-11-07 16:21:00+00:00,continuous,100998.8,101366.6,100998.8,101344.7,119309814.17330009
2025-11-07 16:26:59.855000+00:00,2025-11-07 16:24:00+00:00,continuous,101344.6,101575.9,101285.0,101504.9,110507383.8286
2025-11-07 16:29:59.899000+00:00,2025-11-07 16:27:00+00:00,continuous,101505.0,101620.1,101362.8,101492.6,86251226.40849961
2025-11-07 16:32:59.993000+00:00,2025-11-07 16:30:00+00:00,continuous,101492.5,101592.4,101310.0,101310.1,54819325.11839981
2025-11-07 16:35:59.741000+00:00,2025-11-07 16:33:00+00:00,continuous,101310.0,101393.4,101224.9,101318.5,46770871.422599964
2025-11-07 16:38:59.887000+00:00,2025-11-07 16:36:00+00:00,continuous,101318.5,101320.5,101108.0,101117.9,39809763.50630013
2025-11-07 16:41:59.869000+00:00,2025-11-07 16:39:00+00:00,continuous,101117.9,101189.9,101036.2,101126.5,35801376.90600008
2025-11-07 16:44:59.939000+00:00,2025-11-07 16:42:00+00:00,continuous,101126.5,101372.5,101107.8,101370.0,42759725.54929986
2025-11-07 16:47:59.918000+00:00,2025-11-07 16:45:00+00:00,continuous,101369.9,101381.8,101085.8,101169.0,33955026.17809991
2025-11-07 16:50:59.427000+00:00,2025-11-07 16:48:00+00:00,continuous,101169.0,101294.9,101169.0,101240.2,15189348.359799996
2025-11-07 16:53:59.493000+00:00,2025-11-07 16:51:00+00:00,continuous,101240.3,101430.0,101228.8,101357.4,21607972.774899937
2025-11-07 16:56:59.970000+00:00,2025-11-07 16:54:00+00:00,continuous,101357.3,101367.3,100966.2,101078.0,29808558.53850003
2025-11-07 16:59:59.965000+00:00,2025-11-07 16:57:00+00:00,continuous,101078.0,101149.3,100920.8,101128.4,28818902.796399932
2025-11-07 17:02:59.954000+00:00,2025-11-07 17:00:00+00:00,continuous,101128.3,101167.6,100950.6,101167.5,40548515.35659995
2025-11-07 17:05:59.945000+00:00,2025-11-07 17:03:00+00:00,continuous,101167.6,101175.4,101025.3,101096.0,13519723.36750002
2025-11-07 17:08:59.958000+00:00,2025-11-07 17:06:00+00:00,continuous,101096.1,101096.1,100888.3,101033.1,34677381.35539998
2025-11-07 17:11:59.894000+00:00,2025-11-07 17:09:00+00:00,continuous,101033.0,101300.0,101025.7,101299.9,23621278.76509993
2025-11-07 17:14:59.978000+00:00,2025-11-07 17:12:00+00:00,continuous,101300.0,101608.9,101253.7,101592.2,50956984.51409996
2025-11-07 17:17:59.859000+00:00,2025-11-07 17:15:00+00:00,continuous,101592.2,101800.0,101552.3,101714.0,82692917.22930026
2025-11-07 17:20:59.881000+00:00,2025-11-07 17:18:00+00:00,continuous,101714.0,101714.1,101551.7,101675.3,49232090.04630008
2025-11-07 17:23:59.953000+00:00,2025-11-07 17:21:00+00:00,continuous,101675.2,102178.8,101675.2,102121.8,136845346.13489965
2025-11-07 17:26:59.846000+00:00,2025-11-07 17:24:00+00:00,continuous,102121.9,102457.2,102050.0,102350.0,208065212.34749943
2025-11-07 17:29:59.887000+00:00,2025-11-07 17:27:00+00:00,continuous,102349.9,102406.0,102142.0,102299.9,57817920.86420023
2025-11-07 17:32:59.997000+00:00,2025-11-07 17:30:00+00:00,continuous,102299.9,102688.0,102254.5,102627.9,121190359.90960011
2025-11-07 17:35:59.844000+00:00,2025-11-07 17:33:00+00:00,continuous,102627.4,102641.0,102393.3,102458.0,56840021.94750001
2025-11-07 17:38:59.991000+00:00,2025-11-07 17:36:00+00:00,continuous,102458.0,102520.8,102162.5,102193.1,57336019.977300145
2025-11-07 17:41:59.917000+00:00,2025-11-07 17:39:00+00:00,continuous,102193.0,102297.4,102052.9,102056.4,51577131.166199945
2025-11-07 17:44:59.970000+00:00,2025-11-07 17:42:00+00:00,continuous,102056.5,102177.7,102054.0,102088.5,25795364.961300023
2025-11-07 17:47:59.798000+00:00,2025-11-07 17:45:00+00:00,continuous,102088.6,102187.3,101982.6,102017.4,30233559.730600044
2025-11-07 17:50:59.934000+00:00,2025-11-07 17:48:00+00:00,continuous,102017.3,102017.4,101840.5,101917.8,43152205.351700135
2025-11-07 17:53:59.966000+00:00,2025-11-07 17:51:00+00:00,continuous,101917.9,102014.0,101861.1,101984.1,26800188.76679995
2025-11-07 17:56:59.903000+00:00,2025-11-07 17:54:00+00:00,continuous,101984.2,102346.9,101951.7,102297.8,53461816.17449997
2025-11-07 17:59:59.925000+00:00,2025-11-07 17:57:00+00:00,continuous,102297.7,102417.5,102231.4,102354.6,45508802.56789995
2025-11-07 18:02:59.921000+00:00,2025-11-07 18:00:00+00:00,continuous,102354.7,102471.8,102276.9,102471.7,44022613.33689979
2025-11-07 18:05:59.960000+00:00,2025-11-07 18:03:00+00:00,continuous,102471.8,102598.9,102400.4,102442.7,46827968.616099715
2025-11-07 18:08:59.940000+00:00,2025-11-07 18:06:00+00:00,continuous,102442.7,102718.0,102330.7,102713.8,38952703.19069988
2025-11-07 18:11:59.906000+00:00,2025-11-07 18:09:00+00:00,continuous,102713.8,102778.9,102563.2,102617.4,57662630.93289996
2025-11-07 18:14:59.863000+00:00,2025-11-07 18:12:00+00:00,continuous,102617.4,102684.9,102536.8,102536.9,44936127.62980011
2025-11-07 18:17:59.779000+00:00,2025-11-07 18:15:00+00:00,continuous,102536.8,102562.6,102336.6,102507.9,40624983.358600125
2025-11-07 18:20:59.889000+00:00,2025-11-07 18:18:00+00:00,continuous,102507.9,102818.0,102436.7,102707.3,43031540.88210001
2025-11-07 18:23:59.817000+00:00,2025-11-07 18:21:00+00:00,continuous,102707.2,102707.3,102373.9,102571.8,36936215.570999965
2025-11-07 18:26:59.883000+00:00,2025-11-07 18:24:00+00:00,continuous,102571.8,102709.2,102560.5,102636.2,24763895.388900045
2025-11-07 18:29:59.956000+00:00,2025-11-07 18:27:00+00:00,continuous,102636.3,102655.0,102555.9,102644.5,24046931.362299968
2025-11-07 18:32:59.875000+00:00,2025-11-07 18:30:00+00:00,continuous,102644.6,102782.4,102581.2,102722.7,42765801.67280006
2025-11-07 18:35:59.960000+00:00,2025-11-07 18:33:00+00:00,continuous,102722.7,102769.2,102512.5,102520.0,43687058.653499894
2025-11-07 18:38:59.997000+00:00,2025-11-07 18:36:00+00:00,continuous,102520.0,102678.7,102457.4,102659.9,52604961.07100011
2025-11-07 18:41:59.967000+00:00,2025-11-07 18:39:00+00:00,continuous,102660.0,102718.5,102529.0,102545.9,33925244.06130008
2025-11-07 18:44:59.881000+00:00,2025-11-07 18:42:00+00:00,continuous,102546.0,102623.4,102509.8,102567.1,24433639.414200004
2025-11-07 18:47:59.873000+00:00,2025-11-07 18:45:00+00:00,continuous,102567.0,102611.6,102311.2,102325.5,47146867.4110999
2025-11-07 18:50:59.725000+00:00,2025-11-07 18:48:00+00:00,continuous,102325.4,102472.3,102274.8,102388.1,46796639.69859991
2025-11-07 18:53:59.979000+00:00,2025-11-07 18:51:00+00:00,continuous,102388.1,102500.0,102235.9,102499.9,31339235.41509996
2025-11-07 18:56:59.828000+00:00,2025-11-07 18:54:00+00:00,continuous,102500.0,102700.0,102463.9,102586.9,29114915.321000095
2025-11-07 18:59:59.988000+00:00,2025-11-07 18:57:00+00:00,continuous,102586.9,102654.0,102500.3,102551.3,16952071.398900013
2025-11-07 19:02:59.944000+00:00,2025-11-07 19:00:00+00:00,continuous,102551.3,102624.9,102445.7,102548.6,26137864.987999883
2025-11-07 19:05:59.114000+00:00,2025-11-07 19:03:00+00:00,continuous,102548.6,102620.3,102441.0,102471.9,17777285.55149997
2025-11-07 19:08:59.992000+00:00,2025-11-07 19:06:00+00:00,continuous,102471.8,102567.8,102458.9,102495.3,18607253.523500018
2025-11-07 19:11:59.980000+00:00,2025-11-07 19:09:00+00:00,continuous,102495.3,102513.8,102429.4,102482.0,12629388.387000013
2025-11-07 19:14:59.823000+00:00,2025-11-07 19:12:00+00:00,continuous,102482.1,102778.4,102460.0,102766.2,31178864.67779997
2025-11-07 19:17:59.839000+00:00,2025-11-07 19:15:00+00:00,continuous,102766.3,102963.5,102743.7,102756.1,62093973.46719992
2025-11-07 19:20:59.948000+00:00,2025-11-07 19:18:00+00:00,continuous,102756.1,102887.1,102712.2,102849.2,19384588.854699973
2025-11-07 19:23:59.657000+00:00,2025-11-07 19:21:00+00:00,continuous,102849.1,102849.1,102726.9,102805.9,16301665.009899983
2025-11-07 19:26:59.939000+00:00,2025-11-07 19:24:00+00:00,continuous,102805.9,102873.5,102764.4,102837.3,12888214.751299998
2025-11-07 19:29:59.937000+00:00,2025-11-07 19:27:00+00:00,continuous,102837.3,102877.0,102756.5,102803.0,21416587.52900002
2025-11-07 19:32:59.953000+00:00,2025-11-07 19:30:00+00:00,continuous,102803.0,102921.2,102803.0,102903.5,22568285.27499991
2025-11-07 19:35:59.903000+00:00,2025-11-07 19:33:00+00:00,continuous,102903.5,102904.5,102814.9,102889.9,13680610.806999996
2025-11-07 19:38:59.955000+00:00,2025-11-07 19:36:00+00:00,continuous,102889.8,103058.4,102889.8,103033.8,56231125.67290006
2025-11-07 19:41:59.895000+00:00,2025-11-07 19:39:00+00:00,continuous,103033.9,103262.4,103033.9,103116.2,81403913.30520009
2025-11-07 19:44:59.880000+00:00,2025-11-07 19:42:00+00:00,continuous,103116.3,103251.3,103092.2,103206.6,34425036.569300026
2025-11-07 19:47:59.946000+00:00,2025-11-07 19:45:00+00:00,continuous,103206.8,103300.0,103069.5,103124.6,46927186.68770015
2025-11-07 19:50:59.905000+00:00,2025-11-07 19:48:00+00:00,continuous,103124.6,103205.2,103061.0,103107.0,27223553.549799997
2025-11-07 19:53:59.878000+00:00,2025-11-07 19:51:00+00:00,continuous,103106.9,103200.0,103043.0,103181.0,20023016.737099998
2025-11-07 19:56:59.543000+00:00,2025-11-07 19:54:00+00:00,continuous,103181.0,103231.4,103131.2,103231.3,14828339.992900006
2025-11-07 19:59:59.932000+00:00,2025-11-07 19:57:00+00:00,continuous,103231.4,103350.7,103179.7,103350.0,62466084.84370003
2025-11-07 20:02:59.816000+00:00,2025-11-07 20:00:00+00:00,continuous,103350.0,103358.2,103215.0,103343.3,34622291.44159999
2025-11-07 20:05:59.970000+00:00,2025-11-07 20:03:00+00:00,continuous,103343.3,103377.2,103144.4,103156.2,26227773.90940007
2025-11-07 20:08:59.980000+00:00,2025-11-07 20:06:00+00:00,continuous,103156.3,103204.4,102889.6,103123.8,52927012.703400195
2025-11-07 20:11:59.090000+00:00,2025-11-07 20:09:00+00:00,continuous,103123.9,103261.6,103099.1,103217.8,19105333.177599944
2025-11-07 20:14:59.706000+00:00,2025-11-07 20:12:00+00:00,continuous,103217.9,103366.1,103217.8,103292.1,19911833.257399995
2025-11-07 20:17:59.750000+00:00,2025-11-07 20:15:00+00:00,continuous,103292.1,103376.9,103165.0,103228.3,29721639.032099888
2025-11-07 20:20:59.824000+00:00,2025-11-07 20:18:00+00:00,continuous,103228.4,103231.4,103100.0,103110.1,20710244.035700027
2025-11-07 20:23:59.992000+00:00,2025-11-07 20:21:00+00:00,continuous,103110.0,103143.9,103016.0,103077.0,19720498.48529999
2025-11-07 20:26:59.798000+00:00,2025-11-07 20:24:00+00:00,continuous,103077.5,103125.7,102949.7,102999.9,17495478.36259999
2025-11-07 20:29:59.828000+00:00,2025-11-07 20:27:00+00:00,continuous,103000.0,103200.0,102999.9,103144.9,13513678.69389997
2025-11-07 20:32:59.784000+00:00,2025-11-07 20:30:00+00:00,continuous,103145.0,103346.7,103131.2,103339.3,19876089.050900027
2025-11-07 20:35:59.994000+00:00,2025-11-07 20:33:00+00:00,continuous,103339.2,103391.0,103310.0,103339.0,20977782.90120001
2025-11-07 20:38:59.709000+00:00,2025-11-07 20:36:00+00:00,continuous,103339.0,103447.8,103339.0,103400.1,25393093.35739995
2025-11-07 20:41:59.993000+00:00,2025-11-07 20:39:00+00:00,continuous,103400.0,103757.0,103400.0,103626.4,86797908.93330008
2025-11-07 20:44:59.984000+00:00,2025-11-07 20:42:00+00:00,continuous,103626.5,103830.8,103617.9,103784.8,50906587.622800015
2025-11-07 20:47:59.790000+00:00,2025-11-07 20:45:00+00:00,continuous,103784.8,103849.9,103775.3,103775.3,30832955.22959993
2025-11-07 20:50:59.762000+00:00,2025-11-07 20:48:00+00:00,continuous,103775.4,103800.0,103625.0,103770.8,35214562.28750001
2025-11-07 20:53:59.881000+00:00,2025-11-07 20:51:00+00:00,continuous,103770.9,103815.9,103677.8,103689.6,22986217.681799985
2025-11-07 20:56:59.988000+00:00,2025-11-07 20:54:00+00:00,continuous,103689.6,103774.2,103572.1,103744.3,32930642.168600045
2025-11-07 20:59:59.817000+00:00,2025-11-07 20:57:00+00:00,continuous,103744.4,103747.0,103626.4,103718.4,23575903.99179997
2025-11-07 21:02:59.959000+00:00,2025-11-07 21:00:00+00:00,continuous,103718.4,103720.0,103484.5,103521.8,31312598.652299937
2025-11-07 21:05:59.865000+00:00,2025-11-07 21:03:00+00:00,continuous,103521.9,103521.9,103305.7,103403.7,38779271.86640003
2025-11-07 21:08:59.905000+00:00,2025-11-07 21:06:00+00:00,continuous,103403.6,103449.2,103315.8,103373.2,20435528.777000062
2025-11-07 21:11:59.945000+00:00,2025-11-07 21:09:00+00:00,continuous,103373.2,103433.6,103349.5,103399.5,14806188.607699968
2025-11-07 21:14:59.857000+00:00,2025-11-07 21:12:00+00:00,continuous,103399.4,103425.5,103381.8,103410.8,12428047.793100018
2025-11-07 21:17:59.977000+00:00,2025-11-07 21:15:00+00:00,continuous,103410.8,103552.4,103410.8,103540.9,15808486.518099952
2025-11-07 21:20:59.785000+00:00,2025-11-07 21:18:00+00:00,continuous,103540.8,103540.8,103425.0,103451.1,8699453.23349999
2025-11-07 21:23:59.912000+00:00,2025-11-07 21:21:00+00:00,continuous,103451.0,103468.7,103381.8,103392.3,10009934.569599994
2025-11-07 21:26:59.998000+00:00,2025-11-07 21:24:00+00:00,continuous,103392.3,103430.0,103295.6,103404.9,12102860.65809999
2025-11-07 21:29:59.924000+00:00,2025-11-07 21:27:00+00:00,continuous,103404.8,103420.4,103352.3,103377.0,9470798.23150001
2025-11-07 21:32:59.975000+00:00,2025-11-07 21:30:00+00:00,continuous,103377.0,103435.6,103377.0,103394.4,6237199.638899988
2025-11-07 21:35:59.871000+00:00,2025-11-07 21:33:00+00:00,continuous,103394.4,103489.8,103377.2,103412.1,12626934.707000025
2025-11-07 21:38:59.580000+00:00,2025-11-07 21:36:00+00:00,continuous,103412.0,103486.5,103410.8,103422.2,7054682.121199992
2025-11-07 21:41:59.970000+00:00,2025-11-07 21:39:00+00:00,continuous,103422.2,103434.0,103332.2,103391.5,25022647.6647
2025-11-07 21:44:59.671000+00:00,2025-11-07 21:42:00+00:00,continuous,103391.4,103446.6,103387.2,103446.5,8975131.137099981
2025-11-07 21:47:59.959000+00:00,2025-11-07 21:45:00+00:00,continuous,103446.5,103446.5,103395.8,103406.8,10225417.602000006
2025-11-07 21:50:59.977000+00:00,2025-11-07 21:48:00+00:00,continuous,103406.7,103510.1,103397.9,103483.1,11012002.537700009
2025-11-07 21:53:59.670000+00:00,2025-11-07 21:51:00+00:00,continuous,103483.2,103541.0,103477.0,103534.2,10711733.84919999
2025-11-07 21:56:59.794000+00:00,2025-11-07 21:54:00+00:00,continuous,103534.3,103804.1,103534.2,103804.1,25968696.493500028
2025-11-07 21:59:59.893000+00:00,2025-11-07 21:57:00+00:00,continuous,103804.1,103844.9,103761.3,103844.9,33704267.66599998
2025-11-07 22:02:59.893000+00:00,2025-11-07 22:00:00+00:00,continuous,103844.8,103919.0,103690.0,103755.9,66740766.53609993
2025-11-07 22:05:59.895000+00:00,2025-11-07 22:03:00+00:00,continuous,103755.8,103814.8,103716.2,103790.1,22213700.80589998
2025-11-07 22:08:59.999000+00:00,2025-11-07 22:06:00+00:00,continuous,103790.0,104070.7,103790.0,103967.9,201995021.51020005
2025-11-07 22:11:59.893000+00:00,2025-11-07 22:09:00+00:00,continuous,103967.8,103967.8,103885.7,103894.2,22189708.91530002
2025-11-07 22:14:59.945000+00:00,2025-11-07 22:12:00+00:00,continuous,103894.2,103909.0,103590.7,103646.5,34328836.63989996
2025-11-07 22:17:59.993000+00:00,2025-11-07 22:15:00+00:00,continuous,103646.5,103837.4,103646.5,103807.0,23034205.61029999
2025-11-07 22:20:59.892000+00:00,2025-11-07 22:18:00+00:00,continuous,103807.4,103921.7,103754.7,103921.7,18765692.283399954
2025-11-07 22:23:59.893000+00:00,2025-11-07 22:21:00+00:00,continuous,103921.7,103981.4,103893.4,103961.4,20242791.757399973
2025-11-07 22:26:59.930000+00:00,2025-11-07 22:24:00+00:00,continuous,103961.4,103969.2,103887.3,103920.0,19554624.737
2025-11-07 22:29:59.411000+00:00,2025-11-07 22:27:00+00:00,continuous,103919.9,103969.4,103873.8,103890.5,11302003.2948
2025-11-07 22:32:59.882000+00:00,2025-11-07 22:30:00+00:00,continuous,103890.6,103890.6,103755.2,103755.2,24753796.456299942
2025-11-07 22:35:59.832000+00:00,2025-11-07 22:33:00+00:00,continuous,103755.2,103782.1,103659.0,103780.9,26327868.476400018
2025-11-07 22:38:59.795000+00:00,2025-11-07 22:36:00+00:00,continuous,103780.8,103780.9,103660.7,103660.8,9841729.985200005
2025-11-07 22:41:59.982000+00:00,2025-11-07 22:39:00+00:00,continuous,103660.8,103694.2,103658.0,103688.0,8202358.437200005
2025-11-07 22:44:59.125000+00:00,2025-11-07 22:42:00+00:00,continuous,103687.9,103688.0,103664.1,103668.8,6493368.166999998
2025-11-07 22:47:59.646000+00:00,2025-11-07 22:45:00+00:00,continuous,103668.8,103768.5,103668.8,103768.5,4463721.801999999
2025-11-07 22:50:59.736000+00:00,2025-11-07 22:48:00+00:00,continuous,103768.7,103846.5,103735.0,103735.0,10526436.045199983
2025-11-07 22:53:59.640000+00:00,2025-11-07 22:51:00+00:00,continuous,103735.1,103735.1,103664.3,103687.2,13870063.367700022
2025-11-07 22:56:59.983000+00:00,2025-11-07 22:54:00+00:00,continuous,103687.2,103687.4,103633.0,103633.0,19248277.630799983
2025-11-07 22:59:59.710000+00:00,2025-11-07 22:57:00+00:00,continuous,103633.0,103656.4,103553.1,103586.6,21728746.76110007
2025-11-07 23:02:59.946000+00:00,2025-11-07 23:00:00+00:00,continuous,103586.6,103618.5,103477.0,103484.0,32935047.67550005
2025-11-07 23:05:59.841000+00:00,2025-11-07 23:03:00+00:00,continuous,103484.0,103582.0,103449.7,103581.9,25958642.139700074
2025-11-07 23:08:59.958000+00:00,2025-11-07 23:06:00+00:00,continuous,103582.0,103733.2,103581.9,103612.5,18460907.881200008
2025-11-07 23:11:59.821000+00:00,2025-11-07 23:09:00+00:00,continuous,103612.4,103690.3,103590.0,103659.1,7298491.886299989
2025-11-07 23:14:59.815000+00:00,2025-11-07 23:12:00+00:00,continuous,103659.2,103659.2,103520.7,103539.0,10579724.302900003
2025-11-07 23:17:59.821000+00:00,2025-11-07 23:15:00+00:00,continuous,103539.1,103632.9,103504.1,103533.6,13085858.257399967
2025-11-07 23:20:59.846000+00:00,2025-11-07 23:18:00+00:00,continuous,103533.7,103533.7,103415.8,103505.7,22274395.450099993
2025-11-07 23:23:59.453000+00:00,2025-11-07 23:21:00+00:00,continuous,103505.8,103510.0,103482.4,103501.0,10075622.279099992
2025-11-07 23:26:59.757000+00:00,2025-11-07 23:24:00+00:00,continuous,103501.0,103505.9,103427.9,103439.3,10106351.303500002
2025-11-07 23:29:59.756000+00:00,2025-11-07 23:27:00+00:00,continuous,103439.3,103479.9,103368.1,103374.8,20614648.606800023
2025-11-07 23:32:59.905000+00:00,2025-11-07 23:30:00+00:00,continuous,103375.0,103529.6,103368.8,103528.8,25596110.8282999
2025-11-07 23:35:59.807000+00:00,2025-11-07 23:33:00+00:00,continuous,103528.8,103539.1,103470.0,103470.0,10459582.580600008
2025-11-07 23:38:59.866000+00:00,2025-11-07 23:36:00+00:00,continuous,103470.1,103501.0,103465.8,103465.8,5119264.065200006
2025-11-07 23:41:59.835000+00:00,2025-11-07 23:39:00+00:00,continuous,103465.8,103587.9,103465.8,103495.0,10786211.640999993
2025-11-07 23:44:59.948000+00:00,2025-11-07 23:42:00+00:00,continuous,103495.1,103505.1,103370.0,103380.2,21331787.34649999
2025-11-07 23:47:59.734000+00:00,2025-11-07 23:45:00+00:00,continuous,103380.1,103454.9,103380.1,103417.1,15701029.57000001
2025-11-07 23:50:59.592000+00:00,2025-11-07 23:48:00+00:00,continuous,103417.1,103433.6,103384.2,103422.1,7442495.053100003
2025-11-07 23:53:59.743000+00:00,2025-11-07 23:51:00+00:00,continuous,103422.0,103510.5,103356.6,103360.0,16673190.641099991
2025-11-07 23:56:59.935000+00:00,2025-11-07 23:54:00+00:00,continuous,103360.1,103410.4,103342.4,103343.1,10626848.528500011
2025-11-07 23:59:59.884000+00:00,2025-11-07 23:57:00+00:00,continuous,103343.1,103358.0,103285.7,103305.2,14602111.520800008
2025-11-08 00:02:59.725000+00:00,2025-11-08 00:00:00+00:00,continuous,103305.3,103350.3,103233.3,103233.4,27353973.27809995
2025-11-08 00:05:59.939000+00:00,2025-11-08 00:03:00+00:00,continuous,103233.3,103233.4,103078.1,103170.9,62202589.869400054
2025-11-08 00:08:59.538000+00:00,2025-11-08 00:06:00+00:00,continuous,103171.0,103268.8,103141.5,103141.6,33468844.97449998
2025-11-08 00:11:59.666000+00:00,2025-11-08 00:09:00+00:00,continuous,103141.7,103175.3,103127.1,103159.9,20373431.557900023
2025-11-08 00:14:59.904000+00:00,2025-11-08 00:12:00+00:00,continuous,103160.0,103285.6,103159.9,103285.6,14852602.792099984
2025-11-08 00:17:59.719000+00:00,2025-11-08 00:15:00+00:00,continuous,103285.5,103332.1,103236.2,103279.6,15264781.969400005
2025-11-08 00:20:59.895000+00:00,2025-11-08 00:18:00+00:00,continuous,103279.9,103373.8,103279.9,103319.3,18045547.64920005
2025-11-08 00:23:59.806000+00:00,2025-11-08 00:21:00+00:00,continuous,103319.2,103341.2,103149.1,103200.7,21193564.393299993
2025-11-08 00:26:59.797000+00:00,2025-11-08 00:24:00+00:00,continuous,103200.7,103247.9,103050.0,103050.0,15985298.26310002
2025-11-08 00:29:59.935000+00:00,2025-11-08 00:27:00+00:00,continuous,103050.0,103094.6,103013.0,103046.2,14624384.544899983
2025-11-08 00:32:59.873000+00:00,2025-11-08 00:30:00+00:00,continuous,103046.1,103086.2,102954.6,102958.8,33214144.18989995
2025-11-08 00:35:59.779000+00:00,2025-11-08 00:33:00+00:00,continuous,102959.1,103013.0,102885.5,102946.1,49309019.678100124
2025-11-08 00:38:59.992000+00:00,2025-11-08 00:36:00+00:00,continuous,102946.1,102946.2,102489.4,102560.1,125461608.95869984
2025-11-08 00:41:59.977000+00:00,2025-11-08 00:39:00+00:00,continuous,102560.0,102817.7,102488.0,102806.8,59945544.09530006
2025-11-08 00:44:59.977000+00:00,2025-11-08 00:42:00+00:00,continuous,102806.9,102888.5,102755.4,102849.6,17547776.24470001
2025-11-08 00:47:59.980000+00:00,2025-11-08 00:45:00+00:00,continuous,102849.6,102983.1,102807.6,102983.0,17677037.84130004
2025-11-08 00:50:59.899000+00:00,2025-11-08 00:48:00+00:00,continuous,102983.1,103146.3,102917.1,102921.8,33860929.97410005
2025-11-08 00:53:59.947000+00:00,2025-11-08 00:51:00+00:00,continuous,102921.8,102921.9,102723.9,102753.6,17055195.76750003
2025-11-08 00:56:59.977000+00:00,2025-11-08 00:54:00+00:00,continuous,102753.6,102774.2,102608.3,102618.5,13603560.108200017
2025-11-08 00:59:59.968000+00:00,2025-11-08 00:57:00+00:00,continuous,102618.5,102745.4,102605.9,102674.6,24935381.172199998
2025-11-08 01:02:59.788000+00:00,2025-11-08 01:00:00+00:00,continuous,102674.5,102823.4,102620.0,102789.7,19182294.274500016
2025-11-08 01:05:59.983000+00:00,2025-11-08 01:03:00+00:00,continuous,102789.7,103044.3,102789.7,103044.3,28960744.97589998
2025-11-08 01:08:59.439000+00:00,2025-11-08 01:06:00+00:00,continuous,103044.3,103085.7,102942.2,102970.7,32899244.28939996
2025-11-08 01:11:59.777000+00:00,2025-11-08 01:09:00+00:00,continuous,102970.6,103013.4,102880.0,102914.2,9776252.703100033
2025-11-08 01:14:59.862000+00:00,2025-11-08 01:12:00+00:00,continuous,102914.2,102963.9,102828.4,102864.0,18535198.237400044
2025-11-08 01:17:59.771000+00:00,2025-11-08 01:15:00+00:00,continuous,102864.0,103023.5,102848.5,102980.0,10741058.749700006
2025-11-08 01:20:59.817000+00:00,2025-11-08 01:18:00+00:00,continuous,102979.7,103048.6,102963.1,102982.3,13183073.053100027
2025-11-08 01:23:59.884000+00:00,2025-11-08 01:21:00+00:00,continuous,102982.3,103025.0,102925.3,102925.3,10534961.541999975
2025-11-08 01:26:59.689000+00:00,2025-11-08 01:24:00+00:00,continuous,102925.2,103011.8,102913.1,102999.7,6551707.123999987
2025-11-08 01:29:59.333000+00:00,2025-11-08 01:27:00+00:00,continuous,102999.7,102999.8,102917.4,102939.1,7278825.8000000175
2025-11-08 01:32:59.238000+00:00,2025-11-08 01:30:00+00:00,continuous,102939.0,102939.0,102798.6,102904.9,23664141.362499993
2025-11-08 01:35:58.772000+00:00,2025-11-08 01:33:00+00:00,continuous,102905.0,102928.0,102859.7,102927.9,9722027.021900022
2025-11-08 01:38:59.982000+00:00,2025-11-08 01:36:00+00:00,continuous,102928.0,103068.0,102924.4,103065.7,11900636.748599987
2025-11-08 01:41:59.731000+00:00,2025-11-08 01:39:00+00:00,continuous,103065.6,103212.2,103065.6,103072.5,27580437.485799976
2025-11-08 01:44:59.693000+00:00,2025-11-08 01:42:00+00:00,continuous,103072.5,103083.1,102988.0,102988.1,17321850.505099956
2025-11-08 01:47:59.876000+00:00,2025-11-08 01:45:00+00:00,continuous,102988.0,103030.0,102965.5,103030.0,7721791.9455
2025-11-08 01:50:59.666000+00:00,2025-11-08 01:48:00+00:00,continuous,103030.0,103079.7,102995.6,103053.4,7775932.2371000005
2025-11-08 01:53:59.849000+00:00,2025-11-08 01:51:00+00:00,continuous,103053.5,103064.6,102996.2,103015.0,7086827.537799988
2025-11-08 01:56:59.992000+00:00,2025-11-08 01:54:00+00:00,continuous,103014.9,103050.5,102919.8,102954.1,12669936.020699982
2025-11-08 01:59:59.253000+00:00,2025-11-08 01:57:00+00:00,continuous,102954.1,102965.6,102927.3,102955.8,8791310.6569
2025-11-08 02:02:59.420000+00:00,2025-11-08 02:00:00+00:00,continuous,102955.8,102955.9,102918.2,102942.7,9466365.234400019
2025-11-08 02:05:59.949000+00:00,2025-11-08 02:03:00+00:00,continuous,102942.6,103052.0,102940.0,103018.0,9659204.724600006
2025-11-08 02:08:59.852000+00:00,2025-11-08 02:06:00+00:00,continuous,103017.9,103017.9,102875.0,102895.2,9020240.441899996
2025-11-08 02:11:59.861000+00:00,2025-11-08 02:09:00+00:00,continuous,102895.2,102989.6,102889.7,102989.5,6103568.404800006
2025-11-08 02:14:59.821000+00:00,2025-11-08 02:12:00+00:00,continuous,102989.6,103121.0,102971.0,103064.6,24170625.329499986
2025-11-08 02:17:59.587000+00:00,2025-11-08 02:15:00+00:00,continuous,103064.5,103112.3,103008.0,103059.5,18527757.412699975
2025-11-08 02:20:59.806000+00:00,2025-11-08 02:18:00+00:00,continuous,103059.6,103245.5,103053.9,103191.6,30108050.20899995
2025-11-08 02:23:59.932000+00:00,2025-11-08 02:21:00+00:00,continuous,103191.6,103270.0,103141.4,103217.4,19204566.90880004
2025-11-08 02:26:59.959000+00:00,2025-11-08 02:24:00+00:00,continuous,103217.5,103266.0,103143.5,103237.3,17965802.557499994
2025-11-08 02:29:59.978000+00:00,2025-11-08 02:27:00+00:00,continuous,103237.4,103256.4,103192.7,103192.7,10120115.054600013
2025-11-08 02:32:59.893000+00:00,2025-11-08 02:30:00+00:00,continuous,103192.7,103199.6,103136.6,103139.9,6903568.830600003
2025-11-08 02:35:59.950000+00:00,2025-11-08 02:33:00+00:00,continuous,103139.9,103206.3,103080.1,103206.3,15219458.662499988
2025-11-08 02:38:58.838000+00:00,2025-11-08 02:36:00+00:00,continuous,103206.3,103258.7,103180.6,103258.6,17442176.386699982
2025-11-08 02:41:59.934000+00:00,2025-11-08 02:39:00+00:00,continuous,103258.6,103294.1,103181.4,103206.4,19106498.223799977
2025-11-08 02:44:58.462000+00:00,2025-11-08 02:42:00+00:00,continuous,103206.4,103206.4,103087.1,103087.1,12037433.63519999
2025-11-08 02:47:58.659000+00:00,2025-11-08 02:45:00+00:00,continuous,103087.1,103107.3,103050.1,103086.2,12029031.85590002
2025-11-08 02:50:59.681000+00:00,2025-11-08 02:48:00+00:00,continuous,103086.2,103117.6,102980.0,102980.0,10407662.192800008
2025-11-08 02:53:59.993000+00:00,2025-11-08 02:51:00+00:00,continuous,102980.0,102980.1,102706.5,102706.5,40558159.31429992
2025-11-08 02:56:59.996000+00:00,2025-11-08 02:54:00+00:00,continuous,102706.6,102810.0,102706.5,102753.4,21576457.95580007
2025-11-08 02:59:59.838000+00:00,2025-11-08 02:57:00+00:00,continuous,102753.5,102845.4,102738.6,102804.9,15112474.111300025
2025-11-08 03:02:59.824000+00:00,2025-11-08 03:00:00+00:00,continuous,102804.9,102980.0,102795.0,102979.9,13359231.290000008
2025-11-08 03:05:59.910000+00:00,2025-11-08 03:03:00+00:00,continuous,102980.0,103076.4,102956.7,103068.6,12102350.043099985
2025-11-08 03:08:59.895000+00:00,2025-11-08 03:06:00+00:00,continuous,103068.7,103155.1,103062.0,103086.0,12019407.87630001
2025-11-08 03:11:59.920000+00:00,2025-11-08 03:09:00+00:00,continuous,103086.0,103089.0,102961.9,103045.0,10610021.247599991
2025-11-08 03:14:58.293000+00:00,2025-11-08 03:12:00+00:00,continuous,103045.0,103106.9,103016.4,103044.0,6207479.407
2025-11-08 03:17:59.474000+00:00,2025-11-08 03:15:00+00:00,continuous,103044.1,103111.9,103035.9,103102.9,7969021.591699996
2025-11-08 03:20:59.923000+00:00,2025-11-08 03:18:00+00:00,continuous,103102.9,103232.6,103102.8,103167.0,15483030.006900018
2025-11-08 03:23:59.958000+00:00,2025-11-08 03:21:00+00:00,continuous,103166.9,103264.0,103166.9,103177.3,12764040.776600031
2025-11-08 03:26:59.831000+00:00,2025-11-08 03:24:00+00:00,continuous,103177.3,103177.4,103095.4,103118.1,11391965.007499982
2025-11-08 03:29:59.576000+00:00,2025-11-08 03:27:00+00:00,continuous,103118.2,103179.3,103051.9,103053.0,8180023.284500006
2025-11-08 03:32:59.796000+00:00,2025-11-08 03:30:00+00:00,continuous,103053.0,103053.0,102946.3,103027.7,9935658.386800004
2025-11-08 03:35:59.585000+00:00,2025-11-08 03:33:00+00:00,continuous,103027.7,103092.0,102963.8,102964.0,9824471.796999998
2025-11-08 03:38:59.745000+00:00,2025-11-08 03:36:00+00:00,continuous,102964.1,103012.8,102879.4,102907.4,14045451.731699983
2025-11-08 03:41:59.737000+00:00,2025-11-08 03:39:00+00:00,continuous,102907.5,102927.5,102611.3,102694.8,42930527.229900025
2025-11-08 03:44:59.724000+00:00,2025-11-08 03:42:00+00:00,continuous,102694.8,102735.0,102632.3,102679.2,32224786.489100046
2025-11-08 03:47:59.918000+00:00,2025-11-08 03:45:00+00:00,continuous,102679.1,102744.4,102678.9,102732.1,19561226.056899965
2025-11-08 03:50:59.500000+00:00,2025-11-08 03:48:00+00:00,continuous,102732.1,102739.7,102660.0,102669.7,25911766.632000044
2025-11-08 03:53:59.487000+00:00,2025-11-08 03:51:00+00:00,continuous,102669.7,102741.2,102600.0,102712.7,21775271.069300026
2025-11-08 03:56:59.961000+00:00,2025-11-08 03:54:00+00:00,continuous,102712.8,102712.8,102544.3,102581.8,55576119.90170006
2025-11-08 03:59:59.957000+00:00,2025-11-08 03:57:00+00:00,continuous,102581.7,102640.3,102545.7,102545.8,21213171.39329999
2025-11-08 04:02:59.714000+00:00,2025-11-08 04:00:00+00:00,continuous,102545.8,102697.7,102545.8,102634.1,19919887.72870002
2025-11-08 04:05:59.896000+00:00,2025-11-08 04:03:00+00:00,continuous,102634.0,102700.0,102600.0,102666.9,15763822.309400005
2025-11-08 04:08:59.904000+00:00,2025-11-08 04:06:00+00:00,continuous,102666.9,102685.2,102567.9,102678.8,16917585.086999986
2025-11-08 04:11:59.843000+00:00,2025-11-08 04:09:00+00:00,continuous,102678.8,102678.8,102615.0,102666.6,13604930.649900008
2025-11-08 04:14:59.893000+00:00,2025-11-08 04:12:00+00:00,continuous,102666.5,102666.6,102574.4,102606.0,13647228.661400018
2025-11-08 04:17:59.936000+00:00,2025-11-08 04:15:00+00:00,continuous,102606.1,102660.0,102535.0,102585.0,18077724.371799953
2025-11-08 04:20:59.981000+00:00,2025-11-08 04:18:00+00:00,continuous,102585.1,102636.9,102542.6,102544.1,15073129.964100005
2025-11-08 04:23:59.568000+00:00,2025-11-08 04:21:00+00:00,continuous,102544.0,102593.2,102506.3,102506.3,19712479.343900006
2025-11-08 04:26:59.895000+00:00,2025-11-08 04:24:00+00:00,continuous,102506.3,102560.4,102450.4,102489.1,36486773.35949998
2025-11-08 04:29:59.946000+00:00,2025-11-08 04:27:00+00:00,continuous,102489.1,102489.2,102407.0,102417.1,24069116.287700024
2025-11-08 04:32:59.893000+00:00,2025-11-08 04:30:00+00:00,continuous,102417.0,102491.3,102400.7,102434.3,24573538.71680005
2025-11-08 04:35:59.990000+00:00,2025-11-08 04:33:00+00:00,continuous,102434.4,102500.0,102341.9,102469.5,40591176.34780001
2025-11-08 04:38:59.907000+00:00,2025-11-08 04:36:00+00:00,continuous,102469.6,102656.3,102469.6,102606.8,42264466.82610003
2025-11-08 04:41:59.893000+00:00,2025-11-08 04:39:00+00:00,continuous,102606.8,102630.5,102541.0,102589.5,25301715.49409998
2025-11-08 04:44:59.993000+00:00,2025-11-08 04:42:00+00:00,continuous,102589.6,102734.9,102551.3,102721.1,38255716.47879993
2025-11-08 04:47:59.477000+00:00,2025-11-08 04:45:00+00:00,continuous,102721.0,102794.0,102697.0,102748.0,32113045.36270006
2025-11-08 04:50:59.513000+00:00,2025-11-08 04:48:00+00:00,continuous,102747.9,102763.4,102640.8,102640.9,17252654.33540002
2025-11-08 04:53:59.893000+00:00,2025-11-08 04:51:00+00:00,continuous,102640.8,102685.6,102580.6,102586.9,16338511.98730002
2025-11-08 04:56:59.966000+00:00,2025-11-08 04:54:00+00:00,continuous,102586.9,102603.1,102420.0,102452.1,22341086.236999962
2025-11-08 04:59:59.893000+00:00,2025-11-08 04:57:00+00:00,continuous,102452.2,102532.9,102452.2,102504.9,14001425.787799982
2025-11-08 05:02:59.903000+00:00,2025-11-08 05:00:00+00:00,continuous,102505.0,102580.0,102488.8,102580.0,16218688.528199995
2025-11-08 05:05:59.895000+00:00,2025-11-08 05:03:00+00:00,continuous,102579.9,102655.2,102568.7,102655.2,11599079.522899995
2025-11-08 05:08:59.601000+00:00,2025-11-08 05:06:00+00:00,continuous,102655.3,102685.8,102615.4,102632.4,14226233.480499987
2025-11-08 05:11:59.699000+00:00,2025-11-08 05:09:00+00:00,continuous,102632.5,102632.5,102517.3,102534.3,11458660.221399993
2025-11-08 05:14:59.305000+00:00,2025-11-08 05:12:00+00:00,continuous,102534.3,102534.4,102432.5,102491.1,13236830.675600007
2025-11-08 05:17:59.905000+00:00,2025-11-08 05:15:00+00:00,continuous,102491.1,102582.9,102451.4,102471.6,14317848.96580002
2025-11-08 05:20:59.951000+00:00,2025-11-08 05:18:00+00:00,continuous,102471.6,102530.0,102451.1,102525.5,9902220.97449998
2025-11-08 05:23:59.857000+00:00,2025-11-08 05:21:00+00:00,continuous,102525.6,102563.9,102479.4,102479.4,8303419.444400012
2025-11-08 05:26:59.895000+00:00,2025-11-08 05:24:00+00:00,continuous,102479.5,102479.5,102415.1,102443.2,13503773.422300033
2025-11-08 05:29:59.892000+00:00,2025-11-08 05:27:00+00:00,continuous,102443.2,102486.0,102443.2,102450.0,9300300.425899997
2025-11-08 05:32:59.892000+00:00,2025-11-08 05:30:00+00:00,continuous,102450.0,102570.6,102436.6,102555.3,13412788.799000012
2025-11-08 05:35:59.882000+00:00,2025-11-08 05:33:00+00:00,continuous,102555.3,102555.3,102462.2,102462.2,11493485.866900032
2025-11-08 05:38:59.893000+00:00,2025-11-08 05:36:00+00:00,continuous,102462.2,102492.8,102443.0,102455.5,12467046.782200005
2025-11-08 05:41:59.748000+00:00,2025-11-08 05:39:00+00:00,continuous,102455.6,102489.1,102379.3,102466.6,23790753.081000026
2025-11-08 05:44:59.855000+00:00,2025-11-08 05:42:00+00:00,continuous,102466.6,102466.7,102388.0,102405.1,9504040.036000013
2025-11-08 05:47:59.634000+00:00,2025-11-08 05:45:00+00:00,continuous,102405.1,102520.8,102371.3,102371.4,14505346.486199988
2025-11-08 05:50:59.741000+00:00,2025-11-08 05:48:00+00:00,continuous,102371.3,102405.0,102344.2,102344.2,16766406.062399989
2025-11-08 05:53:59.901000+00:00,2025-11-08 05:51:00+00:00,continuous,102344.2,102383.1,102344.2,102353.1,12738701.517600019
2025-11-08 05:56:59.924000+00:00,2025-11-08 05:54:00+00:00,continuous,102353.1,102355.0,102264.0,102299.9,22929309.75510005
2025-11-08 05:59:59.818000+00:00,2025-11-08 05:57:00+00:00,continuous,102299.8,102319.0,102234.0,102257.4,21935279.541000023
2025-11-08 06:02:59.971000+00:00,2025-11-08 06:00:00+00:00,continuous,102257.4,102333.7,102155.4,102164.9,44101548.13449988
2025-11-08 06:05:59.828000+00:00,2025-11-08 06:03:00+00:00,continuous,102164.8,102230.9,102091.6,102214.8,57007499.36499996
2025-11-08 06:08:59.993000+00:00,2025-11-08 06:06:00+00:00,continuous,102214.8,102306.4,102112.3,102112.4,21585805.609200027
2025-11-08 06:11:59.826000+00:00,2025-11-08 06:09:00+00:00,continuous,102112.3,102244.8,102043.4,102207.9,37471237.34500001
2025-11-08 06:14:59.895000+00:00,2025-11-08 06:12:00+00:00,continuous,102208.0,102248.7,102036.3,102056.6,23793140.297100004
2025-11-08 06:17:59.923000+00:00,2025-11-08 06:15:00+00:00,continuous,102056.7,102344.0,102051.1,102317.6,38459318.54180004
2025-11-08 06:20:59.527000+00:00,2025-11-08 06:18:00+00:00,continuous,102317.6,102367.9,102253.4,102348.4,27466745.63109994
2025-11-08 06:23:59.874000+00:00,2025-11-08 06:21:00+00:00,continuous,102348.4,102400.0,102206.8,102227.0,22664420.798300013
2025-11-08 06:26:59.872000+00:00,2025-11-08 06:24:00+00:00,continuous,102227.1,102331.7,102201.4,102265.8,13518769.118099988
2025-11-08 06:29:59.392000+00:00,2025-11-08 06:27:00+00:00,continuous,102265.8,102309.2,102221.3,102291.2,10379111.508099964
2025-11-08 06:32:59.970000+00:00,2025-11-08 06:30:00+00:00,continuous,102291.2,102390.1,102279.9,102357.2,8844946.48880002
2025-11-08 06:35:59.979000+00:00,2025-11-08 06:33:00+00:00,continuous,102357.2,102401.4,102300.0,102345.8,10009094.946800014
2025-11-08 06:38:59.837000+00:00,2025-11-08 06:36:00+00:00,continuous,102345.9,102485.0,102345.9,102485.0,15625264.503000006
2025-11-08 06:41:59.996000+00:00,2025-11-08 06:39:00+00:00,continuous,102485.0,102485.0,102389.7,102434.3,13606455.30179999
2025-11-08 06:44:59.479000+00:00,2025-11-08 06:42:00+00:00,continuous,102434.3,102468.8,102356.3,102356.4,9796529.777800018
2025-11-08 06:47:59.438000+00:00,2025-11-08 06:45:00+00:00,continuous,102356.3,102408.2,102356.3,102385.3,11515028.652299983
2025-11-08 06:50:59.863000+00:00,2025-11-08 06:48:00+00:00,continuous,102385.3,102437.1,102278.0,102319.9,13202863.854299998
2025-11-08 06:53:59.884000+00:00,2025-11-08 06:51:00+00:00,continuous,102320.0,102335.0,102252.1,102253.9,9772133.701400008
2025-11-08 06:56:59.811000+00:00,2025-11-08 06:54:00+00:00,continuous,102253.9,102256.2,102147.9,102214.3,20920009.634200018
2025-11-08 06:59:59.901000+00:00,2025-11-08 06:57:00+00:00,continuous,102214.3,102228.8,102168.8,102171.8,9292740.982000008
2025-11-08 07:02:59.956000+00:00,2025-11-08 07:00:00+00:00,continuous,102171.8,102189.8,102128.0,102128.1,8352961.937899986
2025-11-08 07:05:59.651000+00:00,2025-11-08 07:03:00+00:00,continuous,102128.0,102189.0,102128.0,102189.0,10054807.024799999
2025-11-08 07:08:59.556000+00:00,2025-11-08 07:06:00+00:00,continuous,102189.0,102218.6,102133.1,102133.3,11386064.7
2025-11-08 07:11:59.815000+00:00,2025-11-08 07:09:00+00:00,continuous,102133.3,102182.1,102133.0,102160.0,5905379.584999998
2025-11-08 07:14:59.995000+00:00,2025-11-08 07:12:00+00:00,continuous,102160.0,102260.0,102159.9,102239.9,7411587.720700015
2025-11-08 07:17:59.997000+00:00,2025-11-08 07:15:00+00:00,continuous,102239.9,102344.8,102222.0,102225.6,12480544.598000025
2025-11-08 07:20:59.884000+00:00,2025-11-08 07:18:00+00:00,continuous,102225.5,102268.2,102163.1,102173.3,7791755.20869999
2025-11-08 07:23:59.902000+00:00,2025-11-08 07:21:00+00:00,continuous,102173.3,102173.4,101900.0,101907.5,87923716.74700037
2025-11-08 07:26:59.897000+00:00,2025-11-08 07:24:00+00:00,continuous,101907.4,101985.2,101853.8,101969.3,48333487.26749995
2025-11-08 07:29:59.919000+00:00,2025-11-08 07:27:00+00:00,continuous,101969.3,102040.1,101969.3,102040.1,12060772.136200007
2025-11-08 07:32:59.748000+00:00,2025-11-08 07:30:00+00:00,continuous,102040.1,102120.9,101967.4,102003.9,19236662.49680004
2025-11-08 07:35:59.925000+00:00,2025-11-08 07:33:00+00:00,continuous,102004.0,102124.0,102003.9,102111.9,14129512.19639999
2025-11-08 07:38:59.730000+00:00,2025-11-08 07:36:00+00:00,continuous,102111.8,102165.8,102111.8,102141.4,15293277.274599994
2025-11-08 07:41:59.650000+00:00,2025-11-08 07:39:00+00:00,continuous,102141.4,102220.9,102141.3,102219.0,24131052.68950004
2025-11-08 07:44:59.493000+00:00,2025-11-08 07:42:00+00:00,continuous,102219.0,102235.9,102207.3,102207.4,13097524.203799993
2025-11-08 07:47:59.869000+00:00,2025-11-08 07:45:00+00:00,continuous,102207.3,102257.8,102207.3,102224.9,10766363.209500002
2025-11-08 07:50:59.695000+00:00,2025-11-08 07:48:00+00:00,continuous,102225.0,102322.5,102224.9,102288.5,11909459.05649997
2025-11-08 07:53:59.757000+00:00,2025-11-08 07:51:00+00:00,continuous,102288.5,102336.3,102285.9,102322.5,13776092.340199975
2025-11-08 07:56:59.891000+00:00,2025-11-08 07:54:00+00:00,continuous,102322.4,102368.4,102313.0,102324.1,9223476.58049999
2025-11-08 07:59:59.656000+00:00,2025-11-08 07:57:00+00:00,continuous,102324.0,102362.3,102302.8,102302.9,11503671.112699986
2025-11-08 08:02:59.599000+00:00,2025-11-08 08:00:00+00:00,continuous,102302.8,102356.5,102260.0,102270.1,20759204.799999993
2025-11-08 08:05:59.876000+00:00,2025-11-08 08:03:00+00:00,continuous,102270.0,102323.3,102270.0,102304.1,6884786.961700018
2025-11-08 08:08:59.402000+00:00,2025-11-08 08:06:00+00:00,continuous,102304.0,102385.2,102276.4,102362.1,15526252.760000005
2025-11-08 08:11:59.923000+00:00,2025-11-08 08:09:00+00:00,continuous,102362.1,102607.9,102361.9,102419.9,69351208.83759995
2025-11-08 08:14:59.673000+00:00,2025-11-08 08:12:00+00:00,continuous,102420.0,102420.0,102297.0,102297.1,9482898.398199989
2025-11-08 08:17:59.653000+00:00,2025-11-08 08:15:00+00:00,continuous,102297.1,102312.1,102111.8,102160.8,24549180.381700028
2025-11-08 08:20:59.811000+00:00,2025-11-08 08:18:00+00:00,continuous,102160.9,102264.5,102160.8,102203.9,11406768.942000024
2025-11-08 08:23:59.093000+00:00,2025-11-08 08:21:00+00:00,continuous,102203.9,102244.6,102159.4,102244.6,10681880.12130002
2025-11-08 08:26:59.963000+00:00,2025-11-08 08:24:00+00:00,continuous,102244.6,102440.0,102244.5,102440.0,9723511.670299996
2025-11-08 08:29:59.415000+00:00,2025-11-08 08:27:00+00:00,continuous,102440.0,102469.5,102394.4,102412.1,11680967.99880001
2025-11-08 08:32:59.827000+00:00,2025-11-08 08:30:00+00:00,continuous,102412.1,102459.1,102362.5,102405.9,13064913.366800014
2025-11-08 08:35:59.999000+00:00,2025-11-08 08:33:00+00:00,continuous,102405.9,102482.0,102403.4,102460.9,8055433.398499996
2025-11-08 08:38:59.895000+00:00,2025-11-08 08:36:00+00:00,continuous,102460.9,102581.7,102460.9,102515.8,20914334.359399993
2025-11-08 08:41:59.860000+00:00,2025-11-08 08:39:00+00:00,continuous,102515.8,102622.0,102510.0,102622.0,17998325.890100036
2025-11-08 08:44:59.941000+00:00,2025-11-08 08:42:00+00:00,continuous,102622.0,102654.1,102558.8,102558.8,27276837.676099963
2025-11-08 08:47:59.723000+00:00,2025-11-08 08:45:00+00:00,continuous,102558.9,102558.9,102489.7,102548.4,14441105.523099981
2025-11-08 08:50:59.783000+00:00,2025-11-08 08:48:00+00:00,continuous,102548.4,102566.6,102452.5,102452.5,8888062.679399993
2025-11-08 08:53:59.974000+00:00,2025-11-08 08:51:00+00:00,continuous,102452.6,102522.2,102450.0,102487.7,9882585.504400019
2025-11-08 08:56:59.698000+00:00,2025-11-08 08:54:00+00:00,continuous,102487.7,102487.8,102432.2,102452.6,5801838.983600004
2025-11-08 08:59:59.969000+00:00,2025-11-08 08:57:00+00:00,continuous,102452.7,102459.7,102392.0,102392.1,6240009.403499998
2025-11-08 09:02:59.866000+00:00,2025-11-08 09:00:00+00:00,continuous,102392.0,102392.1,102268.6,102328.6,18362889.845199987
2025-11-08 09:05:59.967000+00:00,2025-11-08 09:03:00+00:00,continuous,102328.6,102328.6,102206.8,102216.7,10954427.9081
2025-11-08 09:08:59.916000+00:00,2025-11-08 09:06:00+00:00,continuous,102216.6,102264.3,102216.6,102217.0,9741252.37360001
2025-11-08 09:11:59.944000+00:00,2025-11-08 09:09:00+00:00,continuous,102217.1,102237.5,102210.9,102219.1,9124187.7625
2025-11-08 09:14:59.814000+00:00,2025-11-08 09:12:00+00:00,continuous,102219.2,102232.4,102203.1,102232.4,5754492.146100004
2025-11-08 09:17:59.947000+00:00,2025-11-08 09:15:00+00:00,continuous,102232.4,102232.4,102182.1,102209.7,8438439.821199998
2025-11-08 09:20:59.798000+00:00,2025-11-08 09:18:00+00:00,continuous,102209.7,102361.5,102209.7,102361.5,9613068.729800018
2025-11-08 09:23:59.733000+00:00,2025-11-08 09:21:00+00:00,continuous,102361.5,102426.8,102345.0,102417.6,10815403.304599961
2025-11-08 09:26:59.849000+00:00,2025-11-08 09:24:00+00:00,continuous,102417.5,102486.4,102394.0,102470.1,11750780.78080001
2025-11-08 09:29:59.996000+00:00,2025-11-08 09:27:00+00:00,continuous,102470.1,102470.1,102415.2,102433.2,6695995.662100005
2025-11-08 09:32:59.990000+00:00,2025-11-08 09:30:00+00:00,continuous,102433.0,102551.8,102410.9,102517.0,13336033.811400007
2025-11-08 09:35:59.393000+00:00,2025-11-08 09:33:00+00:00,continuous,102517.1,102555.2,102517.0,102538.4,9313831.367000012
2025-11-08 09:38:59.972000+00:00,2025-11-08 09:36:00+00:00,continuous,102538.4,102552.4,102533.7,102552.4,6225233.660199992
2025-11-08 09:41:59.845000+00:00,2025-11-08 09:39:00+00:00,continuous,102552.3,102564.0,102520.4,102553.6,8686913.598099995
2025-11-08 09:44:59.911000+00:00,2025-11-08 09:42:00+00:00,continuous,102553.7,102553.7,102492.0,102501.8,9844587.198400015
2025-11-08 09:47:59.841000+00:00,2025-11-08 09:45:00+00:00,continuous,102501.9,102508.1,102366.0,102366.0,9823989.241100008
2025-11-08 09:50:59.688000+00:00,2025-11-08 09:48:00+00:00,continuous,102366.0,102400.4,102347.0,102386.0,8852108.811599994
2025-11-08 09:53:59.727000+00:00,2025-11-08 09:51:00+00:00,continuous,102385.9,102391.7,102257.2,102286.4,15744098.502999978
2025-11-08 09:56:59.084000+00:00,2025-11-08 09:54:00+00:00,continuous,102286.5,102330.0,102270.9,102302.3,6775040.278400001
2025-11-08 09:59:59.974000+00:00,2025-11-08 09:57:00+00:00,continuous,102302.3,102374.9,102302.3,102354.7,3477846.8049000045
2025-11-08 10:02:59.712000+00:00,2025-11-08 10:00:00+00:00,continuous,102354.6,102354.6,102261.3,102279.0,7620346.527599978
2025-11-08 10:05:59.786000+00:00,2025-11-08 10:03:00+00:00,continuous,102278.9,102321.0,102261.3,102320.9,5862256.126400004
2025-11-08 10:08:59.901000+00:00,2025-11-08 10:06:00+00:00,continuous,102320.8,102332.1,102282.8,102286.1,4263356.397599997
2025-11-08 10:11:59.987000+00:00,2025-11-08 10:09:00+00:00,continuous,102286.1,102350.8,102263.5,102338.3,5547598.933499982
2025-11-08 10:14:59.494000+00:00,2025-11-08 10:12:00+00:00,continuous,102338.2,102344.5,102318.9,102319.9,3599610.0877999933
2025-11-08 10:17:59.758000+00:00,2025-11-08 10:15:00+00:00,continuous,102319.9,102387.1,102291.1,102330.1,7588287.0614
2025-11-08 10:20:59.934000+00:00,2025-11-08 10:18:00+00:00,continuous,102330.1,102450.0,102324.8,102449.9,7020050.468700006
2025-11-08 10:23:59.557000+00:00,2025-11-08 10:21:00+00:00,continuous,102450.0,102450.0,102369.0,102369.0,5824545.178999995
2025-11-08 10:26:59.896000+00:00,2025-11-08 10:24:00+00:00,continuous,102369.0,102440.6,102369.0,102428.0,4907376.699800015
2025-11-08 10:29:59.685000+00:00,2025-11-08 10:27:00+00:00,continuous,102428.0,102485.0,102428.0,102485.0,4975541.050100003
2025-11-08 10:32:59.835000+00:00,2025-11-08 10:30:00+00:00,continuous,102485.0,102502.3,102470.2,102485.0,4859946.446299996
2025-11-08 10:35:59.367000+00:00,2025-11-08 10:33:00+00:00,continuous,102485.0,102534.9,102479.2,102479.2,5637745.600600004
2025-11-08 10:38:59.064000+00:00,2025-11-08 10:36:00+00:00,continuous,102479.3,102507.1,102479.2,102494.5,3258126.7333000004
2025-11-08 10:41:59.893000+00:00,2025-11-08 10:39:00+00:00,continuous,102494.5,102533.5,102459.0,102468.8,7316468.986399991
2025-11-08 10:44:59.296000+00:00,2025-11-08 10:42:00+00:00,continuous,102468.8,102468.8,102390.3,102450.0,7693881.237600019
2025-11-08 10:47:59.900000+00:00,2025-11-08 10:45:00+00:00,continuous,102450.0,102535.6,102450.0,102535.6,6003679.275099991
2025-11-08 10:50:59.313000+00:00,2025-11-08 10:48:00+00:00,continuous,102535.6,102535.6,102472.5,102474.8,4457287.790199995
2025-11-08 10:53:59.846000+00:00,2025-11-08 10:51:00+00:00,continuous,102474.7,102523.3,102440.8,102504.0,6749475.624899993
2025-11-08 10:56:59.440000+00:00,2025-11-08 10:54:00+00:00,continuous,102504.1,102509.1,102473.2,102497.8,4860376.106500002
2025-11-08 10:59:59.639000+00:00,2025-11-08 10:57:00+00:00,continuous,102497.8,102520.3,102430.6,102430.8,5023382.30849999
2025-11-08 11:02:59.802000+00:00,2025-11-08 11:00:00+00:00,continuous,102430.8,102529.4,102400.5,102510.4,8558197.101100022
2025-11-08 11:05:59.650000+00:00,2025-11-08 11:03:00+00:00,continuous,102510.3,102540.0,102473.4,102534.8,10285503.310499985
2025-11-08 11:08:59.197000+00:00,2025-11-08 11:06:00+00:00,continuous,102534.8,102534.8,102488.0,102519.5,6205027.992200014
2025-11-08 11:11:59.890000+00:00,2025-11-08 11:09:00+00:00,continuous,102519.5,102533.3,102509.8,102533.3,2973963.379499987
2025-11-08 11:14:59.934000+00:00,2025-11-08 11:12:00+00:00,continuous,102533.2,102584.6,102533.2,102576.8,16494128.379300045
2025-11-08 11:17:59.682000+00:00,2025-11-08 11:15:00+00:00,continuous,102576.7,102576.8,102514.8,102538.1,7796875.335499991
2025-11-08 11:20:59.676000+00:00,2025-11-08 11:18:00+00:00,continuous,102538.1,102568.6,102538.0,102542.0,4878011.735000002
2025-11-08 11:23:59.801000+00:00,2025-11-08 11:21:00+00:00,continuous,102541.9,102594.0,102527.7,102527.7,6872405.267499997
2025-11-08 11:26:59.959000+00:00,2025-11-08 11:24:00+00:00,continuous,102527.7,102527.7,102414.1,102428.6,9091622.867000004
2025-11-08 11:29:59.677000+00:00,2025-11-08 11:27:00+00:00,continuous,102428.6,102525.3,102428.6,102463.1,13643388.18230001
2025-11-08 11:32:59.879000+00:00,2025-11-08 11:30:00+00:00,continuous,102463.1,102463.1,102324.8,102345.6,19857618.006100003
2025-11-08 11:35:59.989000+00:00,2025-11-08 11:33:00+00:00,continuous,102345.6,102363.7,102250.0,102261.8,17897715.007599995
2025-11-08 11:38:59.872000+00:00,2025-11-08 11:36:00+00:00,continuous,102261.7,102265.5,102111.3,102142.1,33377350.15769997
2025-11-08 11:41:59.765000+00:00,2025-11-08 11:39:00+00:00,continuous,102142.1,102142.2,101941.0,101954.9,60287151.2806999
2025-11-08 11:44:59.987000+00:00,2025-11-08 11:42:00+00:00,continuous,101955.0,102037.0,101906.8,101980.1,41711258.07619992
2025-11-08 11:47:59.861000+00:00,2025-11-08 11:45:00+00:00,continuous,101980.0,102049.9,101800.0,101868.1,101116496.19529988
2025-11-08 11:50:59.969000+00:00,2025-11-08 11:48:00+00:00,continuous,101868.0,101993.0,101812.8,101940.3,28634191.93659998
2025-11-08 11:53:59.800000+00:00,2025-11-08 11:51:00+00:00,continuous,101940.2,102042.5,101826.2,101874.8,45379712.3398
2025-11-08 11:56:59.957000+00:00,2025-11-08 11:54:00+00:00,continuous,101874.8,101881.3,101647.7,101810.0,102547799.85150042
2025-11-08 11:59:59.945000+00:00,2025-11-08 11:57:00+00:00,continuous,101810.0,101856.3,101705.6,101805.6,31369986.281199932
2025-11-08 12:02:59.887000+00:00,2025-11-08 12:00:00+00:00,continuous,101805.6,101899.1,101756.0,101867.4,21730782.89710002
2025-11-08 12:05:59.912000+00:00,2025-11-08 12:03:00+00:00,continuous,101867.3,101963.2,101806.0,101914.0,22845010.026200034
2025-11-08 12:08:59.687000+00:00,2025-11-08 12:06:00+00:00,continuous,101914.1,101993.9,101900.0,101970.0,14852508.32160006
2025-11-08 12:11:59.851000+00:00,2025-11-08 12:09:00+00:00,continuous,101969.9,102019.7,101946.5,101990.1,14365462.622099997
2025-11-08 12:14:59.935000+00:00,2025-11-08 12:12:00+00:00,continuous,101990.0,101990.0,101672.8,101698.2,28115049.79010008
2025-11-08 12:17:59.063000+00:00,2025-11-08 12:15:00+00:00,continuous,101698.1,101880.2,101698.1,101785.0,18570603.218199983
2025-11-08 12:20:59.873000+00:00,2025-11-08 12:18:00+00:00,continuous,101785.1,101863.7,101757.6,101850.7,9800652.088700011
2025-11-08 12:23:59.872000+00:00,2025-11-08 12:21:00+00:00,continuous,101850.6,101891.0,101840.2,101855.7,8092608.546600004
2025-11-08 12:26:59.750000+00:00,2025-11-08 12:24:00+00:00,continuous,101855.7,101947.4,101811.4,101947.4,10351112.008999992
2025-11-08 12:29:59.704000+00:00,2025-11-08 12:27:00+00:00,continuous,101947.3,102018.2,101900.0,101945.4,14409064.32920001
2025-11-08 12:32:59.808000+00:00,2025-11-08 12:30:00+00:00,continuous,101945.4,101988.0,101945.3,101957.9,6240745.953299993
2025-11-08 12:35:59.731000+00:00,2025-11-08 12:33:00+00:00,continuous,101958.0,101995.6,101950.0,101979.4,4994900.558600007
2025-11-08 12:38:59.903000+00:00,2025-11-08 12:36:00+00:00,continuous,101979.4,102021.2,101964.7,102013.6,13202721.099800022
2025-11-08 12:41:59.984000+00:00,2025-11-08 12:39:00+00:00,continuous,102013.6,102016.5,101961.9,102015.0,9131937.110399997
2025-11-08 12:44:59.756000+00:00,2025-11-08 12:42:00+00:00,continuous,102015.0,102055.0,101847.2,101847.2,26302783.373699967
2025-11-08 12:47:59.845000+00:00,2025-11-08 12:45:00+00:00,continuous,101847.2,101920.0,101829.0,101920.0,10544666.5768
2025-11-08 12:50:59.944000+00:00,2025-11-08 12:48:00+00:00,continuous,101920.0,101939.6,101863.5,101939.6,7088158.344400007
2025-11-08 12:53:59.682000+00:00,2025-11-08 12:51:00+00:00,continuous,101939.6,101957.4,101914.5,101923.2,3456997.2782999976
2025-11-08 12:56:59.999000+00:00,2025-11-08 12:54:00+00:00,continuous,101923.1,101955.0,101862.4,101955.0,6737002.632799997
2025-11-08 12:59:59.904000+00:00,2025-11-08 12:57:00+00:00,continuous,101954.9,102063.0,101926.8,102011.7,23877279.792799976
2025-11-08 13:02:59.960000+00:00,2025-11-08 13:00:00+00:00,continuous,102011.6,102038.0,101958.4,101958.5,7548239.628300006
2025-11-08 13:05:59.882000+00:00,2025-11-08 13:03:00+00:00,continuous,101958.5,101958.6,101826.5,101837.0,14035253.30709998
2025-11-08 13:08:59.794000+00:00,2025-11-08 13:06:00+00:00,continuous,101837.1,101883.4,101651.0,101883.3,43997650.91340014
2025-11-08 13:11:59.918000+00:00,2025-11-08 13:09:00+00:00,continuous,101883.4,101900.0,101825.7,101865.8,12301709.418699998
2025-11-08 13:14:59.889000+00:00,2025-11-08 13:12:00+00:00,continuous,101865.8,101956.9,101822.4,101935.7,9203622.341299985
2025-11-08 13:17:59.682000+00:00,2025-11-08 13:15:00+00:00,continuous,101935.6,101953.8,101823.7,101896.8,11936370.389400015
2025-11-08 13:20:59.694000+00:00,2025-11-08 13:18:00+00:00,continuous,101896.8,102042.0,101823.4,101978.4,20680854.578600056
2025-11-08 13:23:59.852000+00:00,2025-11-08 13:21:00+00:00,continuous,101978.3,102112.0,101978.3,102076.6,21057546.042599987
2025-11-08 13:26:59.774000+00:00,2025-11-08 13:24:00+00:00,continuous,102076.5,102109.6,102028.1,102029.7,10299974.375000028
2025-11-08 13:29:59.705000+00:00,2025-11-08 13:27:00+00:00,continuous,102029.7,102059.8,102029.7,102059.7,5014896.215700001
2025-11-08 13:32:59.742000+00:00,2025-11-08 13:30:00+00:00,continuous,102059.7,102059.8,101924.4,101962.5,13801249.611100024
2025-11-08 13:35:59.884000+00:00,2025-11-08 13:33:00+00:00,continuous,101962.4,102060.0,101847.6,102046.6,14932460.27659999
2025-11-08 13:38:59.218000+00:00,2025-11-08 13:36:00+00:00,continuous,102046.6,102071.9,101990.0,102000.0,8108702.620899992
2025-11-08 13:41:59.988000+00:00,2025-11-08 13:39:00+00:00,continuous,102000.1,102089.6,101981.6,102089.6,11065169.781200027
2025-11-08 13:44:59.816000+00:00,2025-11-08 13:42:00+00:00,continuous,102089.6,102142.9,101897.3,101935.9,32667356.456200037
2025-11-08 13:47:59.937000+00:00,2025-11-08 13:45:00+00:00,continuous,101935.8,101945.3,101857.2,101943.7,16993694.556899987
2025-11-08 13:50:59.221000+00:00,2025-11-08 13:48:00+00:00,continuous,101943.8,101950.0,101799.4,101905.7,17454308.057499956
2025-11-08 13:53:59.565000+00:00,2025-11-08 13:51:00+00:00,continuous,101905.6,101939.9,101881.5,101923.1,8813964.899100006
2025-11-08 13:56:59.818000+00:00,2025-11-08 13:54:00+00:00,continuous,101923.1,101944.6,101880.0,101939.8,6492764.188100017
2025-11-08 13:59:59.861000+00:00,2025-11-08 13:57:00+00:00,continuous,101939.9,101950.0,101739.7,101758.9,27492406.016500004
2025-11-08 14:02:59.897000+00:00,2025-11-08 14:00:00+00:00,continuous,101758.9,101819.2,101666.0,101740.0,36061798.00719983
2025-11-08 14:05:59.893000+00:00,2025-11-08 14:03:00+00:00,continuous,101739.9,101832.5,101700.0,101729.7,16990812.795500003
2025-11-08 14:08:59.799000+00:00,2025-11-08 14:06:00+00:00,continuous,101730.0,101760.5,101573.0,101638.3,58535504.14030025
2025-11-08 14:11:59.949000+00:00,2025-11-08 14:09:00+00:00,continuous,101638.3,101720.2,101573.0,101619.6,42663718.87089999
2025-11-08 14:14:59.742000+00:00,2025-11-08 14:12:00+00:00,continuous,101619.6,101643.4,101511.0,101590.2,41668800.87740001
2025-11-08 14:17:59.822000+00:00,2025-11-08 14:15:00+00:00,continuous,101590.2,101604.3,101519.5,101543.0,24427290.38329996
2025-11-08 14:20:59.947000+00:00,2025-11-08 14:18:00+00:00,continuous,101543.0,101588.0,101400.1,101578.6,84499358.87560031
2025-11-08 14:23:59.997000+00:00,2025-11-08 14:21:00+00:00,continuous,101578.5,101706.9,101514.3,101681.5,21502664.647500042
2025-11-08 14:26:59.803000+00:00,2025-11-08 14:24:00+00:00,continuous,101681.9,101706.9,101610.4,101700.0,17109130.34269996
2025-11-08 14:29:59.700000+00:00,2025-11-08 14:27:00+00:00,continuous,101700.0,101707.9,101649.0,101672.7,11515938.372099996
2025-11-08 14:32:59.965000+00:00,2025-11-08 14:30:00+00:00,continuous,101672.6,101735.6,101672.6,101683.3,16405601.373600025
2025-11-08 14:35:59.953000+00:00,2025-11-08 14:33:00+00:00,continuous,101683.4,101880.0,101683.3,101850.2,26654537.48719997
2025-11-08 14:38:59.997000+00:00,2025-11-08 14:36:00+00:00,continuous,101850.3,101936.0,101823.2,101936.0,15872299.21079999
2025-11-08 14:41:59.943000+00:00,2025-11-08 14:39:00+00:00,continuous,101936.3,102020.2,101875.7,102014.9,35507588.181099944
2025-11-08 14:44:59.992000+00:00,2025-11-08 14:42:00+00:00,continuous,102014.9,102019.3,101878.3,101880.1,15793586.543000039
2025-11-08 14:47:59.789000+00:00,2025-11-08 14:45:00+00:00,continuous,101880.0,101919.0,101755.8,101861.2,28463305.837699994
2025-11-08 14:50:59.852000+00:00,2025-11-08 14:48:00+00:00,continuous,101861.2,102030.2,101841.9,102030.2,17449609.20450003
2025-11-08 14:53:59.372000+00:00,2025-11-08 14:51:00+00:00,continuous,102030.2,102052.4,101806.1,101806.1,32241976.82240002
2025-11-08 14:56:59.926000+00:00,2025-11-08 14:54:00+00:00,continuous,101806.1,101877.0,101806.1,101819.6,8054428.116900006
2025-11-08 14:59:59.849000+00:00,2025-11-08 14:57:00+00:00,continuous,101819.7,101852.8,101765.0,101786.2,21718915.38699997
2025-11-08 15:02:59.959000+00:00,2025-11-08 15:00:00+00:00,continuous,101786.3,101861.7,101720.3,101860.6,17434242.601099998
2025-11-08 15:05:59.851000+00:00,2025-11-08 15:03:00+00:00,continuous,101860.7,101889.6,101837.4,101868.9,8456856.495199999
2025-11-08 15:08:59.957000+00:00,2025-11-08 15:06:00+00:00,continuous,101868.9,101898.8,101850.0,101862.5,6259414.928899999
2025-11-08 15:11:59.914000+00:00,2025-11-08 15:09:00+00:00,continuous,101862.5,101862.5,101774.1,101808.0,12069147.42899999
2025-11-08 15:14:59.342000+00:00,2025-11-08 15:12:00+00:00,continuous,101807.9,101814.0,101733.3,101814.0,9648705.64610002
2025-11-08 15:17:59.681000+00:00,2025-11-08 15:15:00+00:00,continuous,101813.9,101917.7,101772.6,101774.9,10131616.72199999
2025-11-08 15:20:58.933000+00:00,2025-11-08 15:18:00+00:00,continuous,101774.9,101775.0,101644.4,101679.8,23257722.340299997
2025-11-08 15:23:59.931000+00:00,2025-11-08 15:21:00+00:00,continuous,101679.9,101695.5,101507.6,101514.7,54901559.72689999
2025-11-08 15:26:59.630000+00:00,2025-11-08 15:24:00+00:00,continuous,101514.8,101540.2,101456.2,101540.2,35065686.80200007
2025-11-08 15:29:59.572000+00:00,2025-11-08 15:27:00+00:00,continuous,101540.2,101565.3,101485.8,101555.0,12976178.426899986
2025-11-08 15:32:59.649000+00:00,2025-11-08 15:30:00+00:00,continuous,101554.9,101586.8,101475.4,101530.5,12760124.998200031
2025-11-08 15:35:59.958000+00:00,2025-11-08 15:33:00+00:00,continuous,101530.5,101600.5,101485.0,101485.1,11703012.022200016
2025-11-08 15:38:59.830000+00:00,2025-11-08 15:36:00+00:00,continuous,101485.0,101617.9,101477.8,101593.8,9409987.166300006
2025-11-08 15:41:59.874000+00:00,2025-11-08 15:39:00+00:00,continuous,101593.7,101622.0,101543.8,101590.5,14237682.474199975
2025-11-08 15:44:59.381000+00:00,2025-11-08 15:42:00+00:00,continuous,101590.5,101590.5,101435.4,101529.9,14176231.755700028
2025-11-08 15:47:59.871000+00:00,2025-11-08 15:45:00+00:00,continuous,101529.9,101693.6,101504.0,101629.5,15239803.855699975
2025-11-08 15:50:59.976000+00:00,2025-11-08 15:48:00+00:00,continuous,101629.6,101698.0,101620.7,101658.0,11336276.24209999
2025-11-08 15:53:59.815000+00:00,2025-11-08 15:51:00+00:00,continuous,101658.0,101694.1,101617.5,101657.8,10281423.28659998
2025-11-08 15:56:59.920000+00:00,2025-11-08 15:54:00+00:00,continuous,101657.9,101695.5,101636.5,101636.5,5952198.429800006
2025-11-08 15:59:59.729000+00:00,2025-11-08 15:57:00+00:00,continuous,101636.5,101683.9,101599.9,101678.0,9302495.810500009
2025-11-08 16:02:59.852000+00:00,2025-11-08 16:00:00+00:00,continuous,101678.1,101734.8,101627.5,101627.5,10346599.731800025
2025-11-08 16:05:59.866000+00:00,2025-11-08 16:03:00+00:00,continuous,101627.5,101710.1,101529.4,101684.5,15902985.225300008
2025-11-08 16:08:59.990000+00:00,2025-11-08 16:06:00+00:00,continuous,101684.6,101684.6,101544.0,101548.0,13859364.425899988
2025-11-08 16:11:59.963000+00:00,2025-11-08 16:09:00+00:00,continuous,101548.0,101680.2,101476.9,101655.5,22954830.298400033
2025-11-08 16:14:59.971000+00:00,2025-11-08 16:12:00+00:00,continuous,101655.4,101900.0,101648.2,101889.9,33112745.41719997
2025-11-08 16:17:59.657000+00:00,2025-11-08 16:15:00+00:00,continuous,101889.8,101921.5,101803.4,101821.7,22173124.683000002
2025-11-08 16:20:59.817000+00:00,2025-11-08 16:18:00+00:00,continuous,101821.7,101836.8,101684.8,101684.9,13378537.958799988
2025-11-08 16:23:59.860000+00:00,2025-11-08 16:21:00+00:00,continuous,101684.8,101751.3,101655.6,101711.6,10014953.620800013
2025-11-08 16:26:59.872000+00:00,2025-11-08 16:24:00+00:00,continuous,101711.6,101824.4,101711.6,101793.1,10166467.691200024
2025-11-08 16:29:59.466000+00:00,2025-11-08 16:27:00+00:00,continuous,101793.1,101827.6,101755.0,101802.8,11893289.08199999
2025-11-08 16:32:59.474000+00:00,2025-11-08 16:30:00+00:00,continuous,101802.9,101833.7,101750.0,101755.4,10436324.4518
2025-11-08 16:35:59.909000+00:00,2025-11-08 16:33:00+00:00,continuous,101755.3,101858.9,101746.8,101858.9,7355046.417500007
2025-11-08 16:38:59.735000+00:00,2025-11-08 16:36:00+00:00,continuous,101858.8,101888.3,101827.0,101875.4,9623072.028300004
2025-11-08 16:41:59.998000+00:00,2025-11-08 16:39:00+00:00,continuous,101875.4,101888.5,101826.0,101874.1,7657841.968199984
2025-11-08 16:44:59.821000+00:00,2025-11-08 16:42:00+00:00,continuous,101874.0,101894.3,101704.9,101704.9,18670035.94790001
2025-11-08 16:47:59.606000+00:00,2025-11-08 16:45:00+00:00,continuous,101704.9,101724.1,101690.7,101708.2,8146030.635899995
2025-11-08 16:50:59.761000+00:00,2025-11-08 16:48:00+00:00,continuous,101708.2,101789.9,101695.3,101705.2,7301717.980299993
2025-11-08 16:53:59.922000+00:00,2025-11-08 16:51:00+00:00,continuous,101705.3,101762.6,101630.0,101716.3,13694108.10709999
2025-11-08 16:56:59.651000+00:00,2025-11-08 16:54:00+00:00,continuous,101716.3,101730.0,101650.3,101705.2,8074204.7953000115
2025-11-08 16:59:59.840000+00:00,2025-11-08 16:57:00+00:00,continuous,101705.3,101821.7,101693.4,101808.9,9754846.117300024
2025-11-08 17:02:59.665000+00:00,2025-11-08 17:00:00+00:00,continuous,101808.8,101829.6,101719.5,101775.9,10451693.192500021
2025-11-08 17:05:59.960000+00:00,2025-11-08 17:03:00+00:00,continuous,101775.8,101802.6,101695.0,101720.8,8768052.427499996
2025-11-08 17:08:59.610000+00:00,2025-11-08 17:06:00+00:00,continuous,101720.7,101720.9,101485.5,101568.4,39120935.450999916
2025-11-08 17:11:59.330000+00:00,2025-11-08 17:09:00+00:00,continuous,101568.5,101642.0,101552.0,101642.0,8188492.906300003
2025-11-08 17:14:59.837000+00:00,2025-11-08 17:12:00+00:00,continuous,101641.9,101642.0,101587.9,101602.0,6084678.415499994
2025-11-08 17:17:59.183000+00:00,2025-11-08 17:15:00+00:00,continuous,101602.1,101727.6,101602.0,101693.8,7909620.534900014
2025-11-08 17:20:59.839000+00:00,2025-11-08 17:18:00+00:00,continuous,101693.8,101744.9,101679.6,101717.1,4065568.0997000034
2025-11-08 17:23:59.972000+00:00,2025-11-08 17:21:00+00:00,continuous,101717.2,101824.7,101717.1,101813.0,12381660.528700007
2025-11-08 17:26:59.895000+00:00,2025-11-08 17:24:00+00:00,continuous,101812.4,101844.8,101756.6,101799.9,9984378.071900006
2025-11-08 17:29:59.649000+00:00,2025-11-08 17:27:00+00:00,continuous,101800.0,101827.3,101734.0,101759.6,9009891.036699997
2025-11-08 17:32:59.075000+00:00,2025-11-08 17:30:00+00:00,continuous,101759.7,101782.2,101729.5,101776.9,4342721.803899998
2025-11-08 17:35:59.939000+00:00,2025-11-08 17:33:00+00:00,continuous,101776.9,101888.0,101776.9,101838.7,12600119.922999997
2025-11-08 17:38:59.355000+00:00,2025-11-08 17:36:00+00:00,continuous,101838.7,101854.4,101798.6,101841.9,5734704.366600001
2025-11-08 17:41:59.963000+00:00,2025-11-08 17:39:00+00:00,continuous,101842.0,101922.9,101820.4,101843.3,13669297.220199963
2025-11-08 17:44:58.957000+00:00,2025-11-08 17:42:00+00:00,continuous,101843.4,101889.9,101821.0,101843.1,7324012.551799972
2025-11-08 17:47:59.328000+00:00,2025-11-08 17:45:00+00:00,continuous,101843.1,101879.8,101822.2,101879.6,7914932.721800006
2025-11-08 17:50:59.963000+00:00,2025-11-08 17:48:00+00:00,continuous,101879.7,101918.8,101797.7,101813.1,10013866.443599982
2025-11-08 17:53:59.941000+00:00,2025-11-08 17:51:00+00:00,continuous,101813.1,101841.8,101770.2,101841.8,5467016.709400001
2025-11-08 17:56:59.919000+00:00,2025-11-08 17:54:00+00:00,continuous,101841.8,101900.0,101841.7,101882.8,4013227.109499998
2025-11-08 17:59:59.881000+00:00,2025-11-08 17:57:00+00:00,continuous,101882.8,101971.1,101882.7,101945.1,17117315.198099967
2025-11-08 18:02:59.935000+00:00,2025-11-08 18:00:00+00:00,continuous,101945.1,101945.1,101888.2,101940.9,10871984.275099982
2025-11-08 18:05:59.562000+00:00,2025-11-08 18:03:00+00:00,continuous,101940.8,101940.9,101845.0,101871.3,7909164.080800005
2025-11-08 18:08:59.499000+00:00,2025-11-08 18:06:00+00:00,continuous,101871.3,101907.3,101866.2,101887.2,7246070.953999985
2025-11-08 18:11:59.809000+00:00,2025-11-08 18:09:00+00:00,continuous,101887.2,101972.0,101887.2,101950.4,6392827.302900005
2025-11-08 18:14:58.913000+00:00,2025-11-08 18:12:00+00:00,continuous,101950.4,101975.4,101926.3,101950.1,8926893.252099995
2025-11-08 18:17:59.999000+00:00,2025-11-08 18:15:00+00:00,continuous,101950.1,101965.0,101918.0,101933.9,4321171.863899997
2025-11-08 18:20:59.915000+00:00,2025-11-08 18:18:00+00:00,continuous,101933.8,101958.3,101912.8,101912.8,3932565.959299997
2025-11-08 18:23:59.849000+00:00,2025-11-08 18:21:00+00:00,continuous,101912.9,101936.0,101874.9,101883.9,7465755.686899992
2025-11-08 18:26:59.956000+00:00,2025-11-08 18:24:00+00:00,continuous,101883.9,101884.0,101780.3,101800.0,6779488.930399997
2025-11-08 18:29:59.967000+00:00,2025-11-08 18:27:00+00:00,continuous,101799.9,101952.8,101797.0,101952.8,7179790.991600004
2025-11-08 18:32:59.953000+00:00,2025-11-08 18:30:00+00:00,continuous,101953.0,102066.9,101953.0,102013.0,17119190.449299965
2025-11-08 18:35:59.972000+00:00,2025-11-08 18:33:00+00:00,continuous,102013.1,102013.1,101868.3,101911.1,11053121.73970001
2025-11-08 18:38:59.894000+00:00,2025-11-08 18:36:00+00:00,continuous,101911.0,102013.8,101855.6,102013.8,7124598.969199999
2025-11-08 18:41:59.975000+00:00,2025-11-08 18:39:00+00:00,continuous,102013.7,102065.7,102006.0,102008.3,13361680.83669997
2025-11-08 18:44:59.913000+00:00,2025-11-08 18:42:00+00:00,continuous,102008.3,102008.4,101957.2,101990.6,7267950.514799998
2025-11-08 18:47:59.277000+00:00,2025-11-08 18:45:00+00:00,continuous,101990.5,102030.6,101946.6,101951.2,5067068.2814000035
2025-11-08 18:50:59.718000+00:00,2025-11-08 18:48:00+00:00,continuous,101951.1,102063.9,101951.1,102061.8,11186757.410200007
2025-11-08 18:53:59.770000+00:00,2025-11-08 18:51:00+00:00,continuous,102061.7,102087.0,102057.2,102084.0,12274096.808399992
2025-11-08 18:56:59.937000+00:00,2025-11-08 18:54:00+00:00,continuous,102083.9,102137.0,102083.9,102132.1,17253802.507999975
2025-11-08 18:59:59.824000+00:00,2025-11-08 18:57:00+00:00,continuous,102132.1,102182.7,102084.3,102084.4,14719839.81560002
2025-11-08 19:02:59.920000+00:00,2025-11-08 19:00:00+00:00,continuous,102084.3,102137.1,102066.5,102095.8,11400411.254300019
2025-11-08 19:05:59.969000+00:00,2025-11-08 19:03:00+00:00,continuous,102095.8,102100.0,102073.9,102086.6,5887065.939299993
2025-11-08 19:08:59.628000+00:00,2025-11-08 19:06:00+00:00,continuous,102086.6,102106.1,102061.9,102099.9,7896971.807600005
2025-11-08 19:11:59.992000+00:00,2025-11-08 19:09:00+00:00,continuous,102100.0,102100.0,102057.6,102059.8,3666083.608899997
2025-11-08 19:14:59.019000+00:00,2025-11-08 19:12:00+00:00,continuous,102059.8,102100.0,102059.8,102074.1,4695829.521799997
2025-11-08 19:17:59.980000+00:00,2025-11-08 19:15:00+00:00,continuous,102074.2,102091.0,102024.1,102040.9,3940331.731700004
2025-11-08 19:20:59.882000+00:00,2025-11-08 19:18:00+00:00,continuous,102040.8,102040.9,101714.1,101743.9,48412474.628999956
2025-11-08 19:23:59.900000+00:00,2025-11-08 19:21:00+00:00,continuous,101743.9,101751.9,101510.0,101510.0,44702688.07559996
2025-11-08 19:26:59.893000+00:00,2025-11-08 19:24:00+00:00,continuous,101510.1,101642.0,101471.1,101637.2,31245402.001500044
2025-11-08 19:29:59.304000+00:00,2025-11-08 19:27:00+00:00,continuous,101637.2,101751.9,101637.2,101747.8,17256754.567099996
2025-11-08 19:32:59.609000+00:00,2025-11-08 19:30:00+00:00,continuous,101747.8,101817.1,101717.1,101767.5,11737153.217900017
2025-11-08 19:35:59.758000+00:00,2025-11-08 19:33:00+00:00,continuous,101767.6,101819.8,101750.1,101794.3,8295279.195200007
2025-11-08 19:38:59.625000+00:00,2025-11-08 19:36:00+00:00,continuous,101794.3,101870.0,101794.2,101870.0,4979722.696400011
2025-11-08 19:41:59.949000+00:00,2025-11-08 19:39:00+00:00,continuous,101870.0,101972.0,101857.9,101963.5,8498713.672000011
2025-11-08 19:44:59.846000+00:00,2025-11-08 19:42:00+00:00,continuous,101963.6,101963.6,101885.7,101901.1,5583317.411200002
2025-11-08 19:47:59.587000+00:00,2025-11-08 19:45:00+00:00,continuous,101901.2,101950.4,101897.2,101897.3,4970368.084500002
2025-11-08 19:50:59.739000+00:00,2025-11-08 19:48:00+00:00,continuous,101897.2,101900.0,101854.4,101880.0,6971341.432599996
2025-11-08 19:53:59.246000+00:00,2025-11-08 19:51:00+00:00,continuous,101880.0,101897.0,101877.0,101884.1,5106509.175400011
2025-11-08 19:56:59.638000+00:00,2025-11-08 19:54:00+00:00,continuous,101884.1,101884.1,101805.5,101850.0,6317726.374299995
2025-11-08 19:59:59.860000+00:00,2025-11-08 19:57:00+00:00,continuous,101850.1,101939.5,101845.3,101934.3,3543854.918900008
2025-11-08 20:02:59.278000+00:00,2025-11-08 20:00:00+00:00,continuous,101934.4,101952.5,101906.6,101937.8,6664309.721000008
2025-11-08 20:05:59.192000+00:00,2025-11-08 20:03:00+00:00,continuous,101937.8,102062.9,101937.8,102015.8,16650647.835800003
2025-11-08 20:08:58.555000+00:00,2025-11-08 20:06:00+00:00,continuous,102015.8,102015.8,101950.0,101954.9,6010643.681899995
2025-11-08 20:11:59.557000+00:00,2025-11-08 20:09:00+00:00,continuous,101955.0,102026.4,101945.9,102026.4,3448113.8827000037
2025-11-08 20:14:59.006000+00:00,2025-11-08 20:12:00+00:00,continuous,102026.4,102030.7,101911.4,101924.8,5451390.952500003
2025-11-08 20:17:58.918000+00:00,2025-11-08 20:15:00+00:00,continuous,101924.7,102004.7,101919.6,102000.1,3979404.4199000057
2025-11-08 20:20:59.766000+00:00,2025-11-08 20:18:00+00:00,continuous,102000.1,102046.8,101972.5,102006.1,5304230.115000008
2025-11-08 20:23:59.835000+00:00,2025-11-08 20:21:00+00:00,continuous,102006.0,102025.7,101964.0,102025.7,3307104.507899998
2025-11-08 20:26:59.922000+00:00,2025-11-08 20:24:00+00:00,continuous,102025.7,102030.0,102000.0,102019.1,4157637.7153000063
2025-11-08 20:29:59.494000+00:00,2025-11-08 20:27:00+00:00,continuous,102019.1,102060.5,102012.0,102060.5,3110833.0382
2025-11-08 20:32:59.446000+00:00,2025-11-08 20:30:00+00:00,continuous,102060.5,102060.7,102023.0,102048.4,5486520.7866999805
2025-11-08 20:35:59.931000+00:00,2025-11-08 20:33:00+00:00,continuous,102048.4,102063.7,102024.6,102030.4,2996131.4147999976
2025-11-08 20:38:59.957000+00:00,2025-11-08 20:36:00+00:00,continuous,102030.5,102081.5,102030.4,102059.5,4135187.059
2025-11-08 20:41:59.562000+00:00,2025-11-08 20:39:00+00:00,continuous,102059.4,102079.4,102035.6,102070.4,9635992.247800002
2025-11-08 20:44:59.883000+00:00,2025-11-08 20:42:00+00:00,continuous,102070.4,102091.8,102062.1,102078.9,2954394.650599997
2025-11-08 20:47:59.252000+00:00,2025-11-08 20:45:00+00:00,continuous,102078.8,102125.0,102068.4,102068.4,7075914.817600008
2025-11-08 20:50:59.286000+00:00,2025-11-08 20:48:00+00:00,continuous,102068.5,102080.9,102027.1,102080.9,3660383.2574000014
2025-11-08 20:53:58.489000+00:00,2025-11-08 20:51:00+00:00,continuous,102080.9,102086.8,102026.0,102048.7,3486934.4780000057
2025-11-08 20:56:59.030000+00:00,2025-11-08 20:54:00+00:00,continuous,102048.8,102048.8,101998.5,102009.5,4355192.2019000035
2025-11-08 20:59:59.391000+00:00,2025-11-08 20:57:00+00:00,continuous,102009.6,102024.4,101976.8,102024.4,5409469.0982000055
2025-11-08 21:02:59.258000+00:00,2025-11-08 21:00:00+00:00,continuous,102024.3,102048.2,102015.1,102044.6,2734571.0731999986
2025-11-08 21:05:58.963000+00:00,2025-11-08 21:03:00+00:00,continuous,102044.6,102101.1,102044.6,102064.3,4230547.199199993
2025-11-08 21:08:59.891000+00:00,2025-11-08 21:06:00+00:00,continuous,102064.2,102064.2,101994.3,102024.9,5503488.4679
2025-11-08 21:11:59.350000+00:00,2025-11-08 21:09:00+00:00,continuous,102024.8,102064.1,102024.8,102058.3,2514606.317200001
2025-11-08 21:14:59.987000+00:00,2025-11-08 21:12:00+00:00,continuous,102058.3,102058.3,101974.3,101984.4,2982529.773899999
2025-11-08 21:17:58.774000+00:00,2025-11-08 21:15:00+00:00,continuous,101984.5,102018.7,101984.5,101989.9,3827110.0733999973
2025-11-08 21:20:59.639000+00:00,2025-11-08 21:18:00+00:00,continuous,101989.9,102030.8,101986.5,102022.5,3855430.248399997
2025-11-08 21:23:59.706000+00:00,2025-11-08 21:21:00+00:00,continuous,102022.5,102046.8,102022.5,102030.1,2042768.3690000002
2025-11-08 21:26:59.486000+00:00,2025-11-08 21:24:00+00:00,continuous,102030.2,102044.2,102004.7,102037.7,2473879.1347999983
2025-11-08 21:29:59.157000+00:00,2025-11-08 21:27:00+00:00,continuous,102037.7,102053.7,102030.8,102037.6,1153606.4648999993
2025-11-08 21:32:59.884000+00:00,2025-11-08 21:30:00+00:00,continuous,102037.7,102084.8,102037.6,102084.8,2637344.8540999983
2025-11-08 21:35:59.501000+00:00,2025-11-08 21:33:00+00:00,continuous,102084.8,102140.4,102084.8,102140.1,11023842.613200026
2025-11-08 21:38:59.211000+00:00,2025-11-08 21:36:00+00:00,continuous,102140.1,102277.4,102140.0,102256.9,25936802.63889994
2025-11-08 21:41:59.985000+00:00,2025-11-08 21:39:00+00:00,continuous,102257.0,102257.0,102180.2,102241.2,13134814.898199992
2025-11-08 21:44:59.874000+00:00,2025-11-08 21:42:00+00:00,continuous,102241.1,102278.0,102236.4,102277.6,11594622.45680002
2025-11-08 21:47:59.982000+00:00,2025-11-08 21:45:00+00:00,continuous,102277.7,102328.9,102238.6,102238.6,26612231.335699998
2025-11-08 21:50:59.988000+00:00,2025-11-08 21:48:00+00:00,continuous,102238.5,102317.4,102232.5,102247.3,7972536.2607999975
2025-11-08 21:53:55.625000+00:00,2025-11-08 21:51:00+00:00,continuous,102247.1,102247.1,102151.8,102219.9,13366466.011000017
2025-11-08 21:56:59.720000+00:00,2025-11-08 21:54:00+00:00,continuous,102219.9,102258.4,102214.6,102222.8,5154509.858500002
2025-11-08 21:59:58.058000+00:00,2025-11-08 21:57:00+00:00,continuous,102222.8,102227.6,102213.6,102224.1,2380545.4519000035
2025-11-08 22:02:59.971000+00:00,2025-11-08 22:00:00+00:00,continuous,102224.0,102224.1,102144.7,102144.7,7009459.817200002
2025-11-08 22:05:57.783000+00:00,2025-11-08 22:03:00+00:00,continuous,102144.8,102222.6,102144.7,102199.3,7933097.795500009
2025-11-08 22:08:59.978000+00:00,2025-11-08 22:06:00+00:00,continuous,102199.3,102199.4,102117.3,102185.8,8654104.834499998
2025-11-08 22:11:59.892000+00:00,2025-11-08 22:09:00+00:00,continuous,102185.8,102185.9,102181.6,102181.6,2998416.0892000007
2025-11-08 22:14:59.970000+00:00,2025-11-08 22:12:00+00:00,continuous,102181.5,102315.8,102181.5,102315.8,13584068.042100007
2025-11-08 22:17:59.384000+00:00,2025-11-08 22:15:00+00:00,continuous,102315.7,102323.9,102168.9,102168.9,12915936.695800006
2025-11-08 22:20:59.843000+00:00,2025-11-08 22:18:00+00:00,continuous,102169.0,102261.1,102168.9,102246.6,4740736.798199993
2025-11-08 22:23:58.745000+00:00,2025-11-08 22:21:00+00:00,continuous,102246.6,102278.2,102207.8,102278.2,5617810.379299991
2025-11-08 22:26:59.952000+00:00,2025-11-08 22:24:00+00:00,continuous,102278.2,102291.3,102238.1,102258.5,3262781.281000004
2025-11-08 22:29:59.984000+00:00,2025-11-08 22:27:00+00:00,continuous,102258.5,102312.0,102258.4,102277.1,2972016.0070999954
2025-11-08 22:32:59.738000+00:00,2025-11-08 22:30:00+00:00,continuous,102277.0,102277.1,102267.1,102267.1,3382246.2188999965
2025-11-08 22:35:59.691000+00:00,2025-11-08 22:33:00+00:00,continuous,102267.1,102267.2,102247.1,102247.1,2371425.9989999984
2025-11-08 22:38:58.957000+00:00,2025-11-08 22:36:00+00:00,continuous,102247.1,102247.1,102203.0,102224.6,2688130.714799999
2025-11-08 22:41:59.045000+00:00,2025-11-08 22:39:00+00:00,continuous,102224.6,102267.1,102171.1,102267.0,16227729.017699987
2025-11-08 22:44:59.082000+00:00,2025-11-08 22:42:00+00:00,continuous,102267.1,102267.1,102200.8,102200.8,2931753.275199999
2025-11-08 22:47:59.241000+00:00,2025-11-08 22:45:00+00:00,continuous,102200.8,102333.0,102183.0,102289.9,6974658.9978
2025-11-08 22:50:59.973000+00:00,2025-11-08 22:48:00+00:00,continuous,102290.0,102332.8,102277.3,102327.4,3397498.1772000026
2025-11-08 22:53:59.991000+00:00,2025-11-08 22:51:00+00:00,continuous,102327.3,102382.6,102327.3,102378.1,8455669.339899998
2025-11-08 22:56:59.976000+00:00,2025-11-08 22:54:00+00:00,continuous,102378.0,102378.1,102327.3,102355.1,9615280.649400005
2025-11-08 22:59:59.812000+00:00,2025-11-08 22:57:00+00:00,continuous,102355.0,102360.0,102325.3,102325.4,5682917.059100004
2025-11-08 23:02:59.236000+00:00,2025-11-08 23:00:00+00:00,continuous,102325.3,102352.3,102275.3,102352.2,6256942.1178999925
2025-11-08 23:05:59.008000+00:00,2025-11-08 23:03:00+00:00,continuous,102352.2,102378.1,102316.8,102338.1,15724524.460299991
2025-11-08 23:08:58.536000+00:00,2025-11-08 23:06:00+00:00,continuous,102338.0,102361.1,102300.5,102350.7,7203094.532300007
2025-11-08 23:11:59.930000+00:00,2025-11-08 23:09:00+00:00,continuous,102350.7,102360.0,102298.5,102355.2,7717304.684200006
2025-11-08 23:14:59.513000+00:00,2025-11-08 23:12:00+00:00,continuous,102355.2,102375.1,102326.0,102326.1,5382243.162399998
2025-11-08 23:17:59.333000+00:00,2025-11-08 23:15:00+00:00,continuous,102326.0,102371.0,102319.9,102345.6,7886023.548899995
2025-11-08 23:20:59.855000+00:00,2025-11-08 23:18:00+00:00,continuous,102345.6,102393.4,102335.5,102382.2,9740624.372900004
2025-11-08 23:23:59.218000+00:00,2025-11-08 23:21:00+00:00,continuous,102382.1,102391.8,102348.5,102390.8,4110510.820000005
2025-11-08 23:26:59.849000+00:00,2025-11-08 23:24:00+00:00,continuous,102390.8,102392.4,102382.0,102392.3,5425884.091900007
2025-11-08 23:29:59.636000+00:00,2025-11-08 23:27:00+00:00,continuous,102392.3,102410.0,102382.0,102410.0,7042606.484400002
2025-11-08 23:32:58.150000+00:00,2025-11-08 23:30:00+00:00,continuous,102410.0,102443.9,102386.0,102386.1,9749846.007300008
2025-11-08 23:35:59.571000+00:00,2025-11-08 23:33:00+00:00,continuous,102386.1,102386.1,102343.2,102363.4,5628880.599999995
2025-11-08 23:38:59.970000+00:00,2025-11-08 23:36:00+00:00,continuous,102363.4,102363.5,102274.2,102274.2,6239013.324100001
2025-11-08 23:41:59.248000+00:00,2025-11-08 23:39:00+00:00,continuous,102274.2,102347.0,102274.2,102326.0,4219633.789900007
2025-11-08 23:44:59.350000+00:00,2025-11-08 23:42:00+00:00,continuous,102326.0,102341.0,102318.4,102328.5,1849546.2436999953
2025-11-08 23:47:59.951000+00:00,2025-11-08 23:45:00+00:00,continuous,102328.6,102332.1,102254.4,102254.5,7344110.025000002
2025-11-08 23:50:59.628000+00:00,2025-11-08 23:48:00+00:00,continuous,102254.4,102324.0,102253.2,102253.2,11634269.81600001
2025-11-08 23:53:59.884000+00:00,2025-11-08 23:51:00+00:00,continuous,102253.2,102281.3,102233.8,102281.3,5685275.076299968
2025-11-08 23:56:59.960000+00:00,2025-11-08 23:54:00+00:00,continuous,102281.3,102281.3,102252.0,102252.1,2814390.0502999965
2025-11-08 23:59:59.931000+00:00,2025-11-08 23:57:00+00:00,continuous,102252.0,102269.3,102243.4,102269.3,4974472.761199984
2025-11-09 00:02:59.550000+00:00,2025-11-09 00:00:00+00:00,continuous,102269.3,102277.8,102229.5,102265.3,8790454.707200011
2025-11-09 00:05:59.385000+00:00,2025-11-09 00:03:00+00:00,continuous,102265.3,102294.9,102239.1,102265.8,12664225.385999996
2025-11-09 00:08:59.970000+00:00,2025-11-09 00:06:00+00:00,continuous,102265.8,102290.0,102178.9,102193.6,13137008.89250002
2025-11-09 00:11:59.310000+00:00,2025-11-09 00:09:00+00:00,continuous,102193.7,102231.9,102179.4,102216.9,7387868.5747000035
2025-11-09 00:14:59.983000+00:00,2025-11-09 00:12:00+00:00,continuous,102216.9,102217.0,102004.9,102004.9,19634693.190799993
2025-11-09 00:17:59.766000+00:00,2025-11-09 00:15:00+00:00,continuous,102004.9,102024.6,101902.9,101910.8,17291642.20240002
2025-11-09 00:20:59.928000+00:00,2025-11-09 00:18:00+00:00,continuous,101910.7,101910.8,101571.0,101697.6,68021370.22719976
2025-11-09 00:23:59.954000+00:00,2025-11-09 00:21:00+00:00,continuous,101697.7,101800.0,101677.2,101726.8,18248229.857799985
2025-11-09 00:26:59.949000+00:00,2025-11-09 00:24:00+00:00,continuous,101726.9,101777.2,101691.9,101713.0,12028777.149699993
2025-11-09 00:29:59.676000+00:00,2025-11-09 00:27:00+00:00,continuous,101713.0,101761.8,101672.8,101735.1,7903921.564599992
2025-11-09 00:32:59.374000+00:00,2025-11-09 00:30:00+00:00,continuous,101735.1,101855.7,101735.1,101848.0,13187276.275699975
2025-11-09 00:35:59.952000+00:00,2025-11-09 00:33:00+00:00,continuous,101847.9,101937.5,101826.6,101937.4,15314538.998999996
2025-11-09 00:38:58.826000+00:00,2025-11-09 00:36:00+00:00,continuous,101937.5,101937.5,101866.0,101898.8,7739238.803
2025-11-09 00:41:59.729000+00:00,2025-11-09 00:39:00+00:00,continuous,101898.8,102036.1,101898.8,102001.1,13465975.149099965
2025-11-09 00:44:59.988000+00:00,2025-11-09 00:42:00+00:00,continuous,102001.1,102001.1,101946.5,101970.9,6721775.647400001
2025-11-09 00:47:59.615000+00:00,2025-11-09 00:45:00+00:00,continuous,101970.9,101972.5,101888.8,101905.6,7923791.211499998
2025-11-09 00:50:59.727000+00:00,2025-11-09 00:48:00+00:00,continuous,101905.5,101937.6,101890.0,101890.1,5496144.197099996
2025-11-09 00:53:59.651000+00:00,2025-11-09 00:51:00+00:00,continuous,101890.0,101890.1,101805.4,101833.2,9996916.597000003
2025-11-09 00:56:59.698000+00:00,2025-11-09 00:54:00+00:00,continuous,101833.2,101857.0,101694.8,101719.7,14464246.090800004
2025-11-09 00:59:59.219000+00:00,2025-11-09 00:57:00+00:00,continuous,101719.7,101750.0,101680.4,101749.9,13841444.702600012
2025-11-09 01:02:58.935000+00:00,2025-11-09 01:00:00+00:00,continuous,101749.9,101813.2,101727.8,101788.0,8345565.73610001
2025-11-09 01:05:58.857000+00:00,2025-11-09 01:03:00+00:00,continuous,101788.0,101899.9,101788.0,101821.9,7395086.150299994
2025-11-09 01:08:59.675000+00:00,2025-11-09 01:06:00+00:00,continuous,101821.8,101960.2,101821.8,101950.9,8280987.895899987
2025-11-09 01:11:59.711000+00:00,2025-11-09 01:09:00+00:00,continuous,101950.8,101951.0,101811.9,101811.9,9515328.980900005
2025-11-09 01:14:58.808000+00:00,2025-11-09 01:12:00+00:00,continuous,101811.9,101920.0,101770.2,101920.0,9173116.819799999
2025-11-09 01:17:59.306000+00:00,2025-11-09 01:15:00+00:00,continuous,101920.0,101964.5,101874.9,101878.9,10624241.652400026
2025-11-09 01:20:59.949000+00:00,2025-11-09 01:18:00+00:00,continuous,101879.0,101914.4,101878.9,101882.1,3414407.259800001
2025-11-09 01:23:59.956000+00:00,2025-11-09 01:21:00+00:00,continuous,101882.2,101882.2,101865.4,101865.4,3004042.9887999957
2025-11-09 01:26:59.256000+00:00,2025-11-09 01:24:00+00:00,continuous,101865.4,101865.5,101791.4,101791.4,7222252.755299989
2025-11-09 01:29:59.854000+00:00,2025-11-09 01:27:00+00:00,continuous,101791.4,101800.0,101682.1,101799.9,12123530.63610001
2025-11-09 01:32:59.995000+00:00,2025-11-09 01:30:00+00:00,continuous,101799.9,101816.0,101637.2,101637.2,11710465.659900017
2025-11-09 01:35:58.986000+00:00,2025-11-09 01:33:00+00:00,continuous,101637.2,101738.0,101637.2,101737.2,7833870.347599996
2025-11-09 01:38:59.179000+00:00,2025-11-09 01:36:00+00:00,continuous,101737.2,101876.0,101737.1,101798.8,8476032.734000005
2025-11-09 01:41:59.166000+00:00,2025-11-09 01:39:00+00:00,continuous,101798.6,101843.9,101794.9,101827.8,3796111.143000006
2025-11-09 01:44:59.714000+00:00,2025-11-09 01:42:00+00:00,continuous,101827.8,101960.0,101827.7,101960.0,8562559.125000006
2025-11-09 01:47:59.848000+00:00,2025-11-09 01:45:00+00:00,continuous,101960.0,102069.8,101960.0,101995.6,14246316.346500034
2025-11-09 01:50:59.943000+00:00,2025-11-09 01:48:00+00:00,continuous,101995.5,102061.2,101989.8,102030.6,8812754.056000004
2025-11-09 01:53:59.983000+00:00,2025-11-09 01:51:00+00:00,continuous,102030.6,102030.6,101973.1,101985.0,3837250.117599999
2025-11-09 01:56:59.718000+00:00,2025-11-09 01:54:00+00:00,continuous,101984.9,102053.9,101931.0,102053.8,6903968.003500028
2025-11-09 01:59:59.002000+00:00,2025-11-09 01:57:00+00:00,continuous,102053.8,102053.9,101979.6,101995.4,5150529.058300002
2025-11-09 02:02:59.372000+00:00,2025-11-09 02:00:00+00:00,continuous,101995.4,101995.5,101936.0,101948.8,8268462.726500015
2025-11-09 02:05:59.723000+00:00,2025-11-09 02:03:00+00:00,continuous,101948.8,101959.3,101925.1,101951.7,4818545.207100004
2025-11-09 02:08:59.866000+00:00,2025-11-09 02:06:00+00:00,continuous,101951.7,101951.8,101805.0,101860.9,10719994.87279999
2025-11-09 02:11:59.602000+00:00,2025-11-09 02:09:00+00:00,continuous,101860.9,101879.4,101814.5,101814.5,6681857.321200005
2025-11-09 02:14:59.818000+00:00,2025-11-09 02:12:00+00:00,continuous,101814.6,101839.7,101769.3,101839.6,5389824.226799989
2025-11-09 02:17:59.679000+00:00,2025-11-09 02:15:00+00:00,continuous,101839.6,101845.0,101784.7,101806.5,5810930.730299993
2025-11-09 02:20:59.938000+00:00,2025-11-09 02:18:00+00:00,continuous,101806.5,101812.9,101768.3,101795.6,5511967.992899978
2025-11-09 02:23:59.820000+00:00,2025-11-09 02:21:00+00:00,continuous,101795.6,101948.8,101795.5,101918.6,5046642.904600004
2025-11-09 02:26:59.840000+00:00,2025-11-09 02:24:00+00:00,continuous,101918.6,101948.9,101910.4,101923.3,3006719.0768000013
2025-11-09 02:29:59.889000+00:00,2025-11-09 02:27:00+00:00,continuous,101923.2,101923.2,101830.9,101864.6,8223297.267699985
2025-11-09 02:32:59.363000+00:00,2025-11-09 02:30:00+00:00,continuous,101864.6,101864.6,101800.0,101835.5,5510336.869199992
2025-11-09 02:35:59.211000+00:00,2025-11-09 02:33:00+00:00,continuous,101835.5,101852.5,101750.0,101767.2,12433050.49089997
2025-11-09 02:38:59.783000+00:00,2025-11-09 02:36:00+00:00,continuous,101767.2,101846.3,101767.1,101769.1,6911875.598799998
2025-11-09 02:41:59.476000+00:00,2025-11-09 02:39:00+00:00,continuous,101769.2,101772.1,101720.9,101756.3,10114756.532300012
2025-11-09 02:44:59.473000+00:00,2025-11-09 02:42:00+00:00,continuous,101756.3,101832.5,101711.5,101757.9,8980431.585599981
2025-11-09 02:47:59.173000+00:00,2025-11-09 02:45:00+00:00,continuous,101757.8,101806.3,101752.2,101780.8,5969258.450500005
2025-11-09 02:50:59.888000+00:00,2025-11-09 02:48:00+00:00,continuous,101780.8,101870.0,101780.7,101806.6,6122337.3383
2025-11-09 02:53:59.713000+00:00,2025-11-09 02:51:00+00:00,continuous,101806.6,101811.3,101654.0,101686.0,12385772.015199998
2025-11-09 02:56:59.914000+00:00,2025-11-09 02:54:00+00:00,continuous,101686.0,101712.8,101658.0,101672.7,9342925.175900003
2025-11-09 02:59:59.917000+00:00,2025-11-09 02:57:00+00:00,continuous,101672.7,101685.1,101523.9,101589.7,26047986.776799936
2025-11-09 03:02:59.685000+00:00,2025-11-09 03:00:00+00:00,continuous,101589.7,101663.9,101558.0,101641.3,11934190.778699992
2025-11-09 03:05:59.926000+00:00,2025-11-09 03:03:00+00:00,continuous,101641.3,101666.6,101535.0,101535.0,10920799.729199989
2025-11-09 03:08:59.663000+00:00,2025-11-09 03:06:00+00:00,continuous,101535.0,101619.1,101500.0,101600.0,16652807.177499985
2025-11-09 03:11:59.910000+00:00,2025-11-09 03:09:00+00:00,continuous,101600.0,101771.9,101594.0,101761.5,10987238.5485
2025-11-09 03:14:59.688000+00:00,2025-11-09 03:12:00+00:00,continuous,101761.6,101761.6,101651.0,101666.0,11012449.959500002
2025-11-09 03:17:59.739000+00:00,2025-11-09 03:15:00+00:00,continuous,101666.1,101745.3,101656.2,101684.1,7224927.252100005
2025-11-09 03:20:59.830000+00:00,2025-11-09 03:18:00+00:00,continuous,101684.1,101771.0,101683.4,101768.5,7515336.7765999995
2025-11-09 03:23:59.697000+00:00,2025-11-09 03:21:00+00:00,continuous,101768.5,101771.0,101645.8,101645.8,5539804.044600002
2025-11-09 03:26:59.993000+00:00,2025-11-09 03:24:00+00:00,continuous,101645.7,101645.7,101469.0,101510.6,32300882.895400044
2025-11-09 03:29:59.690000+00:00,2025-11-09 03:27:00+00:00,continuous,101510.7,101512.0,101300.0,101466.8,39909240.92999999
2025-11-09 03:32:59.694000+00:00,2025-11-09 03:30:00+00:00,continuous,101466.8,101567.2,101466.8,101563.2,14135090.15619996
2025-11-09 03:35:59.958000+00:00,2025-11-09 03:33:00+00:00,continuous,101563.2,101566.4,101442.9,101442.9,8411655.177499996
2025-11-09 03:38:59.689000+00:00,2025-11-09 03:36:00+00:00,continuous,101442.9,101602.5,101427.2,101567.2,11437548.22549995
2025-11-09 03:41:59.686000+00:00,2025-11-09 03:39:00+00:00,continuous,101567.2,101668.4,101550.0,101668.3,11358058.08679999
2025-11-09 03:44:59.686000+00:00,2025-11-09 03:42:00+00:00,continuous,101668.4,101716.5,101601.0,101601.0,11910047.53300001
2025-11-09 03:47:59.686000+00:00,2025-11-09 03:45:00+00:00,continuous,101601.0,101601.0,101488.1,101539.2,10399821.840699999
2025-11-09 03:50:59.692000+00:00,2025-11-09 03:48:00+00:00,continuous,101539.3,101645.8,101539.3,101587.2,6539084.278399997
2025-11-09 03:53:59.915000+00:00,2025-11-09 03:51:00+00:00,continuous,101587.3,101699.9,101587.2,101676.2,10894397.080800002
2025-11-09 03:56:59.907000+00:00,2025-11-09 03:54:00+00:00,continuous,101676.2,101699.8,101612.5,101644.7,13135128.456200046
2025-11-09 03:59:59.687000+00:00,2025-11-09 03:57:00+00:00,continuous,101644.6,101676.9,101602.0,101622.9,5387344.998799998
2025-11-09 04:02:59.767000+00:00,2025-11-09 04:00:00+00:00,continuous,101623.0,101668.2,101602.1,101617.6,6312104.0423000045
2025-11-09 04:05:59.929000+00:00,2025-11-09 04:03:00+00:00,continuous,101617.6,101666.3,101602.5,101638.7,5766126.706700001
2025-11-09 04:08:59.695000+00:00,2025-11-09 04:06:00+00:00,continuous,101638.8,101716.2,101619.1,101641.8,10851920.67390003
2025-11-09 04:11:59.919000+00:00,2025-11-09 04:09:00+00:00,continuous,101641.9,101779.6,101641.8,101779.5,8773546.747200007
2025-11-09 04:14:59.909000+00:00,2025-11-09 04:12:00+00:00,continuous,101779.6,101795.0,101747.3,101795.0,10248017.666299976
2025-11-09 04:17:59.693000+00:00,2025-11-09 04:15:00+00:00,continuous,101794.9,101906.7,101780.0,101906.6,16248331.85959996
2025-11-09 04:20:59.909000+00:00,2025-11-09 04:18:00+00:00,continuous,101906.6,102091.7,101906.6,102063.9,42908924.52470019
2025-11-09 04:23:59.982000+00:00,2025-11-09 04:21:00+00:00,continuous,102063.9,102097.0,101977.9,102009.9,16308916.127499966
2025-11-09 04:26:59.793000+00:00,2025-11-09 04:24:00+00:00,continuous,102009.9,102015.3,101961.1,101988.8,9723721.98229999
2025-11-09 04:29:59.962000+00:00,2025-11-09 04:27:00+00:00,continuous,101988.8,102046.9,101974.7,102030.0,7522252.453500005
2025-11-09 04:32:59.955000+00:00,2025-11-09 04:30:00+00:00,continuous,102030.0,102057.9,101985.4,101985.4,7918863.873799997
2025-11-09 04:35:59.617000+00:00,2025-11-09 04:33:00+00:00,continuous,101985.4,102000.0,101891.6,101891.6,7743552.936000014
2025-11-09 04:38:59.746000+00:00,2025-11-09 04:36:00+00:00,continuous,101891.7,102000.0,101891.6,101929.7,11004137.409599993
2025-11-09 04:41:59.938000+00:00,2025-11-09 04:39:00+00:00,continuous,101929.8,101950.8,101837.3,101837.3,14289288.3254
2025-11-09 04:44:59.904000+00:00,2025-11-09 04:42:00+00:00,continuous,101837.4,101838.7,101810.4,101835.4,6946790.206500019
2025-11-09 04:47:59.943000+00:00,2025-11-09 04:45:00+00:00,continuous,101835.4,101855.4,101750.0,101750.0,8060932.747499999
2025-11-09 04:50:59.948000+00:00,2025-11-09 04:48:00+00:00,continuous,101750.0,101815.7,101731.1,101750.1,8489763.774500003
2025-11-09 04:53:59.810000+00:00,2025-11-09 04:51:00+00:00,continuous,101750.1,101768.4,101684.4,101684.4,9547517.381000018
2025-11-09 04:56:59.098000+00:00,2025-11-09 04:54:00+00:00,continuous,101684.3,101688.0,101655.2,101683.4,12223447.540199958
2025-11-09 04:59:59.847000+00:00,2025-11-09 04:57:00+00:00,continuous,101683.4,101719.1,101673.8,101673.8,7089321.3590999935
2025-11-09 05:02:59.933000+00:00,2025-11-09 05:00:00+00:00,continuous,101673.8,101678.5,101650.0,101650.0,5533824.525199996
2025-11-09 05:05:59.969000+00:00,2025-11-09 05:03:00+00:00,continuous,101650.0,101764.3,101650.0,101710.4,11256109.070700025
2025-11-09 05:08:59.704000+00:00,2025-11-09 05:06:00+00:00,continuous,101710.1,101716.8,101627.5,101628.9,11410318.628000002
2025-11-09 05:11:59.859000+00:00,2025-11-09 05:09:00+00:00,continuous,101628.8,101748.7,101628.8,101722.9,9911563.151299978
2025-11-09 05:14:59.875000+00:00,2025-11-09 05:12:00+00:00,continuous,101722.9,101748.6,101683.5,101746.5,12722107.7456
2025-11-09 05:17:59.815000+00:00,2025-11-09 05:15:00+00:00,continuous,101746.6,101822.5,101746.6,101779.0,13736279.499699991
2025-11-09 05:20:59.621000+00:00,2025-11-09 05:18:00+00:00,continuous,101779.0,101849.0,101774.2,101800.1,11594518.480600018
2025-11-09 05:23:59.722000+00:00,2025-11-09 05:21:00+00:00,continuous,101800.2,101800.2,101716.2,101759.9,7021685.442200007
2025-11-09 05:26:59.038000+00:00,2025-11-09 05:24:00+00:00,continuous,101760.0,101842.9,101760.0,101842.9,9520928.427399997
2025-11-09 05:29:59.769000+00:00,2025-11-09 05:27:00+00:00,continuous,101842.8,101950.0,101810.0,101932.7,16386365.595499998
2025-11-09 05:32:59.818000+00:00,2025-11-09 05:30:00+00:00,continuous,101932.7,101988.2,101810.1,101849.5,15195040.09529999
2025-11-09 05:35:59.352000+00:00,2025-11-09 05:33:00+00:00,continuous,101849.6,101849.7,101741.6,101741.6,9650540.406099996
2025-11-09 05:38:58.894000+00:00,2025-11-09 05:36:00+00:00,continuous,101741.6,101824.2,101685.2,101824.2,8684318.246299993
2025-11-09 05:41:59.969000+00:00,2025-11-09 05:39:00+00:00,continuous,101824.2,101880.4,101803.4,101841.3,5313923.106599999
2025-11-09 05:44:59.736000+00:00,2025-11-09 05:42:00+00:00,continuous,101841.3,101841.3,101751.0,101751.1,4229073.4877999965
2025-11-09 05:47:59.671000+00:00,2025-11-09 05:45:00+00:00,continuous,101751.1,101824.3,101740.6,101818.0,8813544.2541
2025-11-09 05:50:59.949000+00:00,2025-11-09 05:48:00+00:00,continuous,101818.0,101853.7,101795.7,101814.5,5182497.597499989
2025-11-09 05:53:59.319000+00:00,2025-11-09 05:51:00+00:00,continuous,101814.5,101868.5,101814.4,101842.9,3139150.0964000113
2025-11-09 05:56:59.590000+00:00,2025-11-09 05:54:00+00:00,continuous,101842.9,101856.2,101804.7,101844.3,5941975.544100011
2025-11-09 05:59:59.540000+00:00,2025-11-09 05:57:00+00:00,continuous,101844.3,101880.0,101844.3,101879.9,8473158.662299994
2025-11-09 06:02:59.234000+00:00,2025-11-09 06:00:00+00:00,continuous,101880.0,101907.0,101849.7,101859.0,5618574.737299995
2025-11-09 06:05:59.895000+00:00,2025-11-09 06:03:00+00:00,continuous,101859.0,101907.9,101774.8,101807.3,7729264.261899996
2025-11-09 06:08:59.865000+00:00,2025-11-09 06:06:00+00:00,continuous,101807.3,101820.7,101785.5,101785.5,6546595.377200004
2025-11-09 06:11:59.332000+00:00,2025-11-09 06:09:00+00:00,continuous,101785.5,101820.7,101785.5,101786.1,4079537.60749999
2025-11-09 06:14:59.749000+00:00,2025-11-09 06:12:00+00:00,continuous,101786.1,101836.7,101758.9,101836.7,7256324.512299981
2025-11-09 06:17:59.676000+00:00,2025-11-09 06:15:00+00:00,continuous,101836.6,101843.9,101778.5,101843.8,7774647.281199991
2025-11-09 06:20:59.616000+00:00,2025-11-09 06:18:00+00:00,continuous,101843.8,101890.9,101826.6,101826.7,8320497.751299996
2025-11-09 06:23:59.654000+00:00,2025-11-09 06:21:00+00:00,continuous,101826.7,101841.9,101811.8,101841.9,6785690.6858000215
2025-11-09 06:26:59.527000+00:00,2025-11-09 06:24:00+00:00,continuous,101841.8,101849.1,101813.0,101813.1,3973065.5965999933
2025-11-09 06:29:59.773000+00:00,2025-11-09 06:27:00+00:00,continuous,101813.0,101846.6,101813.0,101836.9,3479524.024799999
2025-11-09 06:32:59.326000+00:00,2025-11-09 06:30:00+00:00,continuous,101836.9,101836.9,101766.1,101766.1,5003995.951000007
2025-11-09 06:35:59.429000+00:00,2025-11-09 06:33:00+00:00,continuous,101766.1,101827.2,101766.0,101791.3,5751838.196200015
2025-11-09 06:38:59.610000+00:00,2025-11-09 06:36:00+00:00,continuous,101791.3,101794.3,101764.0,101764.0,5274874.594500012
2025-11-09 06:41:59.760000+00:00,2025-11-09 06:39:00+00:00,continuous,101764.0,101922.7,101764.0,101900.8,8211401.022699983
2025-11-09 06:44:59.923000+00:00,2025-11-09 06:42:00+00:00,continuous,101900.8,101900.9,101855.0,101895.0,3923456.7703999947
2025-11-09 06:47:59.854000+00:00,2025-11-09 06:45:00+00:00,continuous,101895.0,101923.0,101762.8,101762.8,7997263.712500006
2025-11-09 06:50:59.427000+00:00,2025-11-09 06:48:00+00:00,continuous,101762.9,101805.7,101754.8,101785.3,7081102.037800005
2025-11-09 06:53:59.538000+00:00,2025-11-09 06:51:00+00:00,continuous,101785.3,101785.3,101706.5,101706.6,7980122.346399997
2025-11-09 06:56:59.997000+00:00,2025-11-09 06:54:00+00:00,continuous,101706.7,101717.0,101657.5,101657.5,9685388.66259999
2025-11-09 06:59:59.878000+00:00,2025-11-09 06:57:00+00:00,continuous,101657.5,101700.0,101650.0,101698.9,6061676.669300001
2025-11-09 07:02:59.968000+00:00,2025-11-09 07:00:00+00:00,continuous,101698.8,101722.5,101618.3,101698.7,15453698.572200017
2025-11-09 07:05:59.950000+00:00,2025-11-09 07:03:00+00:00,continuous,101698.9,101750.2,101667.2,101738.5,11578534.63510002
2025-11-09 07:08:59.872000+00:00,2025-11-09 07:06:00+00:00,continuous,101738.5,101756.9,101654.7,101726.8,7875582.878500008
2025-11-09 07:11:59.714000+00:00,2025-11-09 07:09:00+00:00,continuous,101726.9,101787.9,101699.4,101787.9,4630818.3199000005
2025-11-09 07:14:59.714000+00:00,2025-11-09 07:12:00+00:00,continuous,101787.8,101846.0,101755.7,101755.7,6250131.378899993
2025-11-09 07:17:57.787000+00:00,2025-11-09 07:15:00+00:00,continuous,101755.7,101755.7,101689.2,101750.0,7639844.887400013
2025-11-09 07:20:59.255000+00:00,2025-11-09 07:18:00+00:00,continuous,101750.1,101755.0,101700.0,101740.2,3941138.7038000016
2025-11-09 07:23:59.286000+00:00,2025-11-09 07:21:00+00:00,continuous,101740.2,101752.7,101721.8,101740.0,3546432.016900002
2025-11-09 07:26:59.393000+00:00,2025-11-09 07:24:00+00:00,continuous,101740.0,101799.8,101724.8,101748.6,8280736.097099992
2025-11-09 07:29:59.929000+00:00,2025-11-09 07:27:00+00:00,continuous,101748.6,101775.6,101748.5,101749.6,3411088.7410000004
2025-11-09 07:32:58.913000+00:00,2025-11-09 07:30:00+00:00,continuous,101749.7,101780.0,101731.4,101775.7,5526813.026300003
2025-11-09 07:35:58.990000+00:00,2025-11-09 07:33:00+00:00,continuous,101775.7,101846.0,101772.5,101845.4,10066646.3863
2025-11-09 07:38:59.937000+00:00,2025-11-09 07:36:00+00:00,continuous,101845.4,101860.0,101810.0,101810.0,5747124.608999993
2025-11-09 07:41:59.820000+00:00,2025-11-09 07:39:00+00:00,continuous,101810.1,101866.6,101810.0,101831.4,7143070.135699992
2025-11-09 07:44:59.559000+00:00,2025-11-09 07:42:00+00:00,continuous,101831.4,101848.7,101814.3,101819.7,3908342.4045999986
2025-11-09 07:47:59.893000+00:00,2025-11-09 07:45:00+00:00,continuous,101819.6,101854.3,101814.1,101842.7,7903154.250999994
2025-11-09 07:50:59.913000+00:00,2025-11-09 07:48:00+00:00,continuous,101842.8,101917.6,101842.7,101894.8,13372372.01610001
2025-11-09 07:53:59.424000+00:00,2025-11-09 07:51:00+00:00,continuous,101894.7,101921.5,101815.0,101815.1,6628795.572799999
2025-11-09 07:56:59.837000+00:00,2025-11-09 07:54:00+00:00,continuous,101815.1,101893.3,101810.5,101860.3,6940988.395499989
2025-11-09 07:59:59.694000+00:00,2025-11-09 07:57:00+00:00,continuous,101860.4,101930.0,101860.3,101898.2,7833331.000399997
2025-11-09 08:02:59.801000+00:00,2025-11-09 08:00:00+00:00,continuous,101898.3,101914.7,101857.7,101899.1,6072474.211900007
2025-11-09 08:05:59.879000+00:00,2025-11-09 08:03:00+00:00,continuous,101899.2,101899.2,101850.0,101857.3,6380290.939800009
2025-11-09 08:08:59.738000+00:00,2025-11-09 08:06:00+00:00,continuous,101857.2,101918.2,101834.8,101918.2,5268513.788700002
2025-11-09 08:11:59.434000+00:00,2025-11-09 08:09:00+00:00,continuous,101918.1,101918.1,101871.8,101871.8,2955390.3225000007
2025-11-09 08:14:59.894000+00:00,2025-11-09 08:12:00+00:00,continuous,101871.8,101935.3,101866.6,101934.1,8593351.442000002
2025-11-09 08:17:59.935000+00:00,2025-11-09 08:15:00+00:00,continuous,101934.0,102008.3,101901.7,101982.0,25793471.70899999
2025-11-09 08:20:59.620000+00:00,2025-11-09 08:18:00+00:00,continuous,101981.9,101981.9,101882.0,101882.1,5510857.140100006
2025-11-09 08:23:59.964000+00:00,2025-11-09 08:21:00+00:00,continuous,101882.0,101882.1,101759.9,101812.9,8503582.395499995
2025-11-09 08:26:59.877000+00:00,2025-11-09 08:24:00+00:00,continuous,101812.9,101836.1,101780.0,101821.6,10631634.807100002
2025-11-09 08:29:59.804000+00:00,2025-11-09 08:27:00+00:00,continuous,101821.6,101895.1,101821.6,101895.1,3551118.2975999974
2025-11-09 08:32:59.990000+00:00,2025-11-09 08:30:00+00:00,continuous,101895.1,102009.2,101895.0,101943.0,11623861.631699992
2025-11-09 08:35:59.785000+00:00,2025-11-09 08:33:00+00:00,continuous,101943.1,101943.1,101818.0,101818.1,6979192.709200021
2025-11-09 08:38:59.831000+00:00,2025-11-09 08:36:00+00:00,continuous,101818.1,101917.4,101800.7,101883.3,4837150.083599987
2025-11-09 08:41:59.859000+00:00,2025-11-09 08:39:00+00:00,continuous,101883.4,101893.8,101855.3,101875.0,2631466.2235999997
2025-11-09 08:44:59.469000+00:00,2025-11-09 08:42:00+00:00,continuous,101875.0,101883.3,101850.0,101883.3,2282834.292100006
2025-11-09 08:47:59.890000+00:00,2025-11-09 08:45:00+00:00,continuous,101883.3,101888.0,101844.8,101888.0,3487556.499699998
2025-11-09 08:50:59.567000+00:00,2025-11-09 08:48:00+00:00,continuous,101888.0,101900.0,101824.8,101848.1,4748700.792700009
2025-11-09 08:53:59.471000+00:00,2025-11-09 08:51:00+00:00,continuous,101848.1,101861.9,101834.0,101861.9,2265107.1545000025
2025-11-09 08:56:59.795000+00:00,2025-11-09 08:54:00+00:00,continuous,101861.9,101920.0,101848.5,101920.0,6105801.472700013
2025-11-09 08:59:59.764000+00:00,2025-11-09 08:57:00+00:00,continuous,101920.0,101938.4,101893.6,101938.3,3608730.108699998
2025-11-09 09:02:59.611000+00:00,2025-11-09 09:00:00+00:00,continuous,101938.4,101990.9,101938.4,101970.7,12918075.651200028
2025-11-09 09:05:59.489000+00:00,2025-11-09 09:03:00+00:00,continuous,101970.6,101980.0,101931.8,101973.9,5925415.482300006
2025-11-09 09:08:59.871000+00:00,2025-11-09 09:06:00+00:00,continuous,101974.0,101974.0,101920.1,101933.0,4057183.2904
2025-11-09 09:11:59.956000+00:00,2025-11-09 09:09:00+00:00,continuous,101933.1,102005.0,101933.0,102005.0,12628248.717400001
2025-11-09 09:14:59.841000+00:00,2025-11-09 09:12:00+00:00,continuous,102005.0,102079.1,102004.9,102009.2,18826441.262800023
2025-11-09 09:17:59.195000+00:00,2025-11-09 09:15:00+00:00,continuous,102009.2,102029.3,101929.8,101996.0,12582531.130799998
2025-11-09 09:20:59.988000+00:00,2025-11-09 09:18:00+00:00,continuous,101996.1,102069.9,101996.0,102069.9,5853390.876999997
2025-11-09 09:23:59.992000+00:00,2025-11-09 09:21:00+00:00,continuous,102069.9,102087.1,102036.4,102064.5,12040962.876200028
2025-11-09 09:26:59.097000+00:00,2025-11-09 09:24:00+00:00,continuous,102064.5,102072.0,101977.8,101977.8,7199902.307499996
2025-11-09 09:29:59.484000+00:00,2025-11-09 09:27:00+00:00,continuous,101977.8,101977.9,101834.6,101914.1,19669060.199799977
2025-11-09 09:32:59.613000+00:00,2025-11-09 09:30:00+00:00,continuous,101914.2,101936.2,101872.8,101907.2,5779067.492699993
2025-11-09 09:35:59.992000+00:00,2025-11-09 09:33:00+00:00,continuous,101907.2,101964.4,101869.3,101964.3,11194233.167300003
2025-11-09 09:38:59.752000+00:00,2025-11-09 09:36:00+00:00,continuous,101964.4,102000.0,101883.1,101925.6,9621133.094100025
2025-11-09 09:41:59.788000+00:00,2025-11-09 09:39:00+00:00,continuous,101925.6,101965.2,101925.5,101932.8,3086816.007799998
2025-11-09 09:44:59.956000+00:00,2025-11-09 09:42:00+00:00,continuous,101932.8,101943.0,101851.8,101862.5,5267171.768800002
2025-11-09 09:47:59.775000+00:00,2025-11-09 09:45:00+00:00,continuous,101862.5,101862.6,101723.9,101758.9,17161398.499199994
2025-11-09 09:50:59.906000+00:00,2025-11-09 09:48:00+00:00,continuous,101758.9,101791.0,101703.2,101730.1,20234183.401699986
2025-11-09 09:53:59.747000+00:00,2025-11-09 09:51:00+00:00,continuous,101730.0,101736.1,101601.7,101611.0,25786370.350200046
2025-11-09 09:56:59.689000+00:00,2025-11-09 09:54:00+00:00,continuous,101611.1,101624.7,101566.7,101598.2,28155480.398100007
2025-11-09 09:59:59.819000+00:00,2025-11-09 09:57:00+00:00,continuous,101598.2,101655.0,101586.9,101602.2,19872770.720700044
2025-11-09 10:02:59.900000+00:00,2025-11-09 10:00:00+00:00,continuous,101602.3,101622.7,101500.0,101555.7,37938480.41939997
2025-11-09 10:05:59.913000+00:00,2025-11-09 10:03:00+00:00,continuous,101555.6,101586.0,101485.2,101540.6,20860297.166
2025-11-09 10:08:59.890000+00:00,2025-11-09 10:06:00+00:00,continuous,101540.6,101578.2,101457.0,101559.5,23166497.759299926
2025-11-09 10:11:59.812000+00:00,2025-11-09 10:09:00+00:00,continuous,101559.5,101574.8,101512.0,101512.0,10575873.842000015
2025-11-09 10:14:59.712000+00:00,2025-11-09 10:12:00+00:00,continuous,101512.0,101581.1,101485.8,101575.6,11318114.896199983
2025-11-09 10:17:59.949000+00:00,2025-11-09 10:15:00+00:00,continuous,101575.6,101676.4,101543.1,101543.1,13832251.459499978
2025-11-09 10:20:59.954000+00:00,2025-11-09 10:18:00+00:00,continuous,101543.0,101582.1,101471.5,101489.4,23726472.76600003
2025-11-09 10:23:59.622000+00:00,2025-11-09 10:21:00+00:00,continuous,101489.5,101625.0,101480.0,101620.4,9882021.55470001
2025-11-09 10:26:59.749000+00:00,2025-11-09 10:24:00+00:00,continuous,101620.4,101686.1,101620.3,101672.8,13000515.119600024
2025-11-09 10:29:59.963000+00:00,2025-11-09 10:27:00+00:00,continuous,101672.7,101751.0,101672.7,101715.9,13512191.544500042
2025-11-09 10:32:59.998000+00:00,2025-11-09 10:30:00+00:00,continuous,101715.8,101715.9,101600.0,101607.7,9552230.761199974
2025-11-09 10:35:59.851000+00:00,2025-11-09 10:33:00+00:00,continuous,101607.6,101611.8,101550.0,101589.6,8316116.7605000045
2025-11-09 10:38:59.969000+00:00,2025-11-09 10:36:00+00:00,continuous,101589.5,101589.6,101546.9,101581.9,7003469.340900014
2025-11-09 10:41:59.993000+00:00,2025-11-09 10:39:00+00:00,continuous,101581.9,101650.0,101558.0,101633.9,6052124.780800002
2025-11-09 10:44:59.571000+00:00,2025-11-09 10:42:00+00:00,continuous,101633.9,101725.5,101620.2,101721.0,5922630.5269
2025-11-09 10:47:59.851000+00:00,2025-11-09 10:45:00+00:00,continuous,101721.0,101808.0,101720.9,101807.9,12639793.853899987
2025-11-09 10:50:59.695000+00:00,2025-11-09 10:48:00+00:00,continuous,101807.9,101884.3,101783.7,101845.0,19254327.007600002
2025-11-09 10:53:59.874000+00:00,2025-11-09 10:51:00+00:00,continuous,101845.1,101845.1,101804.8,101815.4,7674447.140900005
2025-11-09 10:56:59.529000+00:00,2025-11-09 10:54:00+00:00,continuous,101815.4,101821.8,101757.1,101770.8,7012896.074999991
2025-11-09 10:59:59.634000+00:00,2025-11-09 10:57:00+00:00,continuous,101770.7,101829.4,101770.7,101829.4,5819270.514700003
2025-11-09 11:02:59.915000+00:00,2025-11-09 11:00:00+00:00,continuous,101829.3,101937.0,101829.3,101895.4,16744191.151800012
2025-11-09 11:05:59.864000+00:00,2025-11-09 11:03:00+00:00,continuous,101895.5,102050.0,101885.8,102012.4,32669677.306100026
2025-11-09 11:08:59.658000+00:00,2025-11-09 11:06:00+00:00,continuous,102012.3,102059.1,101940.9,102023.6,28210729.735499926
2025-11-09 11:11:59.894000+00:00,2025-11-09 11:09:00+00:00,continuous,102023.6,102071.4,101960.2,102065.7,19767255.191199977
2025-11-09 11:14:59.989000+00:00,2025-11-09 11:12:00+00:00,continuous,102065.7,102161.5,102028.8,102156.1,23923271.51749998
2025-11-09 11:17:59.952000+00:00,2025-11-09 11:15:00+00:00,continuous,102156.2,102234.0,102090.8,102119.7,28966248.921999987
2025-11-09 11:20:59.675000+00:00,2025-11-09 11:18:00+00:00,continuous,102119.7,102236.8,102114.6,102236.7,14682066.827799983
2025-11-09 11:23:59.966000+00:00,2025-11-09 11:21:00+00:00,continuous,102236.8,102274.9,102068.6,102070.6,22120567.62659997
2025-11-09 11:26:59.800000+00:00,2025-11-09 11:24:00+00:00,continuous,102070.6,102207.7,102066.5,102185.7,14338614.443699988
2025-11-09 11:29:59.117000+00:00,2025-11-09 11:27:00+00:00,continuous,102185.7,102202.9,102079.9,102079.9,10427169.975599995
2025-11-09 11:32:59.984000+00:00,2025-11-09 11:30:00+00:00,continuous,102079.9,102115.1,102007.3,102074.7,14599533.052899996
2025-11-09 11:35:59.659000+00:00,2025-11-09 11:33:00+00:00,continuous,102074.7,102090.1,102011.8,102011.8,8136488.260200008
2025-11-09 11:38:59.473000+00:00,2025-11-09 11:36:00+00:00,continuous,102011.8,102058.2,102000.0,102039.9,6621743.237299997
2025-11-09 11:41:59.947000+00:00,2025-11-09 11:39:00+00:00,continuous,102039.9,102040.0,102002.3,102019.4,5530951.245899995
2025-11-09 11:44:59.955000+00:00,2025-11-09 11:42:00+00:00,continuous,102019.4,102148.0,102019.4,102126.8,10574107.691900004
2025-11-09 11:47:59.856000+00:00,2025-11-09 11:45:00+00:00,continuous,102126.9,102204.4,102115.1,102190.1,14236542.644699996
2025-11-09 11:50:59.618000+00:00,2025-11-09 11:48:00+00:00,continuous,102190.0,102226.9,102158.5,102225.3,10629579.894999998
2025-11-09 11:53:59.197000+00:00,2025-11-09 11:51:00+00:00,continuous,102225.4,102270.0,102205.5,102222.6,11648705.182399977
2025-11-09 11:56:59.822000+00:00,2025-11-09 11:54:00+00:00,continuous,102222.5,102222.6,102137.9,102170.1,9783485.69600001
2025-11-09 11:59:59.974000+00:00,2025-11-09 11:57:00+00:00,continuous,102170.1,102198.2,102133.3,102198.2,8019953.849000009
2025-11-09 12:02:59.854000+00:00,2025-11-09 12:00:00+00:00,continuous,102198.2,102221.0,102098.0,102102.9,9407635.387300016
2025-11-09 12:05:59.485000+00:00,2025-11-09 12:03:00+00:00,continuous,102102.9,102166.4,102087.9,102110.4,10918859.333000004
2025-11-09 12:08:59.703000+00:00,2025-11-09 12:06:00+00:00,continuous,102110.4,102158.0,102053.3,102130.5,11407297.94639996
2025-11-09 12:11:59.955000+00:00,2025-11-09 12:09:00+00:00,continuous,102130.5,102190.2,102126.1,102173.8,6972855.603100009
2025-11-09 12:14:59.908000+00:00,2025-11-09 12:12:00+00:00,continuous,102173.7,102231.8,102159.5,102191.7,11698219.311099982
2025-11-09 12:17:59.889000+00:00,2025-11-09 12:15:00+00:00,continuous,102191.7,102322.3,102191.7,102251.4,25790965.84810005
2025-11-09 12:20:59.852000+00:00,2025-11-09 12:18:00+00:00,continuous,102251.4,102390.0,102240.2,102365.3,28482108.746900056
2025-11-09 12:23:59.903000+00:00,2025-11-09 12:21:00+00:00,continuous,102365.3,102380.6,102230.3,102305.5,22217432.671000037
2025-11-09 12:26:59.990000+00:00,2025-11-09 12:24:00+00:00,continuous,102305.2,102305.2,102196.2,102291.5,20678938.352499958
2025-11-09 12:29:59.437000+00:00,2025-11-09 12:27:00+00:00,continuous,102291.4,102291.5,102100.0,102145.5,24933345.923999943
2025-11-09 12:32:59.868000+00:00,2025-11-09 12:30:00+00:00,continuous,102145.5,102148.5,102080.0,102099.4,17077074.68070003
2025-11-09 12:35:59.864000+00:00,2025-11-09 12:33:00+00:00,continuous,102099.4,102135.9,102055.0,102060.6,9011229.1778
2025-11-09 12:38:59.548000+00:00,2025-11-09 12:36:00+00:00,continuous,102060.5,102242.8,102060.0,102138.8,12396966.521299994
2025-11-09 12:41:59.557000+00:00,2025-11-09 12:39:00+00:00,continuous,102138.7,102164.1,102101.1,102124.4,5798468.063399984
2025-11-09 12:44:59.978000+00:00,2025-11-09 12:42:00+00:00,continuous,102124.5,102126.2,102091.2,102091.2,3334399.549099996
2025-11-09 12:47:59.889000+00:00,2025-11-09 12:45:00+00:00,continuous,102091.2,102147.8,102069.7,102074.9,6139902.994300002
2025-11-09 12:50:59.553000+00:00,2025-11-09 12:48:00+00:00,continuous,102074.9,102123.7,102074.9,102093.6,3718764.5157000055
2025-11-09 12:53:59.719000+00:00,2025-11-09 12:51:00+00:00,continuous,102093.6,102127.1,102080.0,102127.0,5347689.1398999905
2025-11-09 12:56:59.967000+00:00,2025-11-09 12:54:00+00:00,continuous,102127.0,102127.1,102001.0,102008.8,14387018.247199995
2025-11-09 12:59:59.937000+00:00,2025-11-09 12:57:00+00:00,continuous,102008.8,102038.4,102001.1,102038.3,9908565.808300007
2025-11-09 13:02:59.893000+00:00,2025-11-09 13:00:00+00:00,continuous,102038.3,102111.9,102025.6,102098.6,16964220.927700005
2025-11-09 13:05:59.265000+00:00,2025-11-09 13:03:00+00:00,continuous,102098.5,102172.9,102086.5,102158.5,8289677.119300004
2025-11-09 13:08:59.996000+00:00,2025-11-09 13:06:00+00:00,continuous,102158.5,102225.5,102150.9,102225.5,17248023.989799958
2025-11-09 13:11:59.961000+00:00,2025-11-09 13:09:00+00:00,continuous,102225.5,102323.0,102202.7,102300.0,26496225.681699988
2025-11-09 13:14:59.914000+00:00,2025-11-09 13:12:00+00:00,continuous,102300.0,102388.0,102271.3,102320.0,31530390.871099994
2025-11-09 13:17:59.804000+00:00,2025-11-09 13:15:00+00:00,continuous,102320.0,102364.1,102306.1,102354.0,22179514.991399962
2025-11-09 13:20:59.999000+00:00,2025-11-09 13:18:00+00:00,continuous,102354.0,102426.9,102306.9,102381.8,61108692.03430005
2025-11-09 13:23:59.799000+00:00,2025-11-09 13:21:00+00:00,continuous,102381.8,102420.4,102294.7,102372.6,23822702.72569994
2025-11-09 13:26:59.970000+00:00,2025-11-09 13:24:00+00:00,continuous,102372.7,102419.9,102355.0,102389.0,18542418.326299995
2025-11-09 13:29:59.912000+00:00,2025-11-09 13:27:00+00:00,continuous,102389.1,102489.8,102389.1,102478.3,34857635.952299975
2025-11-09 13:32:59.988000+00:00,2025-11-09 13:30:00+00:00,continuous,102478.3,102588.0,102445.5,102558.0,59951626.04260012
2025-11-09 13:35:59.893000+00:00,2025-11-09 13:33:00+00:00,continuous,102558.0,102772.0,102546.8,102632.7,84907883.79270002
2025-11-09 13:38:59.895000+00:00,2025-11-09 13:36:00+00:00,continuous,102632.6,102646.2,102545.8,102646.2,32468335.51490001
2025-11-09 13:41:59.967000+00:00,2025-11-09 13:39:00+00:00,continuous,102646.1,102730.2,102612.5,102702.8,30725416.488300048
2025-11-09 13:44:59.987000+00:00,2025-11-09 13:42:00+00:00,continuous,102702.9,102760.3,102655.0,102755.0,20209356.013399985
2025-11-09 13:47:59.894000+00:00,2025-11-09 13:45:00+00:00,continuous,102754.9,102880.2,102631.9,102778.0,56005251.86729992
2025-11-09 13:50:59.966000+00:00,2025-11-09 13:48:00+00:00,continuous,102777.9,102950.0,102772.0,102945.3,41448084.20860012
2025-11-09 13:53:59.809000+00:00,2025-11-09 13:51:00+00:00,continuous,102945.4,102967.0,102880.4,102904.0,29975518.60119996
2025-11-09 13:56:59.984000+00:00,2025-11-09 13:54:00+00:00,continuous,102904.0,102904.1,102785.5,102798.1,28331589.949200064
2025-11-09 13:59:59.986000+00:00,2025-11-09 13:57:00+00:00,continuous,102798.0,102900.0,102788.8,102877.9,20700786.70629994
2025-11-09 14:02:59.835000+00:00,2025-11-09 14:00:00+00:00,continuous,102878.0,102878.0,102718.7,102789.2,36244566.69419998
2025-11-09 14:05:59.895000+00:00,2025-11-09 14:03:00+00:00,continuous,102789.2,102837.5,102750.0,102765.2,28564177.33590005
2025-11-09 14:08:59.996000+00:00,2025-11-09 14:06:00+00:00,continuous,102765.2,102863.4,102725.4,102816.0,30352362.710200068
2025-11-09 14:11:59.946000+00:00,2025-11-09 14:09:00+00:00,continuous,102816.1,103188.0,102780.0,103083.6,109970747.11069983
2025-11-09 14:14:59.875000+00:00,2025-11-09 14:12:00+00:00,continuous,103083.7,103116.9,102997.0,103000.6,57004027.41149982
2025-11-09 14:17:59.860000+00:00,2025-11-09 14:15:00+00:00,continuous,103000.5,103091.1,102887.4,102898.5,44475508.71910016
2025-11-09 14:20:59.997000+00:00,2025-11-09 14:18:00+00:00,continuous,102898.4,103300.0,102898.4,103133.4,67794468.3553
2025-11-09 14:23:59.955000+00:00,2025-11-09 14:21:00+00:00,continuous,103133.5,103190.3,103086.0,103106.9,33108567.10409996
2025-11-09 14:26:59.912000+00:00,2025-11-09 14:24:00+00:00,continuous,103107.0,103450.0,103106.9,103424.8,83951764.7780999
2025-11-09 14:29:59.985000+00:00,2025-11-09 14:27:00+00:00,continuous,103424.7,103850.0,103332.2,103850.0,189200634.81379965
2025-11-09 14:32:59.882000+00:00,2025-11-09 14:30:00+00:00,continuous,103849.9,104031.4,103669.0,103694.0,244995493.49649936
2025-11-09 14:35:59.993000+00:00,2025-11-09 14:33:00+00:00,continuous,103694.0,103756.3,103440.1,103450.1,95561611.05750024
2025-11-09 14:38:59.974000+00:00,2025-11-09 14:36:00+00:00,continuous,103450.0,103563.8,103370.0,103431.9,55366231.49960001
2025-11-09 14:41:59.939000+00:00,2025-11-09 14:39:00+00:00,continuous,103431.8,103448.2,103173.4,103404.3,62761488.500000045
2025-11-09 14:44:59.736000+00:00,2025-11-09 14:42:00+00:00,continuous,103404.4,103463.8,103211.7,103322.9,34397280.39600008
2025-11-09 14:47:59.877000+00:00,2025-11-09 14:45:00+00:00,continuous,103323.0,103337.0,103165.0,103180.2,44811787.62489997
2025-11-09 14:50:59.877000+00:00,2025-11-09 14:48:00+00:00,continuous,103180.1,103185.0,102961.8,103139.6,75852466.07909988
2025-11-09 14:53:59.950000+00:00,2025-11-09 14:51:00+00:00,continuous,103139.6,103276.5,103139.5,103216.0,36055069.59100004
2025-11-09 14:56:59.759000+00:00,2025-11-09 14:54:00+00:00,continuous,103216.0,103249.4,103019.2,103075.6,30966403.499899995
2025-11-09 14:59:59.815000+00:00,2025-11-09 14:57:00+00:00,continuous,103075.6,103081.2,102857.8,102994.4,53810063.61620021
2025-11-09 15:02:59.896000+00:00,2025-11-09 15:00:00+00:00,continuous,102994.3,103082.7,102922.0,102977.9,41040083.732599996
2025-11-09 15:05:59.916000+00:00,2025-11-09 15:03:00+00:00,continuous,102977.9,103251.0,102977.9,103176.2,45321568.56799983
2025-11-09 15:08:59.766000+00:00,2025-11-09 15:06:00+00:00,continuous,103176.2,103340.3,103176.2,103340.3,32629205.667500034
2025-11-09 15:11:59.930000+00:00,2025-11-09 15:09:00+00:00,continuous,103340.3,103462.2,103250.2,103361.7,40519490.17820009
2025-11-09 15:14:59.768000+00:00,2025-11-09 15:12:00+00:00,continuous,103361.7,103389.5,103290.1,103300.3,17112333.3111
2025-11-09 15:17:59.971000+00:00,2025-11-09 15:15:00+00:00,continuous,103300.3,103449.9,103293.1,103435.6,19254430.228699982
2025-11-09 15:20:59.959000+00:00,2025-11-09 15:18:00+00:00,continuous,103435.7,103540.4,103409.5,103527.5,37948843.57970004
2025-11-09 15:23:59.912000+00:00,2025-11-09 15:21:00+00:00,continuous,103527.5,103560.0,103448.9,103481.1,16081963.023999996
2025-11-09 15:26:59.820000+00:00,2025-11-09 15:24:00+00:00,continuous,103480.8,103480.8,103371.9,103475.3,14882489.91239997
2025-11-09 15:29:59.979000+00:00,2025-11-09 15:27:00+00:00,continuous,103475.2,103545.4,103425.9,103545.3,17616443.389099967
2025-11-09 15:32:59.632000+00:00,2025-11-09 15:30:00+00:00,continuous,103545.4,103586.0,103466.1,103585.9,20159084.02419997
2025-11-09 15:35:59.891000+00:00,2025-11-09 15:33:00+00:00,continuous,103586.0,103777.0,103585.9,103776.9,38863546.22429998
2025-11-09 15:38:59.816000+00:00,2025-11-09 15:36:00+00:00,continuous,103777.0,103821.2,103629.1,103719.0,49003384.634400174
2025-11-09 15:41:59.967000+00:00,2025-11-09 15:39:00+00:00,continuous,103719.1,103719.1,103628.5,103668.4,28729260.391499966
2025-11-09 15:44:59.963000+00:00,2025-11-09 15:42:00+00:00,continuous,103668.5,103860.0,103668.5,103793.0,32312683.8967
2025-11-09 15:47:59.893000+00:00,2025-11-09 15:45:00+00:00,continuous,103793.1,103821.5,103706.6,103749.3,26729262.911000025
2025-11-09 15:50:59.973000+00:00,2025-11-09 15:48:00+00:00,continuous,103749.2,103859.9,103711.0,103853.5,22627843.613699995
2025-11-09 15:53:59.870000+00:00,2025-11-09 15:51:00+00:00,continuous,103853.5,104180.0,103816.6,103911.4,160187368.07009977
2025-11-09 15:56:59.693000+00:00,2025-11-09 15:54:00+00:00,continuous,103911.4,103928.1,103660.8,103729.3,62934215.97790007
2025-11-09 15:59:59.685000+00:00,2025-11-09 15:57:00+00:00,continuous,103729.3,103758.9,103651.1,103715.8,21747125.915299986
2025-11-09 16:02:59.998000+00:00,2025-11-09 16:00:00+00:00,continuous,103715.8,103808.0,103681.1,103681.1,39173549.87930005
2025-11-09 16:05:59.835000+00:00,2025-11-09 16:03:00+00:00,continuous,103680.9,103796.3,103547.0,103796.3,41381781.72350016
2025-11-09 16:08:59.950000+00:00,2025-11-09 16:06:00+00:00,continuous,103796.3,103815.6,103562.4,103573.2,30121014.616700046
2025-11-09 16:11:59.707000+00:00,2025-11-09 16:09:00+00:00,continuous,103573.3,103588.0,103388.0,103429.2,61073740.41120025
2025-11-09 16:14:59.592000+00:00,2025-11-09 16:12:00+00:00,continuous,103429.2,103495.4,103333.0,103378.6,35644993.3735001
2025-11-09 16:17:59.990000+00:00,2025-11-09 16:15:00+00:00,continuous,103378.7,103454.2,103294.5,103333.6,32765441.712099936
2025-11-09 16:20:59.845000+00:00,2025-11-09 16:18:00+00:00,continuous,103333.6,103503.5,103333.6,103423.6,33630437.723500006
2025-11-09 16:23:59.571000+00:00,2025-11-09 16:21:00+00:00,continuous,103423.6,103495.2,103410.0,103440.2,13415278.318799991
2025-11-09 16:26:59.843000+00:00,2025-11-09 16:24:00+00:00,continuous,103440.2,103527.3,103416.2,103450.4,12507835.508000003
2025-11-09 16:29:59.893000+00:00,2025-11-09 16:27:00+00:00,continuous,103450.4,103507.1,103425.1,103460.0,9243006.535600003
2025-11-09 16:32:59.948000+00:00,2025-11-09 16:30:00+00:00,continuous,103460.0,103460.0,103350.0,103350.1,18389430.40739998
2025-11-09 16:35:59.806000+00:00,2025-11-09 16:33:00+00:00,continuous,103350.0,103364.1,103290.8,103340.9,19432245.99919995
2025-11-09 16:38:59.939000+00:00,2025-11-09 16:36:00+00:00,continuous,103340.9,103499.0,103340.9,103456.7,15102649.536699941
2025-11-09 16:41:59.349000+00:00,2025-11-09 16:39:00+00:00,continuous,103456.6,103496.2,103390.0,103438.4,12325158.805099994
2025-11-09 16:44:59.615000+00:00,2025-11-09 16:42:00+00:00,continuous,103438.5,103500.0,103420.0,103470.8,11343474.888799993
2025-11-09 16:47:59.623000+00:00,2025-11-09 16:45:00+00:00,continuous,103470.9,103646.4,103464.7,103615.7,24198939.99760001
2025-11-09 16:50:59.919000+00:00,2025-11-09 16:48:00+00:00,continuous,103615.8,103690.0,103599.4,103652.1,18896106.48909998
2025-11-09 16:53:59.837000+00:00,2025-11-09 16:51:00+00:00,continuous,103652.1,103848.0,103652.1,103848.0,25875469.283400007
2025-11-09 16:56:59.876000+00:00,2025-11-09 16:54:00+00:00,continuous,103848.0,103848.0,103741.9,103781.2,25372145.710300047
2025-11-09 16:59:59.128000+00:00,2025-11-09 16:57:00+00:00,continuous,103781.2,103881.0,103780.4,103814.8,16107743.947800012
2025-11-09 17:02:59.883000+00:00,2025-11-09 17:00:00+00:00,continuous,103814.8,103938.6,103790.8,103921.0,37318278.28009999
2025-11-09 17:05:59.939000+00:00,2025-11-09 17:03:00+00:00,continuous,103921.0,103921.1,103685.0,103755.0,19658430.48300005
2025-11-09 17:08:59.983000+00:00,2025-11-09 17:06:00+00:00,continuous,103754.9,103800.0,103639.4,103687.6,14536430.993299985
2025-11-09 17:11:59.903000+00:00,2025-11-09 17:09:00+00:00,continuous,103687.5,103694.8,103547.2,103575.5,16050529.63269995
2025-11-09 17:14:59.751000+00:00,2025-11-09 17:12:00+00:00,continuous,103575.5,103650.2,103559.1,103612.8,8493119.427200017
2025-11-09 17:17:59.828000+00:00,2025-11-09 17:15:00+00:00,continuous,103612.8,103634.0,103525.0,103532.3,11555131.939099994
2025-11-09 17:20:59.774000+00:00,2025-11-09 17:18:00+00:00,continuous,103532.3,103532.8,103300.0,103376.4,43019311.94229989
2025-11-09 17:23:59.568000+00:00,2025-11-09 17:21:00+00:00,continuous,103376.4,103450.9,103332.4,103415.3,18062876.81570005
2025-11-09 17:26:59.978000+00:00,2025-11-09 17:24:00+00:00,continuous,103415.3,103494.2,103409.4,103458.8,9310281.480500018
2025-11-09 17:29:59.990000+00:00,2025-11-09 17:27:00+00:00,continuous,103459.2,103586.0,103452.8,103585.9,14659305.431900026
2025-11-09 17:32:59.848000+00:00,2025-11-09 17:30:00+00:00,continuous,103586.0,103738.4,103585.9,103721.8,24695400.11590004
2025-11-09 17:35:59.856000+00:00,2025-11-09 17:33:00+00:00,continuous,103721.7,103786.0,103665.4,103722.9,11922576.080100015
2025-11-09 17:38:59.968000+00:00,2025-11-09 17:36:00+00:00,continuous,103722.9,103776.3,103612.7,103633.8,8562358.655299995
2025-11-09 17:41:59.946000+00:00,2025-11-09 17:39:00+00:00,continuous,103633.7,103674.5,103517.6,103517.6,25920969.05650001
2025-11-09 17:44:59.962000+00:00,2025-11-09 17:42:00+00:00,continuous,103517.1,103551.9,103424.5,103490.4,22034999.267200015
2025-11-09 17:47:59.618000+00:00,2025-11-09 17:45:00+00:00,continuous,103490.4,103608.7,103480.1,103603.3,9781466.527199995
2025-11-09 17:50:59.190000+00:00,2025-11-09 17:48:00+00:00,continuous,103603.2,103650.0,103567.9,103575.7,5956064.467999992
2025-11-09 17:53:59.428000+00:00,2025-11-09 17:51:00+00:00,continuous,103575.8,103605.4,103567.4,103591.5,4147017.614599995
2025-11-09 17:56:59.688000+00:00,2025-11-09 17:54:00+00:00,continuous,103591.4,103591.5,103541.8,103576.1,4632957.572399982
2025-11-09 17:59:59.439000+00:00,2025-11-09 17:57:00+00:00,continuous,103576.1,103607.8,103561.5,103607.6,4898374.332199996
2025-11-09 18:02:59.740000+00:00,2025-11-09 18:00:00+00:00,continuous,103607.7,103638.6,103574.4,103621.8,7172877.954199998
2025-11-09 18:05:59.981000+00:00,2025-11-09 18:03:00+00:00,continuous,103621.8,103709.9,103621.7,103692.6,8428015.507400002
2025-11-09 18:08:59.777000+00:00,2025-11-09 18:06:00+00:00,continuous,103692.6,103733.7,103552.2,103552.2,11769817.716499973
2025-11-09 18:11:59.946000+00:00,2025-11-09 18:09:00+00:00,continuous,103552.2,103673.1,103547.0,103623.9,11905911.46140001
2025-11-09 18:14:59.837000+00:00,2025-11-09 18:12:00+00:00,continuous,103623.9,103671.5,103568.2,103568.2,6664116.428700003
2025-11-09 18:17:59.706000+00:00,2025-11-09 18:15:00+00:00,continuous,103568.2,103575.1,103473.0,103494.9,11756136.680200012
2025-11-09 18:20:59.667000+00:00,2025-11-09 18:18:00+00:00,continuous,103494.9,103655.8,103494.9,103570.0,9816280.131600017
2025-11-09 18:23:59.861000+00:00,2025-11-09 18:21:00+00:00,continuous,103570.0,103605.1,103537.2,103592.7,3685144.394799995
2025-11-09 18:26:59.867000+00:00,2025-11-09 18:24:00+00:00,continuous,103592.6,103627.7,103570.9,103611.0,4186717.2343999944
2025-11-09 18:29:59.812000+00:00,2025-11-09 18:27:00+00:00,continuous,103611.0,103611.1,103574.2,103576.7,2979872.1280999975
2025-11-09 18:32:59.842000+00:00,2025-11-09 18:30:00+00:00,continuous,103576.8,103642.9,103570.0,103600.8,9675775.487599982
2025-11-09 18:35:59.964000+00:00,2025-11-09 18:33:00+00:00,continuous,103600.9,103636.9,103577.0,103633.5,3764955.8223000052
2025-11-09 18:38:59.962000+00:00,2025-11-09 18:36:00+00:00,continuous,103633.4,103739.5,103633.4,103730.2,7092377.349500009
2025-11-09 18:41:59.770000+00:00,2025-11-09 18:39:00+00:00,continuous,103730.2,103740.3,103678.5,103723.9,7767876.0449000085
2025-11-09 18:44:59.915000+00:00,2025-11-09 18:42:00+00:00,continuous,103723.8,103799.9,103723.8,103792.8,11041188.18199999
2025-11-09 18:47:59.857000+00:00,2025-11-09 18:45:00+00:00,continuous,103792.8,103851.5,103781.8,103847.3,21908553.88810003
2025-11-09 18:50:59.979000+00:00,2025-11-09 18:48:00+00:00,continuous,103847.3,104456.0,103847.3,104417.2,204828819.38120055
2025-11-09 18:53:59.836000+00:00,2025-11-09 18:51:00+00:00,continuous,104417.1,104417.1,104184.2,104309.5,76300020.03289968
2025-11-09 18:56:59.894000+00:00,2025-11-09 18:54:00+00:00,continuous,104309.4,104400.0,104242.0,104312.2,50676691.75229986
2025-11-09 18:59:59.911000+00:00,2025-11-09 18:57:00+00:00,continuous,104312.2,104573.7,104312.2,104479.8,158416147.99450004
2025-11-09 19:02:59.992000+00:00,2025-11-09 19:00:00+00:00,continuous,104479.9,104644.6,104371.6,104427.2,108295701.28350024
2025-11-09 19:05:59.952000+00:00,2025-11-09 19:03:00+00:00,continuous,104427.2,104533.9,104326.6,104366.2,24395075.605800018
2025-11-09 19:08:59.983000+00:00,2025-11-09 19:06:00+00:00,continuous,104366.1,104493.2,104349.4,104452.9,29539354.217000075
2025-11-09 19:11:59.998000+00:00,2025-11-09 19:09:00+00:00,continuous,104452.9,104452.9,104220.0,104220.0,28095498.92480001
2025-11-09 19:14:59.936000+00:00,2025-11-09 19:12:00+00:00,continuous,104219.9,104305.7,104164.3,104200.3,32495679.933300033
2025-11-09 19:17:59.757000+00:00,2025-11-09 19:15:00+00:00,continuous,104200.3,104245.3,104100.0,104155.8,24403218.407699965
2025-11-09 19:20:59.951000+00:00,2025-11-09 19:18:00+00:00,continuous,104155.8,104316.5,104155.8,104253.5,19365140.904999964
2025-11-09 19:23:59.975000+00:00,2025-11-09 19:21:00+00:00,continuous,104253.6,104337.5,104221.4,104336.7,15591877.251299994
2025-11-09 19:26:59.962000+00:00,2025-11-09 19:24:00+00:00,continuous,104336.7,104466.9,104329.1,104404.8,33890823.414700024
2025-11-09 19:29:59.967000+00:00,2025-11-09 19:27:00+00:00,continuous,104404.8,104711.0,104404.8,104700.0,68066264.24840008
2025-11-09 19:32:59.940000+00:00,2025-11-09 19:30:00+00:00,continuous,104700.1,104766.6,104528.2,104601.8,59697114.144600056
2025-11-09 19:35:59.856000+00:00,2025-11-09 19:33:00+00:00,continuous,104601.8,104630.3,104537.3,104557.6,19265819.687299997
2025-11-09 19:38:59.972000+00:00,2025-11-09 19:36:00+00:00,continuous,104557.6,104747.0,104550.0,104719.1,39748887.799599774
2025-11-09 19:41:59.983000+00:00,2025-11-09 19:39:00+00:00,continuous,104719.0,104780.0,104650.3,104711.8,27443216.35319995
2025-11-09 19:44:59.643000+00:00,2025-11-09 19:42:00+00:00,continuous,104711.7,104711.8,104617.0,104639.5,9615822.945100017
2025-11-09 19:47:59.837000+00:00,2025-11-09 19:45:00+00:00,continuous,104639.5,104725.0,104600.0,104644.8,14836173.743700005
2025-11-09 19:50:59.809000+00:00,2025-11-09 19:48:00+00:00,continuous,104644.8,104735.6,104644.8,104721.2,15974683.827399991
2025-11-09 19:53:59.957000+00:00,2025-11-09 19:51:00+00:00,continuous,104721.1,104763.4,104700.9,104749.9,13875795.25280001
2025-11-09 19:56:59.981000+00:00,2025-11-09 19:54:00+00:00,continuous,104750.0,104761.6,104700.0,104711.5,11662706.476999994
2025-11-09 19:59:59.889000+00:00,2025-11-09 19:57:00+00:00,continuous,104711.5,104770.9,104707.0,104764.1,11209336.116399992
2025-11-09 20:02:59.998000+00:00,2025-11-09 20:00:00+00:00,continuous,104764.1,104958.4,104754.0,104949.2,80910554.51350018
2025-11-09 20:05:59.984000+00:00,2025-11-09 20:03:00+00:00,continuous,104949.1,105036.5,104825.7,104936.7,65590225.201300085
2025-11-09 20:08:59.750000+00:00,2025-11-09 20:06:00+00:00,continuous,104936.8,104936.8,104612.4,104653.1,56356841.48329988
2025-11-09 20:11:59.985000+00:00,2025-11-09 20:09:00+00:00,continuous,104653.0,104672.0,104357.5,104480.1,72887721.05000037
2025-11-09 20:14:59.821000+00:00,2025-11-09 20:12:00+00:00,continuous,104480.0,104513.8,104448.3,104500.0,19697388.694400027
2025-11-09 20:17:59.696000+00:00,2025-11-09 20:15:00+00:00,continuous,104500.0,104536.5,104366.7,104524.2,27967282.40099993
2025-11-09 20:20:59.483000+00:00,2025-11-09 20:18:00+00:00,continuous,104524.2,104562.0,104380.0,104408.0,15191250.551099986
2025-11-09 20:23:59.969000+00:00,2025-11-09 20:21:00+00:00,continuous,104408.0,104500.0,104407.9,104486.7,13586561.603400022
2025-11-09 20:26:59.843000+00:00,2025-11-09 20:24:00+00:00,continuous,104486.7,104558.2,104457.6,104457.6,8218146.483099997
2025-11-09 20:29:59.284000+00:00,2025-11-09 20:27:00+00:00,continuous,104457.6,104475.9,104444.7,104451.9,7059423.70269999
2025-11-09 20:32:59.916000+00:00,2025-11-09 20:30:00+00:00,continuous,104451.9,104600.0,104415.9,104600.0,9596701.974299978
2025-11-09 20:35:59.970000+00:00,2025-11-09 20:33:00+00:00,continuous,104600.0,104651.4,104570.8,104588.3,19678117.07619998
2025-11-09 20:38:59.831000+00:00,2025-11-09 20:36:00+00:00,continuous,104588.3,104608.7,104513.4,104535.6,8830053.154100016
2025-11-09 20:41:59.822000+00:00,2025-11-09 20:39:00+00:00,continuous,104535.5,104568.9,104500.0,104525.1,7049272.801400005
2025-11-09 20:44:59.951000+00:00,2025-11-09 20:42:00+00:00,continuous,104525.1,104560.8,104467.2,104501.7,10592597.751599967
2025-11-09 20:47:59.471000+00:00,2025-11-09 20:45:00+00:00,continuous,104501.6,104543.7,104472.0,104534.8,6772017.482900012
2025-11-09 20:50:59.240000+00:00,2025-11-09 20:48:00+00:00,continuous,104534.8,104569.6,104485.4,104555.2,5454774.6623000195
2025-11-09 20:53:59.854000+00:00,2025-11-09 20:51:00+00:00,continuous,104555.2,104608.6,104500.0,104513.3,11667950.855699997
2025-11-09 20:56:59.847000+00:00,2025-11-09 20:54:00+00:00,continuous,104513.3,104577.5,104510.4,104547.3,4413661.808799998
2025-11-09 20:59:59.891000+00:00,2025-11-09 20:57:00+00:00,continuous,104547.3,104616.9,104531.1,104585.5,6423928.070000005
2025-11-09 21:02:59.605000+00:00,2025-11-09 21:00:00+00:00,continuous,104585.4,104595.6,104525.1,104565.3,10307551.964499986
2025-11-09 21:05:59.841000+00:00,2025-11-09 21:03:00+00:00,continuous,104565.2,104616.1,104565.2,104573.3,6145034.062
2025-11-09 21:08:59.728000+00:00,2025-11-09 21:06:00+00:00,continuous,104573.4,104607.9,104478.1,104508.6,11285498.291999996
2025-11-09 21:11:59.621000+00:00,2025-11-09 21:09:00+00:00,continuous,104508.6,104528.9,104335.2,104346.9,10260601.158499982
2025-11-09 21:14:59.485000+00:00,2025-11-09 21:12:00+00:00,continuous,104346.9,104371.1,104327.6,104340.2,8852028.830699999
2025-11-09 21:17:59.353000+00:00,2025-11-09 21:15:00+00:00,continuous,104340.1,104466.7,104340.1,104463.9,15669272.274899995
2025-11-09 21:20:59.436000+00:00,2025-11-09 21:18:00+00:00,continuous,104463.9,104549.8,104446.4,104537.1,8593800.978299985
2025-11-09 21:23:59.886000+00:00,2025-11-09 21:21:00+00:00,continuous,104537.1,104600.0,104537.0,104583.4,6863203.13640002
2025-11-09 21:26:59.825000+00:00,2025-11-09 21:24:00+00:00,continuous,104583.4,104600.0,104537.8,104552.5,5148741.925400005
2025-11-09 21:29:59.992000+00:00,2025-11-09 21:27:00+00:00,continuous,104552.6,104599.8,104552.5,104598.0,4203790.477100006
2025-11-09 21:32:59.184000+00:00,2025-11-09 21:30:00+00:00,continuous,104598.0,104600.0,104539.6,104550.0,7874444.438199997
2025-11-09 21:35:59.736000+00:00,2025-11-09 21:33:00+00:00,continuous,104550.0,104590.3,104518.2,104560.0,5266619.066
2025-11-09 21:38:59.860000+00:00,2025-11-09 21:36:00+00:00,continuous,104560.0,104597.7,104530.0,104553.3,7975876.0744
2025-11-09 21:41:59.284000+00:00,2025-11-09 21:39:00+00:00,continuous,104553.2,104807.2,104553.2,104740.4,40494712.2535002
2025-11-09 21:44:59.993000+00:00,2025-11-09 21:42:00+00:00,continuous,104740.5,104740.5,104611.6,104732.8,7805987.9587999815
2025-11-09 21:47:59.726000+00:00,2025-11-09 21:45:00+00:00,continuous,104732.8,104739.0,104667.1,104667.2,6147052.860700007
2025-11-09 21:50:59.958000+00:00,2025-11-09 21:48:00+00:00,continuous,104667.1,104700.0,104588.0,104590.5,7937982.843900016
2025-11-09 21:53:59.556000+00:00,2025-11-09 21:51:00+00:00,continuous,104590.5,104590.5,104436.8,104500.8,23785717.838300023
2025-11-09 21:56:59.951000+00:00,2025-11-09 21:54:00+00:00,continuous,104500.9,104501.0,104249.4,104333.4,67771623.04670016
2025-11-09 21:59:59.746000+00:00,2025-11-09 21:57:00+00:00,continuous,104333.3,104515.0,104277.1,104483.6,36042154.44230008
2025-11-09 22:02:59.777000+00:00,2025-11-09 22:00:00+00:00,continuous,104483.6,104577.4,104387.0,104390.4,26413306.144800026
2025-11-09 22:05:59.851000+00:00,2025-11-09 22:03:00+00:00,continuous,104390.3,104427.2,104303.0,104379.5,19962746.43020002
2025-11-09 22:08:59.782000+00:00,2025-11-09 22:06:00+00:00,continuous,104379.5,104379.6,104236.9,104278.9,16137524.70699999
2025-11-09 22:11:59.433000+00:00,2025-11-09 22:09:00+00:00,continuous,104278.9,104309.4,103999.5,104220.0,66706462.64780006
2025-11-09 22:14:59.760000+00:00,2025-11-09 22:12:00+00:00,continuous,104219.9,104442.8,104213.1,104433.4,15853297.42770001
2025-11-09 22:17:59.777000+00:00,2025-11-09 22:15:00+00:00,continuous,104433.4,104663.9,104433.3,104632.2,25615661.939100154
2025-11-09 22:20:59.850000+00:00,2025-11-09 22:18:00+00:00,continuous,104632.1,104637.0,104534.7,104542.8,14077573.624599973
2025-11-09 22:23:59.712000+00:00,2025-11-09 22:21:00+00:00,continuous,104542.7,104542.8,104369.0,104467.5,15875721.23579997
2025-11-09 22:26:59.964000+00:00,2025-11-09 22:24:00+00:00,continuous,104467.5,104474.8,104395.1,104395.1,12300502.19549999
2025-11-09 22:29:59.077000+00:00,2025-11-09 22:27:00+00:00,continuous,104395.1,104426.0,104288.4,104293.4,8779680.435699994
2025-11-09 22:32:59.712000+00:00,2025-11-09 22:30:00+00:00,continuous,104293.4,104419.5,104281.6,104367.3,10214274.989400025
2025-11-09 22:35:59.971000+00:00,2025-11-09 22:33:00+00:00,continuous,104367.2,104367.3,104293.6,104299.5,6303774.792200002
2025-11-09 22:38:59.959000+00:00,2025-11-09 22:36:00+00:00,continuous,104299.5,104299.6,104098.4,104227.6,37752506.46350008
2025-11-09 22:41:59.075000+00:00,2025-11-09 22:39:00+00:00,continuous,104227.7,104236.0,104171.5,104210.9,9440763.720699985
2025-11-09 22:44:59.786000+00:00,2025-11-09 22:42:00+00:00,continuous,104210.9,104270.0,104159.9,104232.5,13788232.43580001
2025-11-09 22:47:59.982000+00:00,2025-11-09 22:45:00+00:00,continuous,104232.5,104355.2,104224.9,104321.0,7222502.594899977
2025-11-09 22:50:59.862000+00:00,2025-11-09 22:48:00+00:00,continuous,104321.1,104447.2,104321.0,104447.1,6343916.948100003
2025-11-09 22:53:59.579000+00:00,2025-11-09 22:51:00+00:00,continuous,104447.1,104762.2,104447.1,104638.6,28403400.247100055
2025-11-09 22:56:59.476000+00:00,2025-11-09 22:54:00+00:00,continuous,104638.6,104772.8,104638.6,104754.0,13877190.453900011
2025-11-09 22:59:59.966000+00:00,2025-11-09 22:57:00+00:00,continuous,104754.0,104774.4,104572.5,104676.8,28825664.97570008
2025-11-09 23:02:59.991000+00:00,2025-11-09 23:00:00+00:00,continuous,104676.9,105440.0,104676.9,105233.2,200426067.28370187
2025-11-09 23:05:59.872000+00:00,2025-11-09 23:03:00+00:00,continuous,105233.3,105349.9,104934.1,105066.1,94342405.80689992
2025-11-09 23:08:59.976000+00:00,2025-11-09 23:06:00+00:00,continuous,105066.0,105091.8,104893.7,105008.3,46068954.55289988
2025-11-09 23:11:59.996000+00:00,2025-11-09 23:09:00+00:00,continuous,105008.3,105060.0,104800.2,104869.7,47527416.76839995
2025-11-09 23:14:59.592000+00:00,2025-11-09 23:12:00+00:00,continuous,104869.7,105046.0,104861.1,104888.0,27107734.38320002
2025-11-09 23:17:59.986000+00:00,2025-11-09 23:15:00+00:00,continuous,104887.9,105031.3,104887.9,104982.5,16944424.83370008
2025-11-09 23:20:59.779000+00:00,2025-11-09 23:18:00+00:00,continuous,104982.4,105052.3,104759.3,104794.1,30059923.56400001
2025-11-09 23:23:59.875000+00:00,2025-11-09 23:21:00+00:00,continuous,104794.0,104836.5,104712.1,104731.8,23988307.995500084
2025-11-09 23:26:59.710000+00:00,2025-11-09 23:24:00+00:00,continuous,104731.8,104737.0,104617.4,104690.2,26958231.85770003
2025-11-09 23:29:59.992000+00:00,2025-11-09 23:27:00+00:00,continuous,104690.2,104789.7,104580.6,104608.1,47916191.38170013
2025-11-09 23:32:59.901000+00:00,2025-11-09 23:30:00+00:00,continuous,104608.0,104643.2,104550.0,104579.7,21303281.912500046
2025-11-09 23:35:59.768000+00:00,2025-11-09 23:33:00+00:00,continuous,104579.7,104729.4,104539.9,104637.8,24615746.836800016
2025-11-09 23:38:59.957000+00:00,2025-11-09 23:36:00+00:00,continuous,104637.7,104655.8,104520.5,104550.0,13313022.099799987
2025-11-09 23:41:59.967000+00:00,2025-11-09 23:39:00+00:00,continuous,104550.1,104643.6,104500.3,104552.3,20860301.512599997
2025-11-09 23:44:59.869000+00:00,2025-11-09 23:42:00+00:00,continuous,104552.3,104575.7,104484.0,104530.3,15838911.297699958
2025-11-09 23:47:59.984000+00:00,2025-11-09 23:45:00+00:00,continuous,104530.3,104546.5,104492.5,104531.1,10806716.5823
2025-11-09 23:50:59.891000+00:00,2025-11-09 23:48:00+00:00,continuous,104531.0,104583.6,104482.6,104580.0,20067532.20659998
2025-11-09 23:53:59.770000+00:00,2025-11-09 23:51:00+00:00,continuous,104580.0,104684.5,104502.3,104668.1,19260375.02090001
2025-11-09 23:56:59.854000+00:00,2025-11-09 23:54:00+00:00,continuous,104668.0,104713.5,104648.7,104651.5,15916613.406199995
2025-11-09 23:59:59.847000+00:00,2025-11-09 23:57:00+00:00,continuous,104651.5,104718.6,104651.5,104670.6,7992344.737799988
2025-11-10 00:02:59.893000+00:00,2025-11-10 00:00:00+00:00,continuous,104670.7,104670.7,104259.6,104400.8,64950907.239300385
2025-11-10 00:05:59.953000+00:00,2025-11-10 00:03:00+00:00,continuous,104400.8,104437.5,104205.9,104345.3,39559079.386499986
2025-11-10 00:08:59.614000+00:00,2025-11-10 00:06:00+00:00,continuous,104345.2,104600.0,104292.3,104600.0,22558947.157499928
2025-11-10 00:11:59.972000+00:00,2025-11-10 00:09:00+00:00,continuous,104600.0,104927.5,104597.9,104887.4,62294968.13519993
2025-11-10 00:14:59.942000+00:00,2025-11-10 00:12:00+00:00,continuous,104887.5,105032.1,104823.3,104977.4,38603522.464000076
2025-11-10 00:17:59.789000+00:00,2025-11-10 00:15:00+00:00,continuous,104977.5,105044.9,104879.6,104979.3,27548406.733800087
2025-11-10 00:20:59.908000+00:00,2025-11-10 00:18:00+00:00,continuous,104979.3,105495.3,104957.5,105487.8,91139663.90439993
2025-11-10 00:23:59.964000+00:00,2025-11-10 00:21:00+00:00,continuous,105487.8,105500.0,105324.3,105499.9,71066687.09140012
2025-11-10 00:26:59.945000+00:00,2025-11-10 00:24:00+00:00,continuous,105500.0,105678.8,105401.8,105595.0,102564016.43070012
2025-11-10 00:29:59.958000+00:00,2025-11-10 00:27:00+00:00,continuous,105595.1,105595.1,105434.2,105448.3,34632889.00690005
2025-11-10 00:32:59.951000+00:00,2025-11-10 00:30:00+00:00,continuous,105448.3,105650.0,105417.6,105602.5,111868003.1699002
2025-11-10 00:35:59.981000+00:00,2025-11-10 00:33:00+00:00,continuous,105602.6,105688.0,105568.4,105668.0,57332483.99689996
2025-11-10 00:38:59.862000+00:00,2025-11-10 00:36:00+00:00,continuous,105668.1,105885.6,105668.1,105869.3,95282438.60309969
2025-11-10 00:41:59.993000+00:00,2025-11-10 00:39:00+00:00,continuous,105869.3,105998.0,105813.2,105870.2,95209906.02829991
2025-11-10 00:44:59.992000+00:00,2025-11-10 00:42:00+00:00,continuous,105870.1,105996.0,105809.3,105995.9,45731428.08280019
2025-11-10 00:47:59.917000+00:00,2025-11-10 00:45:00+00:00,continuous,105996.0,106071.6,105900.0,105978.5,80219721.36840002
2025-11-10 00:50:59.972000+00:00,2025-11-10 00:48:00+00:00,continuous,105978.5,106350.0,105978.5,106277.2,170568376.77389959
2025-11-10 00:53:59.968000+00:00,2025-11-10 00:51:00+00:00,continuous,106277.3,106450.0,106189.1,106446.6,116826180.12469994
2025-11-10 00:56:59.944000+00:00,2025-11-10 00:54:00+00:00,continuous,106446.5,106484.8,106280.5,106390.0,92563223.12560004
2025-11-10 00:59:59.939000+00:00,2025-11-10 00:57:00+00:00,continuous,106390.1,106414.9,106234.0,106268.0,70285780.84699987
2025-11-10 01:02:59.966000+00:00,2025-11-10 01:00:00+00:00,continuous,106267.9,106449.9,106241.3,106441.9,65930516.444899745
2025-11-10 01:05:59.865000+00:00,2025-11-10 01:03:00+00:00,continuous,106441.8,106588.0,106270.0,106278.6,83861220.9369
2025-11-10 01:08:59.986000+00:00,2025-11-10 01:06:00+00:00,continuous,106278.6,106303.7,106105.3,106214.1,76339852.33529957
2025-11-10 01:11:59.994000+00:00,2025-11-10 01:09:00+00:00,continuous,106214.1,106519.7,106080.0,106499.5,107067508.41210006
2025-11-10 01:14:59.876000+00:00,2025-11-10 01:12:00+00:00,continuous,106499.4,106666.0,106263.5,106263.5,90872271.6368003
2025-11-10 01:17:59.793000+00:00,2025-11-10 01:15:00+00:00,continuous,106263.6,106365.7,106125.8,106316.5,85140999.16839981
2025-11-10 01:20:59.858000+00:00,2025-11-10 01:18:00+00:00,continuous,106316.6,106333.0,106133.2,106135.5,29326416.6104
2025-11-10 01:23:59.778000+00:00,2025-11-10 01:21:00+00:00,continuous,106135.5,106162.1,105944.9,106053.4,105274584.94889985
2025-11-10 01:26:59.995000+00:00,2025-11-10 01:24:00+00:00,continuous,106053.4,106242.2,106028.2,106103.5,44152475.02089994
2025-11-10 01:29:59.769000+00:00,2025-11-10 01:27:00+00:00,continuous,106103.1,106236.4,105965.9,106020.5,40701614.1575
2025-11-10 01:32:59.959000+00:00,2025-11-10 01:30:00+00:00,continuous,106020.5,106123.1,105888.0,106069.7,55502145.69269998
2025-11-10 01:35:59.770000+00:00,2025-11-10 01:33:00+00:00,continuous,106069.7,106099.2,105731.0,105801.7,64526438.631999955
2025-11-10 01:38:59.877000+00:00,2025-11-10 01:36:00+00:00,continuous,105801.8,105843.6,105707.4,105775.0,36685406.50629999
2025-11-10 01:41:59.765000+00:00,2025-11-10 01:39:00+00:00,continuous,105775.0,105835.0,105742.5,105816.9,20491956.779599942
2025-11-10 01:44:59.976000+00:00,2025-11-10 01:42:00+00:00,continuous,105816.9,105863.8,105762.7,105773.2,14907088.416900015
2025-11-10 01:47:59.627000+00:00,2025-11-10 01:45:00+00:00,continuous,105773.1,105856.3,105750.0,105763.1,23017340.06419994
2025-11-10 01:50:59.718000+00:00,2025-11-10 01:48:00+00:00,continuous,105763.1,106042.5,105758.2,106042.5,50246408.85600004
2025-11-10 01:53:59.790000+00:00,2025-11-10 01:51:00+00:00,continuous,106042.5,106092.4,105842.2,105842.3,38390372.44989991
2025-11-10 01:56:59.899000+00:00,2025-11-10 01:54:00+00:00,continuous,105842.3,105842.3,105729.4,105749.5,26276874.109299995
2025-11-10 01:59:59.889000+00:00,2025-11-10 01:57:00+00:00,continuous,105749.5,105800.0,105681.6,105683.0,21794781.095000003
2025-11-10 02:02:59.971000+00:00,2025-11-10 02:00:00+00:00,continuous,105683.0,105700.0,105560.0,105560.1,36610620.06380007
2025-11-10 02:05:59.995000+00:00,2025-11-10 02:03:00+00:00,continuous,105560.0,105706.0,105559.0,105656.2,49068054.18579979
2025-11-10 02:08:59.912000+00:00,2025-11-10 02:06:00+00:00,continuous,105656.2,105702.6,105558.4,105702.6,20644520.74730001
2025-11-10 02:11:59.090000+00:00,2025-11-10 02:09:00+00:00,continuous,105702.5,105814.8,105648.1,105700.0,23633460.741299983
2025-11-10 02:14:59.821000+00:00,2025-11-10 02:12:00+00:00,continuous,105700.0,105800.0,105700.0,105799.1,19830778.239799988
2025-11-10 02:17:59.873000+00:00,2025-11-10 02:15:00+00:00,continuous,105799.1,105828.8,105705.0,105810.7,24744272.689999975
2025-11-10 02:20:59.764000+00:00,2025-11-10 02:18:00+00:00,continuous,105810.8,105856.3,105747.2,105856.3,15624152.822999995
2025-11-10 02:23:59.915000+00:00,2025-11-10 02:21:00+00:00,continuous,105856.2,105856.2,105765.4,105819.9,7766947.366499983
2025-11-10 02:26:59.787000+00:00,2025-11-10 02:24:00+00:00,continuous,105820.0,105950.9,105735.7,105735.7,22412087.948900077
2025-11-10 02:29:59.955000+00:00,2025-11-10 02:27:00+00:00,continuous,105735.7,105942.1,105714.0,105732.1,44867920.371100016
2025-11-10 02:32:59.993000+00:00,2025-11-10 02:30:00+00:00,continuous,105732.2,105859.7,105703.6,105859.7,20755483.1265
2025-11-10 02:35:59.694000+00:00,2025-11-10 02:33:00+00:00,continuous,105859.7,105915.8,105771.5,105784.5,21766746.071499947
2025-11-10 02:38:59.901000+00:00,2025-11-10 02:36:00+00:00,continuous,105784.4,105840.0,105717.4,105730.8,11840724.275800003
2025-11-10 02:41:59.893000+00:00,2025-11-10 02:39:00+00:00,continuous,105730.8,105785.0,105700.0,105716.3,11429436.590599997
2025-11-10 02:44:59.923000+00:00,2025-11-10 02:42:00+00:00,continuous,105716.3,105716.4,105622.6,105644.7,25208657.88689999
2025-11-10 02:47:59.968000+00:00,2025-11-10 02:45:00+00:00,continuous,105644.6,105700.0,105618.0,105700.0,12621867.861199977
2025-11-10 02:50:59.650000+00:00,2025-11-10 02:48:00+00:00,continuous,105699.9,105900.4,105699.9,105899.9,18381711.689699985
2025-11-10 02:53:59.999000+00:00,2025-11-10 02:51:00+00:00,continuous,105899.8,105899.9,105679.6,105732.2,15462488.281300018
2025-11-10 02:56:59.578000+00:00,2025-11-10 02:54:00+00:00,continuous,105733.0,105858.9,105733.0,105844.0,10086545.028500004
2025-11-10 02:59:59.889000+00:00,2025-11-10 02:57:00+00:00,continuous,105844.1,106025.6,105844.0,105965.9,27118548.153100003
2025-11-10 03:02:59.807000+00:00,2025-11-10 03:00:00+00:00,continuous,105966.0,106172.8,105959.3,106164.3,55804123.91339997
2025-11-10 03:05:59.945000+00:00,2025-11-10 03:03:00+00:00,continuous,106164.4,106257.5,106103.0,106111.5,40945585.01500001
2025-11-10 03:08:59.893000+00:00,2025-11-10 03:06:00+00:00,continuous,106111.5,106119.0,105981.4,106003.4,20820824.028199967
2025-11-10 03:11:59.901000+00:00,2025-11-10 03:09:00+00:00,continuous,106003.5,106047.6,105901.0,105911.6,26084702.349500008
2025-11-10 03:14:59.774000+00:00,2025-11-10 03:12:00+00:00,continuous,105911.6,105911.7,105797.7,105849.2,19405507.27719999
2025-11-10 03:17:59.515000+00:00,2025-11-10 03:15:00+00:00,continuous,105849.2,106000.0,105800.0,105999.9,18392024.92869998
2025-11-10 03:20:59.818000+00:00,2025-11-10 03:18:00+00:00,continuous,106000.0,106012.4,105889.6,105907.1,16645697.48810002
2025-11-10 03:23:59.369000+00:00,2025-11-10 03:21:00+00:00,continuous,105907.1,105974.4,105885.5,105885.6,9954115.220700007
2025-11-10 03:26:59.855000+00:00,2025-11-10 03:24:00+00:00,continuous,105885.5,105929.9,105866.0,105929.8,23153866.64479999
2025-11-10 03:29:59.874000+00:00,2025-11-10 03:27:00+00:00,continuous,105929.8,105929.9,105872.0,105914.6,5093106.484399995
2025-11-10 03:32:59.660000+00:00,2025-11-10 03:30:00+00:00,continuous,105914.5,105984.1,105826.4,105844.2,33586875.269899994
2025-11-10 03:35:59.751000+00:00,2025-11-10 03:33:00+00:00,continuous,105844.2,106062.1,105827.5,106007.2,21365073.823099975
2025-11-10 03:38:59.707000+00:00,2025-11-10 03:36:00+00:00,continuous,106007.2,106071.5,105931.7,105973.4,14813399.84380002
2025-11-10 03:41:59.919000+00:00,2025-11-10 03:39:00+00:00,continuous,105973.5,106130.1,105973.5,106088.5,37617133.40170007
2025-11-10 03:44:59.895000+00:00,2025-11-10 03:42:00+00:00,continuous,106088.5,106193.0,106073.6,106144.8,23965504.1097
2025-11-10 03:47:59.972000+00:00,2025-11-10 03:45:00+00:00,continuous,106144.8,106144.9,106000.0,106034.1,17125316.182099987
2025-11-10 03:50:59.718000+00:00,2025-11-10 03:48:00+00:00,continuous,106034.1,106182.6,105988.9,106121.5,14587949.898200013
2025-11-10 03:53:59.999000+00:00,2025-11-10 03:51:00+00:00,continuous,106121.6,106121.6,105906.8,105959.9,20493554.874800008
2025-11-10 03:56:59.573000+00:00,2025-11-10 03:54:00+00:00,continuous,105959.8,106095.9,105937.2,105982.7,22162020.04270001
2025-11-10 03:59:59.731000+00:00,2025-11-10 03:57:00+00:00,continuous,105982.7,106052.8,105932.3,105990.6,33346784.583300017
2025-11-10 04:02:59.869000+00:00,2025-11-10 04:00:00+00:00,continuous,105990.6,106088.0,105990.6,106026.5,23093336.108300034
2025-11-10 04:05:59.938000+00:00,2025-11-10 04:03:00+00:00,continuous,106026.5,106168.6,106000.0,106130.1,29754505.789399978
2025-11-10 04:08:59.776000+00:00,2025-11-10 04:06:00+00:00,continuous,106130.2,106154.7,106084.6,106118.6,12579597.284000002
2025-11-10 04:11:59.902000+00:00,2025-11-10 04:09:00+00:00,continuous,106118.6,106270.6,106118.6,106200.8,26982374.58870003
2025-11-10 04:14:59.477000+00:00,2025-11-10 04:12:00+00:00,continuous,106200.7,106207.0,106082.8,106100.0,14948927.79589999
2025-11-10 04:17:59.977000+00:00,2025-11-10 04:15:00+00:00,continuous,106099.9,106100.0,105951.0,105995.6,29298615.960299943
2025-11-10 04:20:59.848000+00:00,2025-11-10 04:18:00+00:00,continuous,105995.5,106043.9,105918.8,105947.3,20089371.59270006
2025-11-10 04:23:59.858000+00:00,2025-11-10 04:21:00+00:00,continuous,105947.4,105965.1,105882.9,105910.6,17674533.912499987
2025-11-10 04:26:59.913000+00:00,2025-11-10 04:24:00+00:00,continuous,105910.6,105910.7,105838.0,105840.7,24865656.885400012
2025-11-10 04:29:59.614000+00:00,2025-11-10 04:27:00+00:00,continuous,105840.7,105946.9,105827.8,105902.0,14676841.344900006
2025-11-10 04:32:59.944000+00:00,2025-11-10 04:30:00+00:00,continuous,105902.0,105936.3,105849.7,105861.1,10474154.902200026
2025-11-10 04:35:59.977000+00:00,2025-11-10 04:33:00+00:00,continuous,105861.0,105924.9,105806.5,105848.1,9053399.275500005
2025-11-10 04:38:59.720000+00:00,2025-11-10 04:36:00+00:00,continuous,105848.1,105903.5,105848.1,105880.8,9620975.14170001
2025-11-10 04:41:59.860000+00:00,2025-11-10 04:39:00+00:00,continuous,105880.8,105884.0,105805.8,105805.8,8469353.130999984
2025-11-10 04:44:59.979000+00:00,2025-11-10 04:42:00+00:00,continuous,105805.9,105872.4,105800.0,105872.3,9865531.487400012
2025-11-10 04:47:59.926000+00:00,2025-11-10 04:45:00+00:00,continuous,105872.4,105912.4,105823.9,105862.3,8113653.972300022
2025-11-10 04:50:59.931000+00:00,2025-11-10 04:48:00+00:00,continuous,105862.4,106156.4,105862.3,106114.2,30388299.563200038
2025-11-10 04:53:59.819000+00:00,2025-11-10 04:51:00+00:00,continuous,106114.2,106216.8,106114.2,106194.8,21668714.050900027
2025-11-10 04:56:59.733000+00:00,2025-11-10 04:54:00+00:00,continuous,106194.9,106237.6,106119.2,106125.8,28959652.361399986
2025-11-10 04:59:59.814000+00:00,2025-11-10 04:57:00+00:00,continuous,106125.8,106164.4,106099.9,106115.9,15792495.323099993
2025-11-10 05:02:59.767000+00:00,2025-11-10 05:00:00+00:00,continuous,106115.9,106244.4,106077.3,106230.2,24814144.768600017
2025-11-10 05:05:59.990000+00:00,2025-11-10 05:03:00+00:00,continuous,106230.3,106328.0,106230.0,106272.9,26307585.32919991
2025-11-10 05:08:59.856000+00:00,2025-11-10 05:06:00+00:00,continuous,106273.0,106328.0,106232.2,106289.9,11642247.140799986
2025-11-10 05:11:59.836000+00:00,2025-11-10 05:09:00+00:00,continuous,106289.9,106333.0,106289.9,106310.0,19880722.56029994
2025-11-10 05:14:59.889000+00:00,2025-11-10 05:12:00+00:00,continuous,106310.0,106327.0,106268.7,106326.8,18759018.75479998
2025-11-10 05:17:59.794000+00:00,2025-11-10 05:15:00+00:00,continuous,106326.8,106438.1,106269.5,106375.2,32578349.900999986
2025-11-10 05:20:59.966000+00:00,2025-11-10 05:18:00+00:00,continuous,106375.2,106424.7,106272.7,106356.6,26638755.22350003
2025-11-10 05:23:59.791000+00:00,2025-11-10 05:21:00+00:00,continuous,106356.7,106379.2,106126.6,106137.6,35830945.1349
2025-11-10 05:26:59.736000+00:00,2025-11-10 05:24:00+00:00,continuous,106137.5,106150.0,106055.5,106131.4,33968929.581599995
2025-11-10 05:29:59.855000+00:00,2025-11-10 05:27:00+00:00,continuous,106131.3,106256.9,106123.8,106181.9,12129777.745300028
2025-11-10 05:32:59.719000+00:00,2025-11-10 05:30:00+00:00,continuous,106182.0,106259.3,106121.2,106212.2,17720047.29320001
2025-11-10 05:35:59.870000+00:00,2025-11-10 05:33:00+00:00,continuous,106212.2,106212.3,105972.0,105994.5,30108356.972900063
2025-11-10 05:38:59.927000+00:00,2025-11-10 05:36:00+00:00,continuous,105994.5,106049.7,105947.8,106049.7,16796040.084700026
2025-11-10 05:41:59.928000+00:00,2025-11-10 05:39:00+00:00,continuous,106049.7,106170.2,106049.7,106078.2,11227138.201599987
2025-11-10 05:44:59.853000+00:00,2025-11-10 05:42:00+00:00,continuous,106078.3,106108.5,106028.5,106108.5,14656254.600499978
2025-11-10 05:47:59.830000+00:00,2025-11-10 05:45:00+00:00,continuous,106108.4,106153.7,106059.0,106072.9,10844802.581100032
2025-11-10 05:50:59.929000+00:00,2025-11-10 05:48:00+00:00,continuous,106072.9,106107.5,105992.9,106053.9,12294855.243700003
2025-11-10 05:53:59.257000+00:00,2025-11-10 05:51:00+00:00,continuous,106053.8,106078.5,106005.6,106031.7,11629428.00570001
2025-11-10 05:56:59.885000+00:00,2025-11-10 05:54:00+00:00,continuous,106031.7,106054.3,106001.0,106028.9,10241171.088000003
2025-11-10 05:59:59.846000+00:00,2025-11-10 05:57:00+00:00,continuous,106028.9,106050.0,106012.1,106050.0,5041545.791999996
2025-11-10 06:02:59.912000+00:00,2025-11-10 06:00:00+00:00,continuous,106049.9,106085.9,106000.0,106022.5,14762832.476499934
2025-11-10 06:05:59.736000+00:00,2025-11-10 06:03:00+00:00,continuous,106022.5,106186.5,106022.4,106113.9,13883735.762500016
2025-11-10 06:08:59.648000+00:00,2025-11-10 06:06:00+00:00,continuous,106113.9,106172.5,106066.1,106119.9,8705877.89000001
2025-11-10 06:11:59.881000+00:00,2025-11-10 06:09:00+00:00,continuous,106119.9,106213.7,106101.8,106192.0,16598398.84250002
2025-11-10 06:14:59.429000+00:00,2025-11-10 06:12:00+00:00,continuous,106192.0,106192.0,106072.2,106172.1,14073557.7816
2025-11-10 06:17:59.600000+00:00,2025-11-10 06:15:00+00:00,continuous,106172.0,106172.1,106100.0,106128.6,8169817.0274999915
2025-11-10 06:20:59.950000+00:00,2025-11-10 06:18:00+00:00,continuous,106128.6,106258.2,106128.5,106152.1,17161814.629399996
2025-11-10 06:23:59.879000+00:00,2025-11-10 06:21:00+00:00,continuous,106152.1,106200.0,106020.1,106043.7,21384946.5224
2025-11-10 06:26:59.714000+00:00,2025-11-10 06:24:00+00:00,continuous,106043.6,106068.9,105970.5,105970.5,30100970.382800005
2025-11-10 06:29:59.806000+00:00,2025-11-10 06:27:00+00:00,continuous,105970.5,106091.1,105903.0,106056.3,27556529.564500045
2025-11-10 06:32:59.898000+00:00,2025-11-10 06:30:00+00:00,continuous,106056.3,106150.0,106026.5,106107.2,9102870.125000004
2025-11-10 06:35:59.771000+00:00,2025-11-10 06:33:00+00:00,continuous,106107.2,106151.1,106035.3,106085.3,21765202.816500008
2025-11-10 06:38:59.709000+00:00,2025-11-10 06:36:00+00:00,continuous,106085.2,106117.1,106067.0,106086.2,5736184.601400002
2025-11-10 06:41:59.992000+00:00,2025-11-10 06:39:00+00:00,continuous,106086.3,106130.7,106082.8,106103.0,6287876.358799993
2025-11-10 06:44:59.667000+00:00,2025-11-10 06:42:00+00:00,continuous,106103.0,106183.5,106093.1,106141.5,8293004.894700006
2025-11-10 06:47:59.692000+00:00,2025-11-10 06:45:00+00:00,continuous,106141.6,106246.7,106137.8,106222.0,10641162.919599997
2025-11-10 06:50:59.543000+00:00,2025-11-10 06:48:00+00:00,continuous,106221.9,106263.1,106221.9,106249.3,8856656.008900017
2025-11-10 06:53:59.783000+00:00,2025-11-10 06:51:00+00:00,continuous,106249.3,106249.3,106169.3,106182.0,9237022.230200004
2025-11-10 06:56:59.833000+00:00,2025-11-10 06:54:00+00:00,continuous,106181.9,106186.7,106117.5,106186.6,7779208.001299999
2025-11-10 06:59:59.800000+00:00,2025-11-10 06:57:00+00:00,continuous,106186.7,106208.2,106166.6,106166.6,5462810.029500007
2025-11-10 07:02:59.821000+00:00,2025-11-10 07:00:00+00:00,continuous,106166.7,106215.2,106154.0,106157.9,8777761.889299996
2025-11-10 07:05:59.745000+00:00,2025-11-10 07:03:00+00:00,continuous,106157.9,106281.7,106096.6,106251.8,20528776.100699995
2025-11-10 07:08:59.972000+00:00,2025-11-10 07:06:00+00:00,continuous,106251.7,106391.0,106251.7,106387.6,20158177.94289999
2025-11-10 07:11:59.597000+00:00,2025-11-10 07:09:00+00:00,continuous,106387.7,106471.8,106356.9,106398.7,29720696.600800063
2025-11-10 07:14:59.928000+00:00,2025-11-10 07:12:00+00:00,continuous,106398.7,106499.0,106398.6,106486.2,22285711.123600002
2025-11-10 07:17:59.943000+00:00,2025-11-10 07:15:00+00:00,continuous,106486.3,106488.7,106356.8,106356.8,20055250.43719995
2025-11-10 07:20:59.698000+00:00,2025-11-10 07:18:00+00:00,continuous,106356.8,106365.2,106244.0,106267.0,20607338.220600016
2025-11-10 07:23:59.687000+00:00,2025-11-10 07:21:00+00:00,continuous,106267.0,106309.9,106257.3,106291.9,12512177.088799996
2025-11-10 07:26:59.816000+00:00,2025-11-10 07:24:00+00:00,continuous,106291.8,106333.1,106244.1,106316.3,15366113.070099968
2025-11-10 07:29:59.695000+00:00,2025-11-10 07:27:00+00:00,continuous,106316.4,106326.9,106272.8,106282.3,8297892.141999996
2025-11-10 07:32:59.726000+00:00,2025-11-10 07:30:00+00:00,continuous,106282.2,106351.7,106262.6,106329.2,20211659.995499983
2025-11-10 07:35:59.768000+00:00,2025-11-10 07:33:00+00:00,continuous,106329.2,106329.2,106189.3,106232.9,19801643.50689996
2025-11-10 07:38:59.997000+00:00,2025-11-10 07:36:00+00:00,continuous,106233.0,106238.2,106181.8,106221.0,10984810.090700023
2025-11-10 07:41:59.911000+00:00,2025-11-10 07:39:00+00:00,continuous,106220.9,106388.0,106220.8,106362.4,15873765.45450003
2025-11-10 07:44:59.948000+00:00,2025-11-10 07:42:00+00:00,continuous,106362.4,106392.2,106291.8,106291.8,12217598.356399952
2025-11-10 07:47:59.695000+00:00,2025-11-10 07:45:00+00:00,continuous,106291.8,106392.2,106285.1,106349.6,10832100.075999975
2025-11-10 07:50:59.805000+00:00,2025-11-10 07:48:00+00:00,continuous,106349.6,106389.3,106332.1,106369.2,10182697.353899986
2025-11-10 07:53:59.944000+00:00,2025-11-10 07:51:00+00:00,continuous,106369.2,106379.6,106335.8,106364.6,13695226.364500046
2025-11-10 07:56:59.935000+00:00,2025-11-10 07:54:00+00:00,continuous,106364.5,106392.2,106350.7,106392.2,7763075.319399999
2025-11-10 07:59:59.625000+00:00,2025-11-10 07:57:00+00:00,continuous,106392.1,106425.3,106386.0,106417.7,15153483.90080001
2025-11-10 08:02:59.855000+00:00,2025-11-10 08:00:00+00:00,continuous,106417.6,106513.2,106401.0,106494.7,18505705.236299984
2025-11-10 08:05:59.978000+00:00,2025-11-10 08:03:00+00:00,continuous,106494.6,106525.0,106375.3,106375.4,28046944.094300043
2025-11-10 08:08:59.957000+00:00,2025-11-10 08:06:00+00:00,continuous,106375.3,106460.0,106311.5,106375.5,25696863.542599972
2025-11-10 08:11:59.760000+00:00,2025-11-10 08:09:00+00:00,continuous,106375.5,106399.8,106274.2,106393.2,21134649.990799986
2025-11-10 08:14:59.734000+00:00,2025-11-10 08:12:00+00:00,continuous,106393.2,106408.1,106196.9,106208.8,27824561.227900013
2025-11-10 08:17:59.998000+00:00,2025-11-10 08:15:00+00:00,continuous,106208.8,106276.2,106173.4,106198.5,17262245.449799962
2025-11-10 08:20:59.699000+00:00,2025-11-10 08:18:00+00:00,continuous,106198.4,106265.8,106134.4,106257.6,17468609.643899966
2025-11-10 08:23:59.909000+00:00,2025-11-10 08:21:00+00:00,continuous,106257.5,106278.3,106182.8,106221.2,20392852.88539998
2025-11-10 08:26:59.780000+00:00,2025-11-10 08:24:00+00:00,continuous,106221.3,106260.6,106205.6,106205.6,13967516.681800012
2025-11-10 08:29:59.899000+00:00,2025-11-10 08:27:00+00:00,continuous,106205.7,106210.0,106185.5,106189.0,8998722.486799981
2025-11-10 08:32:59.946000+00:00,2025-11-10 08:30:00+00:00,continuous,106189.0,106189.0,106001.0,106006.4,25053683.65799998
2025-11-10 08:35:59.756000+00:00,2025-11-10 08:33:00+00:00,continuous,106006.3,106034.0,105958.7,105968.0,33043933.936699957
2025-11-10 08:38:59.987000+00:00,2025-11-10 08:36:00+00:00,continuous,105968.0,105991.1,105905.6,105913.4,21402028.702600013
2025-11-10 08:41:59.674000+00:00,2025-11-10 08:39:00+00:00,continuous,105913.5,105973.4,105852.9,105948.6,47231586.80430011
2025-11-10 08:44:59.814000+00:00,2025-11-10 08:42:00+00:00,continuous,105948.6,105954.7,105821.4,105891.7,32245816.184400022
2025-11-10 08:47:59.841000+00:00,2025-11-10 08:45:00+00:00,continuous,105891.8,105936.8,105872.5,105909.8,18249306.844400004
2025-11-10 08:50:59.942000+00:00,2025-11-10 08:48:00+00:00,continuous,105909.7,105954.7,105868.9,105949.9,21020101.178799994
2025-11-10 08:53:59.228000+00:00,2025-11-10 08:51:00+00:00,continuous,105950.0,105983.1,105897.9,105900.0,16985648.49830003
2025-11-10 08:56:59.694000+00:00,2025-11-10 08:54:00+00:00,continuous,105900.0,105945.3,105900.0,105922.4,8602401.8145
2025-11-10 08:59:59.717000+00:00,2025-11-10 08:57:00+00:00,continuous,105922.3,105932.2,105873.0,105931.2,13798590.143000016
2025-11-10 09:02:59.988000+00:00,2025-11-10 09:00:00+00:00,continuous,105931.2,106000.0,105876.7,105884.9,30065828.277099963
2025-11-10 09:05:59.965000+00:00,2025-11-10 09:03:00+00:00,continuous,105885.0,106045.6,105873.5,106045.6,22371961.42709999
2025-11-10 09:08:59.932000+00:00,2025-11-10 09:06:00+00:00,continuous,106045.6,106071.8,105945.4,105962.6,16494962.321399998
2025-11-10 09:11:59.601000+00:00,2025-11-10 09:09:00+00:00,continuous,105962.5,105992.6,105876.5,105902.4,12130358.702499982
2025-11-10 09:14:59.986000+00:00,2025-11-10 09:12:00+00:00,continuous,105902.5,105949.7,105902.5,105907.5,6668931.2122999905
2025-11-10 09:17:59.946000+00:00,2025-11-10 09:15:00+00:00,continuous,105907.4,106046.3,105780.1,106046.1,74491340.16640028
2025-11-10 09:20:59.986000+00:00,2025-11-10 09:18:00+00:00,continuous,106046.1,106232.9,106046.1,106224.0,30025822.742399987
2025-11-10 09:23:59.888000+00:00,2025-11-10 09:21:00+00:00,continuous,106224.1,106229.4,106136.9,106175.7,24250345.606300004
2025-11-10 09:26:59.256000+00:00,2025-11-10 09:24:00+00:00,continuous,106175.6,106236.8,106164.0,106212.0,23042987.44909999
2025-11-10 09:29:59.919000+00:00,2025-11-10 09:27:00+00:00,continuous,106212.0,106400.0,106211.6,106383.8,34513834.67170005
2025-11-10 09:32:59.869000+00:00,2025-11-10 09:30:00+00:00,continuous,106383.8,106434.6,106312.8,106315.6,27352062.331599962
2025-11-10 09:35:59.904000+00:00,2025-11-10 09:33:00+00:00,continuous,106315.6,106535.9,106287.0,106504.9,43781769.07180012
2025-11-10 09:38:59.863000+00:00,2025-11-10 09:36:00+00:00,continuous,106504.9,106504.9,106400.0,106400.0,15961097.094399994
2025-11-10 09:41:59.942000+00:00,2025-11-10 09:39:00+00:00,continuous,106400.1,106472.0,106389.4,106404.2,15064602.3445
2025-11-10 09:44:59.767000+00:00,2025-11-10 09:42:00+00:00,continuous,106404.3,106464.8,106397.8,106464.8,9693243.733600002
2025-11-10 09:47:59.849000+00:00,2025-11-10 09:45:00+00:00,continuous,106464.7,106511.0,106410.7,106442.7,20272136.24390001
2025-11-10 09:50:59.631000+00:00,2025-11-10 09:48:00+00:00,continuous,106442.8,106570.0,106407.2,106488.4,37444496.475599974
2025-11-10 09:53:59.789000+00:00,2025-11-10 09:51:00+00:00,continuous,106488.5,106520.0,106422.3,106443.7,36083019.61769997
2025-11-10 09:56:59.737000+00:00,2025-11-10 09:54:00+00:00,continuous,106443.8,106443.8,106330.9,106353.6,28935621.52580003
2025-11-10 09:59:59.878000+00:00,2025-11-10 09:57:00+00:00,continuous,106353.6,106402.0,106339.9,106402.0,14106112.444200002
2025-11-10 10:02:59.916000+00:00,2025-11-10 10:00:00+00:00,continuous,106402.0,106416.4,106262.0,106285.2,27815543.619999927
2025-11-10 10:05:58.697000+00:00,2025-11-10 10:03:00+00:00,continuous,106285.2,106368.6,106272.1,106314.0,16140572.227299986
2025-11-10 10:08:59.948000+00:00,2025-11-10 10:06:00+00:00,continuous,106314.0,106314.0,106249.7,106277.4,13632325.656100012
2025-11-10 10:11:59.519000+00:00,2025-11-10 10:09:00+00:00,continuous,106277.5,106340.1,106259.2,106260.0,17666942.48319999
2025-11-10 10:14:59.819000+00:00,2025-11-10 10:12:00+00:00,continuous,106260.0,106260.0,106219.6,106227.6,9202502.688000012
2025-11-10 10:17:59.542000+00:00,2025-11-10 10:15:00+00:00,continuous,106227.7,106341.9,106227.4,106307.1,9146797.173000012
2025-11-10 10:20:59.736000+00:00,2025-11-10 10:18:00+00:00,continuous,106307.0,106314.4,106262.4,106287.3,4186980.607199997
2025-11-10 10:23:59.898000+00:00,2025-11-10 10:21:00+00:00,continuous,106287.3,106287.3,106242.2,106265.0,5556512.228100002
2025-11-10 10:26:59.895000+00:00,2025-11-10 10:24:00+00:00,continuous,106265.1,106287.8,106180.9,106216.0,13657824.514000017
2025-11-10 10:29:59.284000+00:00,2025-11-10 10:27:00+00:00,continuous,106215.9,106216.0,106107.7,106112.0,13208453.330900002
2025-11-10 10:32:59.745000+00:00,2025-11-10 10:30:00+00:00,continuous,106112.1,106124.4,106050.0,106050.0,10221408.169699993
2025-11-10 10:35:59.851000+00:00,2025-11-10 10:33:00+00:00,continuous,106050.1,106105.7,106003.7,106086.4,13055838.517200042
2025-11-10 10:38:59.946000+00:00,2025-11-10 10:36:00+00:00,continuous,106086.5,106086.5,105964.5,106040.7,22646633.360300027
2025-11-10 10:41:59.855000+00:00,2025-11-10 10:39:00+00:00,continuous,106040.6,106063.6,105989.2,106034.2,13797301.882799994
2025-11-10 10:44:59.899000+00:00,2025-11-10 10:42:00+00:00,continuous,106034.3,106037.8,106003.9,106004.0,12214618.513400014
2025-11-10 10:47:59.735000+00:00,2025-11-10 10:45:00+00:00,continuous,106004.0,106099.5,106003.9,106099.4,9246376.32460001
2025-11-10 10:50:59.861000+00:00,2025-11-10 10:48:00+00:00,continuous,106099.5,106135.3,106004.0,106004.1,14516858.881100032
2025-11-10 10:53:59.605000+00:00,2025-11-10 10:51:00+00:00,continuous,106004.0,106021.4,105976.9,106019.5,10802700.85470003
2025-11-10 10:56:59.811000+00:00,2025-11-10 10:54:00+00:00,continuous,106019.5,106052.9,105916.0,105916.1,14757255.626899984
2025-11-10 10:59:59.504000+00:00,2025-11-10 10:57:00+00:00,continuous,105916.1,105985.4,105916.0,105946.1,12350271.782600036
2025-11-10 11:02:59.627000+00:00,2025-11-10 11:00:00+00:00,continuous,105946.1,105981.8,105937.0,105951.3,11722357.768899996
2025-11-10 11:05:59.640000+00:00,2025-11-10 11:03:00+00:00,continuous,105951.3,106045.1,105944.4,106019.5,20173669.71929998
2025-11-10 11:08:59.891000+00:00,2025-11-10 11:06:00+00:00,continuous,106019.5,106026.4,105900.8,105900.9,8980611.95099999
2025-11-10 11:11:59.692000+00:00,2025-11-10 11:09:00+00:00,continuous,105901.0,106051.6,105900.9,106051.6,9594791.694299992
2025-11-10 11:14:59.971000+00:00,2025-11-10 11:12:00+00:00,continuous,106051.6,106097.2,106005.0,106005.1,12739060.665800003
2025-11-10 11:17:59.697000+00:00,2025-11-10 11:15:00+00:00,continuous,106005.1,106105.6,106005.0,106033.1,17497908.693799965
2025-11-10 11:20:59.902000+00:00,2025-11-10 11:18:00+00:00,continuous,106033.0,106055.4,105966.0,105993.9,8864517.78490001
2025-11-10 11:23:59.695000+00:00,2025-11-10 11:21:00+00:00,continuous,105994.0,106061.6,105986.2,106033.8,6314442.970499998
2025-11-10 11:26:59.894000+00:00,2025-11-10 11:24:00+00:00,continuous,106033.7,106181.5,106026.5,106148.1,11516299.237299984
2025-11-10 11:29:59.894000+00:00,2025-11-10 11:27:00+00:00,continuous,106148.2,106215.5,106116.3,106116.4,9658925.230699977
2025-11-10 11:32:59.835000+00:00,2025-11-10 11:30:00+00:00,continuous,106116.4,106207.6,106116.4,106189.7,11341223.196300006
2025-11-10 11:35:59.683000+00:00,2025-11-10 11:33:00+00:00,continuous,106189.6,106189.7,106127.9,106128.0,6204224.988899997
2025-11-10 11:38:59.699000+00:00,2025-11-10 11:36:00+00:00,continuous,106127.9,106164.5,106106.1,106130.0,5450577.5063000005
2025-11-10 11:41:59.844000+00:00,2025-11-10 11:39:00+00:00,continuous,106129.9,106242.2,106116.1,106199.7,15951631.504199995
2025-11-10 11:44:59.780000+00:00,2025-11-10 11:42:00+00:00,continuous,106199.7,106250.0,106192.2,106236.0,9846646.560999986
2025-11-10 11:47:59.845000+00:00,2025-11-10 11:45:00+00:00,continuous,106235.9,106279.0,106226.3,106236.7,8238984.737800008
2025-11-10 11:50:59.867000+00:00,2025-11-10 11:48:00+00:00,continuous,106236.8,106287.7,106200.0,106253.8,19322850.929799948
2025-11-10 11:53:59.938000+00:00,2025-11-10 11:51:00+00:00,continuous,106253.7,106253.7,106192.7,106202.0,6996523.087199985
2025-11-10 11:56:59.467000+00:00,2025-11-10 11:54:00+00:00,continuous,106201.9,106202.0,106157.1,106167.8,5450727.438899986
2025-11-10 11:59:59.695000+00:00,2025-11-10 11:57:00+00:00,continuous,106167.8,106167.9,106096.6,106136.6,11507262.303800002
2025-11-10 12:02:59.561000+00:00,2025-11-10 12:00:00+00:00,continuous,106136.5,106176.6,106073.2,106088.1,12489818.085099993
2025-11-10 12:05:59.977000+00:00,2025-11-10 12:03:00+00:00,continuous,106088.1,106088.1,105817.6,105840.6,54683732.8636
2025-11-10 12:08:59.870000+00:00,2025-11-10 12:06:00+00:00,continuous,105840.5,105873.2,105804.3,105859.0,36403375.27219999
2025-11-10 12:11:59.783000+00:00,2025-11-10 12:09:00+00:00,continuous,105859.0,106022.3,105820.1,105970.0,23440991.004299957
2025-11-10 12:14:59.849000+00:00,2025-11-10 12:12:00+00:00,continuous,105970.1,105970.1,105896.4,105946.1,11217596.132299999
2025-11-10 12:17:59.849000+00:00,2025-11-10 12:15:00+00:00,continuous,105946.1,105971.5,105896.6,105896.6,11713066.190300021
2025-11-10 12:20:59.759000+00:00,2025-11-10 12:18:00+00:00,continuous,105896.7,105998.9,105890.0,105962.2,11353328.90430003
2025-11-10 12:23:59.717000+00:00,2025-11-10 12:21:00+00:00,continuous,105962.3,106018.9,105928.2,105941.8,15507842.012700012
2025-11-10 12:26:59.799000+00:00,2025-11-10 12:24:00+00:00,continuous,105941.8,105987.8,105919.6,105938.7,6952418.585
2025-11-10 12:29:59.964000+00:00,2025-11-10 12:27:00+00:00,continuous,105938.8,105938.8,105866.0,105878.2,6589024.209100008
2025-11-10 12:32:59.790000+00:00,2025-11-10 12:30:00+00:00,continuous,105878.3,105930.0,105863.3,105905.0,9486163.673300007
2025-11-10 12:35:59.857000+00:00,2025-11-10 12:33:00+00:00,continuous,105905.0,105989.4,105859.1,105989.3,7645465.072400002
2025-11-10 12:38:59.743000+00:00,2025-11-10 12:36:00+00:00,continuous,105989.4,105989.4,105825.7,105872.0,15394660.48990001
2025-11-10 12:41:59.927000+00:00,2025-11-10 12:39:00+00:00,continuous,105872.0,105994.7,105871.7,105916.9,12419954.69310002
2025-11-10 12:44:59.736000+00:00,2025-11-10 12:42:00+00:00,continuous,105916.9,105935.2,105866.0,105894.0,7165575.579699996
2025-11-10 12:47:59.497000+00:00,2025-11-10 12:45:00+00:00,continuous,105893.9,105894.4,105845.4,105845.4,30355898.462099988
2025-11-10 12:50:59.905000+00:00,2025-11-10 12:48:00+00:00,continuous,105845.4,105929.0,105844.2,105883.3,29734082.930799957
2025-11-10 12:53:59.916000+00:00,2025-11-10 12:51:00+00:00,continuous,105883.3,105930.0,105858.2,105922.1,30897037.24349997
2025-11-10 12:56:59.696000+00:00,2025-11-10 12:54:00+00:00,continuous,105922.1,105934.7,105876.1,105890.2,6768850.240599995
2025-11-10 12:59:59.852000+00:00,2025-11-10 12:57:00+00:00,continuous,105890.2,105927.1,105858.8,105900.1,16934685.689500023
2025-11-10 13:02:59.923000+00:00,2025-11-10 13:00:00+00:00,continuous,105900.1,105939.3,105869.0,105939.3,12333204.194399998
2025-11-10 13:05:59.923000+00:00,2025-11-10 13:03:00+00:00,continuous,105939.2,106299.0,105939.2,106265.4,103551219.0052001
2025-11-10 13:08:59.961000+00:00,2025-11-10 13:06:00+00:00,continuous,106265.5,106542.8,106217.8,106433.9,79667411.6661004
2025-11-10 13:11:59.985000+00:00,2025-11-10 13:09:00+00:00,continuous,106433.8,106525.8,106372.0,106431.8,60621639.10419994
2025-11-10 13:14:59.955000+00:00,2025-11-10 13:12:00+00:00,continuous,106431.9,106431.9,106187.6,106204.9,35421639.85479992
2025-11-10 13:17:59.917000+00:00,2025-11-10 13:15:00+00:00,continuous,106205.0,106312.6,106174.4,106184.2,25058745.75530001
2025-11-10 13:20:59.905000+00:00,2025-11-10 13:18:00+00:00,continuous,106184.3,106220.0,106101.1,106137.7,35346304.3731
2025-11-10 13:23:59.696000+00:00,2025-11-10 13:21:00+00:00,continuous,106137.8,106164.4,106000.1,106060.1,22864972.24730003
2025-11-10 13:26:59.943000+00:00,2025-11-10 13:24:00+00:00,continuous,106060.0,106214.5,106036.1,106197.4,26174089.345599994
2025-11-10 13:29:59.692000+00:00,2025-11-10 13:27:00+00:00,continuous,106197.4,106300.0,106196.7,106256.1,18680951.814899996
2025-11-10 13:32:59.934000+00:00,2025-11-10 13:30:00+00:00,continuous,106256.1,106400.0,106256.0,106371.3,19595045.435999975
2025-11-10 13:35:59.985000+00:00,2025-11-10 13:33:00+00:00,continuous,106371.4,106436.6,106300.9,106397.3,28875770.69449997
2025-11-10 13:38:59.637000+00:00,2025-11-10 13:36:00+00:00,continuous,106397.3,106497.4,106371.3,106492.7,27796194.579900064
2025-11-10 13:41:59.847000+00:00,2025-11-10 13:39:00+00:00,continuous,106492.6,106519.4,106400.1,106483.3,42398086.26110003
2025-11-10 13:44:59.947000+00:00,2025-11-10 13:42:00+00:00,continuous,106483.3,106483.3,106365.8,106365.9,23079859.865400005
2025-11-10 13:47:59.900000+00:00,2025-11-10 13:45:00+00:00,continuous,106365.8,106518.8,106365.8,106410.3,21400688.224199977
2025-11-10 13:50:59.977000+00:00,2025-11-10 13:48:00+00:00,continuous,106410.4,106448.6,106350.0,106430.8,20091614.612399984
2025-11-10 13:53:59.694000+00:00,2025-11-10 13:51:00+00:00,continuous,106430.7,106480.0,106412.5,106428.5,8891048.7868
2025-11-10 13:56:59.962000+00:00,2025-11-10 13:54:00+00:00,continuous,106428.5,106488.0,106366.8,106481.5,8286091.5633000145
2025-11-10 13:59:59.939000+00:00,2025-11-10 13:57:00+00:00,continuous,106481.4,106566.7,106481.4,106509.4,23107485.514100026
2025-11-10 14:02:59.946000+00:00,2025-11-10 14:00:00+00:00,continuous,106509.4,106509.4,106359.8,106382.1,25039548.853400033
2025-11-10 14:05:59.909000+00:00,2025-11-10 14:03:00+00:00,continuous,106382.1,106382.2,106182.0,106271.4,52995745.706500046
2025-11-10 14:08:59.952000+00:00,2025-11-10 14:06:00+00:00,continuous,106271.5,106363.4,106258.5,106285.3,18648879.185900033
2025-11-10 14:11:59.719000+00:00,2025-11-10 14:09:00+00:00,continuous,106285.3,106450.0,106243.7,106273.2,34944385.79100013
2025-11-10 14:14:59.806000+00:00,2025-11-10 14:12:00+00:00,continuous,106273.2,106287.6,106122.0,106207.6,22967696.46249998
2025-11-10 14:17:59.537000+00:00,2025-11-10 14:15:00+00:00,continuous,106207.6,106281.1,106128.9,106253.4,17681527.514300067
2025-11-10 14:20:59.697000+00:00,2025-11-10 14:18:00+00:00,continuous,106253.4,106280.0,106200.0,106236.9,10255413.164600015
2025-11-10 14:23:59.968000+00:00,2025-11-10 14:21:00+00:00,continuous,106236.8,106326.9,106192.6,106222.8,14526494.386499971
2025-11-10 14:26:59.610000+00:00,2025-11-10 14:24:00+00:00,continuous,106222.9,106222.9,106130.0,106191.2,17745931.215499967
2025-11-10 14:29:59.940000+00:00,2025-11-10 14:27:00+00:00,continuous,106191.3,106211.1,106096.3,106139.0,19832547.00480001
2025-11-10 14:32:59.979000+00:00,2025-11-10 14:30:00+00:00,continuous,106139.0,106186.0,105885.0,105960.0,70494805.53299996
2025-11-10 14:35:59.987000+00:00,2025-11-10 14:33:00+00:00,continuous,105960.1,106095.7,105824.3,105902.2,59643166.01779986
2025-11-10 14:38:59.996000+00:00,2025-11-10 14:36:00+00:00,continuous,105902.3,105940.0,105630.0,105724.6,112764803.06769988
2025-11-10 14:41:59.856000+00:00,2025-11-10 14:39:00+00:00,continuous,105724.6,105731.6,105518.9,105660.2,74369879.71159987
2025-11-10 14:44:59.997000+00:00,2025-11-10 14:42:00+00:00,continuous,105660.2,105697.9,105550.0,105611.6,39052744.15640003
2025-11-10 14:47:59.901000+00:00,2025-11-10 14:45:00+00:00,continuous,105611.7,105666.1,105211.7,105295.8,207029576.6577989
2025-11-10 14:50:59.965000+00:00,2025-11-10 14:48:00+00:00,continuous,105295.8,105299.5,105133.0,105204.1,96543630.8390999
2025-11-10 14:53:59.957000+00:00,2025-11-10 14:51:00+00:00,continuous,105204.1,105204.1,104827.1,104867.2,190771174.66069996
2025-11-10 14:56:59.962000+00:00,2025-11-10 14:54:00+00:00,continuous,104867.2,104873.6,104615.7,104781.3,226143323.07800058
2025-11-10 14:59:59.974000+00:00,2025-11-10 14:57:00+00:00,continuous,104781.2,104983.5,104660.3,104846.5,89832776.29809971
2025-11-10 15:02:59.778000+00:00,2025-11-10 15:00:00+00:00,continuous,104846.6,104961.3,104744.3,104821.4,84129827.71840027
2025-11-10 15:05:59.815000+00:00,2025-11-10 15:03:00+00:00,continuous,104821.4,105164.8,104755.4,105018.8,95762556.19419985
2025-11-10 15:08:59.994000+00:00,2025-11-10 15:06:00+00:00,continuous,105018.8,105245.0,105000.0,105153.0,69134948.5619001
2025-11-10 15:11:59.979000+00:00,2025-11-10 15:09:00+00:00,continuous,105153.0,105300.0,105126.3,105164.2,53658049.90000014
2025-11-10 15:14:59.928000+00:00,2025-11-10 15:12:00+00:00,continuous,105164.2,105292.5,104951.8,104951.8,65503411.031600036
2025-11-10 15:17:59.977000+00:00,2025-11-10 15:15:00+00:00,continuous,104951.8,105203.4,104912.9,105113.9,44698106.085800014
2025-11-10 15:20:59.991000+00:00,2025-11-10 15:18:00+00:00,continuous,105114.0,105245.6,104943.3,105245.6,47522542.84720003
2025-11-10 15:23:59.964000+00:00,2025-11-10 15:21:00+00:00,continuous,105245.5,105368.8,105138.1,105330.3,49956235.131700024
2025-11-10 15:26:59.801000+00:00,2025-11-10 15:24:00+00:00,continuous,105330.2,105399.6,105220.4,105262.5,44124180.13819973
2025-11-10 15:29:59.822000+00:00,2025-11-10 15:27:00+00:00,continuous,105262.4,105458.1,105203.0,105427.1,30217081.872899957
2025-11-10 15:32:59.973000+00:00,2025-11-10 15:30:00+00:00,continuous,105427.2,105584.7,105392.4,105573.0,63308463.16679984
2025-11-10 15:35:59.944000+00:00,2025-11-10 15:33:00+00:00,continuous,105573.0,105573.0,105314.7,105380.0,32630806.35839991
2025-11-10 15:38:59.998000+00:00,2025-11-10 15:36:00+00:00,continuous,105379.9,105477.0,105230.0,105252.5,34257537.31630012
2025-11-10 15:41:59.747000+00:00,2025-11-10 15:39:00+00:00,continuous,105252.4,105339.7,105193.1,105310.0,45817757.203300096
2025-11-10 15:44:59.894000+00:00,2025-11-10 15:42:00+00:00,continuous,105310.0,105406.6,105279.3,105350.4,38653250.23349998
2025-11-10 15:47:59.932000+00:00,2025-11-10 15:45:00+00:00,continuous,105350.4,105372.9,105202.5,105204.1,19946401.508200005
2025-11-10 15:50:59.998000+00:00,2025-11-10 15:48:00+00:00,continuous,105204.0,105217.9,105015.0,105039.1,43897145.20530002
2025-11-10 15:53:59.815000+00:00,2025-11-10 15:51:00+00:00,continuous,105039.0,105039.1,104617.0,104865.2,130476091.1585001
2025-11-10 15:56:59.823000+00:00,2025-11-10 15:54:00+00:00,continuous,104865.2,104995.3,104708.8,104951.0,52447379.84339988
2025-11-10 15:59:59.913000+00:00,2025-11-10 15:57:00+00:00,continuous,104951.1,105047.1,104853.3,105028.9,43023042.26589988
2025-11-10 16:02:59.787000+00:00,2025-11-10 16:00:00+00:00,continuous,105029.0,105093.1,104854.5,104961.1,40528314.7264
2025-11-10 16:05:59.949000+00:00,2025-11-10 16:03:00+00:00,continuous,104961.1,105036.3,104762.2,104956.7,37998557.634
2025-11-10 16:08:59.962000+00:00,2025-11-10 16:06:00+00:00,continuous,104956.7,105183.7,104895.0,105112.3,55654080.39260005
2025-11-10 16:11:59.903000+00:00,2025-11-10 16:09:00+00:00,continuous,105112.3,105278.9,105042.2,105278.9,30798316.45979997
2025-11-10 16:14:59.805000+00:00,2025-11-10 16:12:00+00:00,continuous,105278.9,105320.6,105176.1,105259.1,26073319.377800055
2025-11-10 16:17:59.732000+00:00,2025-11-10 16:15:00+00:00,continuous,105259.0,105306.0,105151.0,105155.8,18652612.29070001
2025-11-10 16:20:59.655000+00:00,2025-11-10 16:18:00+00:00,continuous,105155.9,105263.2,105131.7,105231.0,14698158.127200006
2025-11-10 16:23:59.942000+00:00,2025-11-10 16:21:00+00:00,continuous,105231.0,105231.0,104963.1,105164.1,30369534.11130007
2025-11-10 16:26:59.897000+00:00,2025-11-10 16:24:00+00:00,continuous,105164.2,105166.1,105050.0,105050.0,17612893.8305
2025-11-10 16:29:59.947000+00:00,2025-11-10 16:27:00+00:00,continuous,105050.0,105150.0,104997.8,105136.3,12313198.78350001
2025-11-10 16:32:59.335000+00:00,2025-11-10 16:30:00+00:00,continuous,105135.9,105283.6,105103.0,105266.9,19490860.018300027
2025-11-10 16:35:59.988000+00:00,2025-11-10 16:33:00+00:00,continuous,105266.9,105314.6,104995.6,105043.4,29271611.50269999
2025-11-10 16:38:59.763000+00:00,2025-11-10 16:36:00+00:00,continuous,105043.5,105130.0,104959.8,105130.0,33729048.109400064
2025-11-10 16:41:59.871000+00:00,2025-11-10 16:39:00+00:00,continuous,105130.0,105178.3,104958.3,104970.4,17743502.182
2025-11-10 16:44:59.694000+00:00,2025-11-10 16:42:00+00:00,continuous,104970.4,105070.0,104854.2,104924.1,28709427.164499965
2025-11-10 16:47:59.895000+00:00,2025-11-10 16:45:00+00:00,continuous,104924.0,104940.0,104735.6,104920.9,53986840.85229989
2025-11-10 16:50:58.835000+00:00,2025-11-10 16:48:00+00:00,continuous,104920.9,105126.9,104889.5,105017.7,23382218.45999998
2025-11-10 16:53:59.679000+00:00,2025-11-10 16:51:00+00:00,continuous,105017.7,105084.0,104967.0,105083.9,35138155.78449999
2025-11-10 16:56:59.742000+00:00,2025-11-10 16:54:00+00:00,continuous,105083.9,105145.6,105005.8,105112.4,26087634.34909999
2025-11-10 16:59:59.981000+00:00,2025-11-10 16:57:00+00:00,continuous,105112.5,105229.3,105072.4,105189.2,20549481.676900007
2025-11-10 17:02:59.604000+00:00,2025-11-10 17:00:00+00:00,continuous,105189.1,105287.5,105132.3,105198.8,18532268.315100018
2025-11-10 17:05:59.958000+00:00,2025-11-10 17:03:00+00:00,continuous,105198.9,105357.5,105188.6,105357.3,22690530.28030001
2025-11-10 17:08:59.502000+00:00,2025-11-10 17:06:00+00:00,continuous,105357.4,105478.9,105315.2,105352.4,36288835.03900011
2025-11-10 17:11:59.676000+00:00,2025-11-10 17:09:00+00:00,continuous,105352.3,105374.5,105204.1,105241.5,12374878.441899966
2025-11-10 17:14:59.944000+00:00,2025-11-10 17:12:00+00:00,continuous,105241.5,105324.7,105219.2,105244.7,12670214.475299966
2025-11-10 17:17:59.945000+00:00,2025-11-10 17:15:00+00:00,continuous,105244.8,105376.5,105220.0,105360.9,16784500.928899985
2025-11-10 17:20:59.985000+00:00,2025-11-10 17:18:00+00:00,continuous,105360.8,105414.7,105266.1,105312.1,14064624.205499988
2025-11-10 17:23:59.628000+00:00,2025-11-10 17:21:00+00:00,continuous,105312.0,105425.1,105305.5,105367.3,9787247.71470001
2025-11-10 17:26:59.903000+00:00,2025-11-10 17:24:00+00:00,continuous,105367.2,105378.6,105250.2,105294.6,10893563.334199976
2025-11-10 17:29:59.690000+00:00,2025-11-10 17:27:00+00:00,continuous,105294.5,105432.2,105280.1,105312.6,8826205.576599991
2025-11-10 17:32:59.746000+00:00,2025-11-10 17:30:00+00:00,continuous,105312.6,105445.8,105312.6,105431.6,10337733.102300012
2025-11-10 17:35:59.827000+00:00,2025-11-10 17:33:00+00:00,continuous,105431.7,105470.7,105376.5,105450.0,11537961.705599977
2025-11-10 17:38:59.852000+00:00,2025-11-10 17:36:00+00:00,continuous,105449.9,105665.9,105417.9,105620.1,43137491.33399998
2025-11-10 17:41:59.711000+00:00,2025-11-10 17:39:00+00:00,continuous,105620.2,105700.0,105598.3,105695.7,29756174.412200067
2025-11-10 17:44:59.702000+00:00,2025-11-10 17:42:00+00:00,continuous,105695.6,105720.0,105585.6,105638.7,27971575.86779999
2025-11-10 17:47:59.988000+00:00,2025-11-10 17:45:00+00:00,continuous,105638.7,105889.5,105638.7,105770.6,64509429.40769992
2025-11-10 17:50:59.862000+00:00,2025-11-10 17:48:00+00:00,continuous,105770.6,105831.2,105770.6,105823.2,13495058.8071
2025-11-10 17:53:59.699000+00:00,2025-11-10 17:51:00+00:00,continuous,105823.2,105833.1,105734.5,105751.2,21715903.84340001
2025-11-10 17:56:59.957000+00:00,2025-11-10 17:54:00+00:00,continuous,105751.2,105798.0,105692.8,105725.2,21450989.745900024
2025-11-10 17:59:59.963000+00:00,2025-11-10 17:57:00+00:00,continuous,105725.2,105962.6,105714.0,105906.6,50126067.390800126
2025-11-10 18:02:59.732000+00:00,2025-11-10 18:00:00+00:00,continuous,105906.6,106081.1,105810.2,105810.2,63389282.4848999
2025-11-10 18:05:59.738000+00:00,2025-11-10 18:03:00+00:00,continuous,105810.0,105895.7,105765.7,105783.0,31084970.736200012
2025-11-10 18:08:59.966000+00:00,2025-11-10 18:06:00+00:00,continuous,105783.0,105857.6,105738.0,105738.1,17133473.313199986
2025-11-10 18:11:59.274000+00:00,2025-11-10 18:09:00+00:00,continuous,105738.0,105831.3,105730.6,105791.9,14060710.177299974
2025-11-10 18:14:59.908000+00:00,2025-11-10 18:12:00+00:00,continuous,105791.9,105809.2,105657.0,105670.3,20200406.016200036
2025-11-10 18:17:59.735000+00:00,2025-11-10 18:15:00+00:00,continuous,105670.3,105802.5,105657.0,105788.0,23650160.658499964
2025-11-10 18:20:59.940000+00:00,2025-11-10 18:18:00+00:00,continuous,105787.9,105889.9,105744.1,105761.5,12863892.304500043
2025-11-10 18:23:59.883000+00:00,2025-11-10 18:21:00+00:00,continuous,105761.5,106018.8,105761.4,105943.7,19289574.972600024
2025-11-10 18:26:59.684000+00:00,2025-11-10 18:24:00+00:00,continuous,105943.7,105992.9,105900.0,105950.1,14507707.865799986
2025-11-10 18:29:59.996000+00:00,2025-11-10 18:27:00+00:00,continuous,105950.1,105989.9,105848.0,105858.9,12372266.485299997
2025-11-10 18:32:59.995000+00:00,2025-11-10 18:30:00+00:00,continuous,105859.0,105873.7,105750.8,105847.1,29519303.26079999
2025-11-10 18:35:59.812000+00:00,2025-11-10 18:33:00+00:00,continuous,105847.5,105913.8,105774.1,105794.5,19311540.457100008
2025-11-10 18:38:59.701000+00:00,2025-11-10 18:36:00+00:00,continuous,105794.5,105906.0,105794.5,105840.7,10006089.346199995
2025-11-10 18:41:59.692000+00:00,2025-11-10 18:39:00+00:00,continuous,105840.8,105866.6,105797.1,105807.9,7338887.507299996
2025-11-10 18:44:59.881000+00:00,2025-11-10 18:42:00+00:00,continuous,105807.9,105867.0,105790.4,105833.9,7016779.20519999
2025-11-10 18:47:59.540000+00:00,2025-11-10 18:45:00+00:00,continuous,105834.0,105887.1,105764.9,105835.4,10373861.421999978
2025-11-10 18:50:59.903000+00:00,2025-11-10 18:48:00+00:00,continuous,105835.5,105925.4,105779.4,105798.9,10291849.251399996
2025-11-10 18:53:59.726000+00:00,2025-11-10 18:51:00+00:00,continuous,105798.9,105883.5,105774.8,105794.5,7018523.574000013
2025-11-10 18:56:59.926000+00:00,2025-11-10 18:54:00+00:00,continuous,105794.6,105794.6,105565.2,105595.1,23593840.700400025
2025-11-10 18:59:59.920000+00:00,2025-11-10 18:57:00+00:00,continuous,105595.0,105595.1,105420.0,105435.8,25168826.469999902
2025-11-10 19:02:59.881000+00:00,2025-11-10 19:00:00+00:00,continuous,105435.9,105471.9,105354.0,105390.9,28159616.493999984
2025-11-10 19:05:59.841000+00:00,2025-11-10 19:03:00+00:00,continuous,105390.8,105565.4,105390.8,105565.4,20378606.73390002
2025-11-10 19:08:59.530000+00:00,2025-11-10 19:06:00+00:00,continuous,105565.8,105621.3,105536.4,105613.7,12328351.478999974
2025-11-10 19:11:59.765000+00:00,2025-11-10 19:09:00+00:00,continuous,105613.7,105650.0,105546.4,105638.9,11974951.798100008
2025-11-10 19:14:59.909000+00:00,2025-11-10 19:12:00+00:00,continuous,105638.9,105675.1,105596.8,105596.9,7221892.106400016
2025-11-10 19:17:59.807000+00:00,2025-11-10 19:15:00+00:00,continuous,105596.8,105648.5,105546.4,105624.9,8427079.536599979
2025-11-10 19:20:59.179000+00:00,2025-11-10 19:18:00+00:00,continuous,105624.9,105637.3,105564.8,105600.3,4631572.623600003
2025-11-10 19:23:59.660000+00:00,2025-11-10 19:21:00+00:00,continuous,105600.4,105606.7,105520.6,105598.9,6188728.418100003
2025-11-10 19:26:59.726000+00:00,2025-11-10 19:24:00+00:00,continuous,105598.9,105644.2,105584.0,105625.8,3483823.037900006
2025-11-10 19:29:59.884000+00:00,2025-11-10 19:27:00+00:00,continuous,105625.8,105741.3,105625.7,105667.8,12707897.426800018
2025-11-10 19:32:59.879000+00:00,2025-11-10 19:30:00+00:00,continuous,105667.8,105705.8,105550.7,105553.4,9180681.187199995
2025-11-10 19:35:59.825000+00:00,2025-11-10 19:33:00+00:00,continuous,105553.5,105569.7,105412.8,105486.5,16761260.107299985
2025-11-10 19:38:59.780000+00:00,2025-11-10 19:36:00+00:00,continuous,105486.6,105550.0,105443.0,105549.9,5958484.9191000005
2025-11-10 19:41:59.852000+00:00,2025-11-10 19:39:00+00:00,continuous,105549.9,105872.9,105549.9,105843.0,27996696.502499953
2025-11-10 19:44:59.361000+00:00,2025-11-10 19:42:00+00:00,continuous,105843.1,105853.0,105746.1,105750.3,18866448.470500007
2025-11-10 19:47:59.953000+00:00,2025-11-10 19:45:00+00:00,continuous,105750.2,105950.0,105741.9,105899.0,58892161.89640004
2025-11-10 19:50:59.118000+00:00,2025-11-10 19:48:00+00:00,continuous,105899.0,105967.7,105846.4,105872.0,18305166.29659999
2025-11-10 19:53:59.568000+00:00,2025-11-10 19:51:00+00:00,continuous,105872.0,105935.3,105869.4,105930.1,8882579.921900004
2025-11-10 19:56:59.619000+00:00,2025-11-10 19:54:00+00:00,continuous,105930.0,106000.0,105885.5,105915.0,14680948.676000016
2025-11-10 19:59:59.861000+00:00,2025-11-10 19:57:00+00:00,continuous,105915.0,105921.9,105699.0,105767.2,18995457.211899992
2025-11-10 20:02:59.934000+00:00,2025-11-10 20:00:00+00:00,continuous,105767.1,105850.8,105750.3,105850.7,11547296.791799977
2025-11-10 20:05:59.936000+00:00,2025-11-10 20:03:00+00:00,continuous,105850.8,105943.1,105831.3,105862.9,16241991.556000048
2025-11-10 20:08:59.771000+00:00,2025-11-10 20:06:00+00:00,continuous,105862.9,105970.5,105862.9,105955.5,7559121.815099992
2025-11-10 20:11:59.728000+00:00,2025-11-10 20:09:00+00:00,continuous,105955.6,105997.4,105922.9,105967.7,12234500.32839999
2025-11-10 20:14:59.821000+00:00,2025-11-10 20:12:00+00:00,continuous,105967.8,106249.6,105967.8,106179.5,75362380.11379988
2025-11-10 20:17:59.492000+00:00,2025-11-10 20:15:00+00:00,continuous,106179.5,106206.1,106033.5,106057.9,17093985.920099996
2025-11-10 20:20:59.632000+00:00,2025-11-10 20:18:00+00:00,continuous,106057.8,106185.5,106057.8,106086.3,24914445.013299942
2025-11-10 20:23:59.434000+00:00,2025-11-10 20:21:00+00:00,continuous,106086.3,106104.2,105933.4,106027.8,24293173.79980005
2025-11-10 20:26:59.911000+00:00,2025-11-10 20:24:00+00:00,continuous,106027.7,106070.3,105993.2,106060.0,11862719.489200013
2025-11-10 20:29:59.890000+00:00,2025-11-10 20:27:00+00:00,continuous,106060.0,106092.8,105970.0,105984.0,10187806.321300006
2025-11-10 20:32:59.167000+00:00,2025-11-10 20:30:00+00:00,continuous,105984.1,105989.9,105872.1,105881.3,13594700.566100009
2025-11-10 20:35:59.421000+00:00,2025-11-10 20:33:00+00:00,continuous,105881.4,106109.5,105881.3,106083.2,8617044.524399985
2025-11-10 20:38:59.441000+00:00,2025-11-10 20:36:00+00:00,continuous,106083.7,106206.1,106083.7,106175.1,16225653.780099995
2025-11-10 20:41:59.688000+00:00,2025-11-10 20:39:00+00:00,continuous,106175.0,106210.0,106128.0,106184.6,13765845.823199982
2025-11-10 20:44:59.503000+00:00,2025-11-10 20:42:00+00:00,continuous,106184.5,106210.0,106170.0,106192.9,8738654.38629999
2025-11-10 20:47:59.470000+00:00,2025-11-10 20:45:00+00:00,continuous,106192.9,106217.4,106128.1,106187.9,16661091.177000001
2025-11-10 20:50:59.897000+00:00,2025-11-10 20:48:00+00:00,continuous,106187.9,106222.0,105923.2,105955.0,29841083.860599943
2025-11-10 20:53:59.629000+00:00,2025-11-10 20:51:00+00:00,continuous,105955.0,105988.1,105906.1,105988.1,14358599.06870002
2025-11-10 20:56:59.473000+00:00,2025-11-10 20:54:00+00:00,continuous,105988.1,105998.3,105771.3,105878.4,20309833.788000036
2025-11-10 20:59:59.353000+00:00,2025-11-10 20:57:00+00:00,continuous,105878.4,106016.5,105827.9,105956.7,16000026.990699984
2025-11-10 21:02:59.643000+00:00,2025-11-10 21:00:00+00:00,continuous,105956.7,105973.9,105760.5,105900.0,18503314.570900016
2025-11-10 21:05:59.610000+00:00,2025-11-10 21:03:00+00:00,continuous,105899.9,105917.3,105676.7,105733.8,19815633.06880003
2025-11-10 21:08:59.980000+00:00,2025-11-10 21:06:00+00:00,continuous,105733.7,105733.7,105591.8,105591.8,33834196.012299955
2025-11-10 21:11:59.973000+00:00,2025-11-10 21:09:00+00:00,continuous,105591.7,105696.5,105576.1,105660.4,13869918.849900026
2025-11-10 21:14:59.748000+00:00,2025-11-10 21:12:00+00:00,continuous,105660.4,105666.2,105461.2,105547.6,18045511.18320002
2025-11-10 21:17:59.993000+00:00,2025-11-10 21:15:00+00:00,continuous,105547.7,105550.7,105434.9,105508.2,16399635.30420002
2025-11-10 21:20:59.545000+00:00,2025-11-10 21:18:00+00:00,continuous,105508.2,105666.0,105508.2,105625.1,14006950.858399974
2025-11-10 21:23:59.531000+00:00,2025-11-10 21:21:00+00:00,continuous,105625.1,105675.1,105543.5,105546.4,7963405.729500007
2025-11-10 21:26:59.303000+00:00,2025-11-10 21:24:00+00:00,continuous,105546.5,105574.8,105467.8,105507.7,8369307.121900007
2025-11-10 21:29:59.803000+00:00,2025-11-10 21:27:00+00:00,continuous,105507.7,105513.2,105465.9,105505.9,4866324.368300009
2025-11-10 21:32:59.701000+00:00,2025-11-10 21:30:00+00:00,continuous,105505.9,105594.4,105488.8,105549.6,9547246.722199995
2025-11-10 21:35:59.695000+00:00,2025-11-10 21:33:00+00:00,continuous,105549.7,105550.3,105511.4,105531.5,4917438.191900005
2025-11-10 21:38:59.740000+00:00,2025-11-10 21:36:00+00:00,continuous,105531.6,105614.7,105528.5,105596.1,6024599.369099998
2025-11-10 21:41:59.232000+00:00,2025-11-10 21:39:00+00:00,continuous,105596.1,105614.0,105380.0,105449.1,20636386.472900018
2025-11-10 21:44:59.987000+00:00,2025-11-10 21:42:00+00:00,continuous,105449.1,105449.2,105391.6,105449.1,13372941.498800043
2025-11-10 21:47:59.989000+00:00,2025-11-10 21:45:00+00:00,continuous,105449.2,105474.8,105202.7,105353.9,51315622.010399915
2025-11-10 21:50:59.535000+00:00,2025-11-10 21:48:00+00:00,continuous,105353.9,105353.9,105215.7,105280.8,30919688.30500004
2025-11-10 21:53:59.762000+00:00,2025-11-10 21:51:00+00:00,continuous,105280.8,105280.9,105222.5,105258.8,13422461.448200017
2025-11-10 21:56:59.608000+00:00,2025-11-10 21:54:00+00:00,continuous,105258.8,105460.0,105258.8,105437.8,12188832.990799978
2025-11-10 21:59:59.444000+00:00,2025-11-10 21:57:00+00:00,continuous,105437.9,105603.0,105378.7,105583.5,30677551.267399985
2025-11-10 22:02:58.738000+00:00,2025-11-10 22:00:00+00:00,continuous,105583.5,105614.1,105565.2,105603.8,6812669.349100005
2025-11-10 22:05:59.905000+00:00,2025-11-10 22:03:00+00:00,continuous,105603.8,105641.7,105590.0,105635.7,7477609.367199988
2025-11-10 22:08:59.688000+00:00,2025-11-10 22:06:00+00:00,continuous,105635.6,105778.3,105635.6,105655.7,17800442.437199976
2025-11-10 22:11:59.743000+00:00,2025-11-10 22:09:00+00:00,continuous,105655.7,105655.7,105451.3,105451.4,29486416.67440001
2025-11-10 22:14:59.987000+00:00,2025-11-10 22:12:00+00:00,continuous,105451.4,105451.4,105300.0,105400.0,17327831.04519999
2025-11-10 22:17:59.478000+00:00,2025-11-10 22:15:00+00:00,continuous,105400.0,105461.7,105391.0,105441.2,11848723.9022
2025-11-10 22:20:59.947000+00:00,2025-11-10 22:18:00+00:00,continuous,105441.1,105578.8,105441.1,105578.8,8506896.247500014
2025-11-10 22:23:59.982000+00:00,2025-11-10 22:21:00+00:00,continuous,105578.8,105586.6,105451.2,105460.6,9623843.567100018
2025-11-10 22:26:59.839000+00:00,2025-11-10 22:24:00+00:00,continuous,105460.6,105580.0,105460.0,105546.8,8398128.785200011
2025-11-10 22:29:59.766000+00:00,2025-11-10 22:27:00+00:00,continuous,105546.9,105600.0,105546.8,105559.1,3093062.1622000006
2025-11-10 22:32:59.983000+00:00,2025-11-10 22:30:00+00:00,continuous,105559.2,105630.1,105546.6,105630.1,7756951.274999996
2025-11-10 22:35:59.400000+00:00,2025-11-10 22:33:00+00:00,continuous,105630.0,105655.2,105596.8,105598.7,5729090.675000002
2025-11-10 22:38:59.496000+00:00,2025-11-10 22:36:00+00:00,continuous,105598.8,105715.0,105598.7,105660.9,5156825.8395999875
2025-11-10 22:41:59.639000+00:00,2025-11-10 22:39:00+00:00,continuous,105660.8,105689.1,105651.7,105651.7,6169972.549699998
2025-11-10 22:44:57.489000+00:00,2025-11-10 22:42:00+00:00,continuous,105651.8,105651.8,105609.0,105609.0,4165865.0668999995
2025-11-10 22:47:58.476000+00:00,2025-11-10 22:45:00+00:00,continuous,105609.0,105712.3,105560.5,105705.7,5494554.17670001
2025-11-10 22:50:59.737000+00:00,2025-11-10 22:48:00+00:00,continuous,105705.7,105876.7,105705.7,105793.2,29172726.7901
2025-11-10 22:53:59.754000+00:00,2025-11-10 22:51:00+00:00,continuous,105793.2,105956.0,105779.0,105865.3,22108563.369600017
2025-11-10 22:56:59.896000+00:00,2025-11-10 22:54:00+00:00,continuous,105865.2,106000.0,105851.6,105929.6,18875537.282400046
2025-11-10 22:59:59.776000+00:00,2025-11-10 22:57:00+00:00,continuous,105929.7,106089.0,105929.6,106003.8,14075935.625299979
2025-11-10 23:02:59.895000+00:00,2025-11-10 23:00:00+00:00,continuous,106003.9,106080.0,105919.4,106079.9,18286926.48620005
2025-11-10 23:05:59.927000+00:00,2025-11-10 23:03:00+00:00,continuous,106079.9,106093.4,105922.0,106024.6,14404504.443699993
2025-11-10 23:08:59.848000+00:00,2025-11-10 23:06:00+00:00,continuous,106024.7,106086.1,105984.6,106023.5,11842019.402800001
2025-11-10 23:11:59.752000+00:00,2025-11-10 23:09:00+00:00,continuous,106023.3,106137.5,105974.2,106133.1,21565537.251600042
2025-11-10 23:14:59.343000+00:00,2025-11-10 23:12:00+00:00,continuous,106133.0,106151.1,106057.7,106070.5,19965376.562300026
2025-11-10 23:17:59.206000+00:00,2025-11-10 23:15:00+00:00,continuous,106070.5,106155.0,106070.5,106154.9,11885061.944700003
2025-11-10 23:20:59.807000+00:00,2025-11-10 23:18:00+00:00,continuous,106155.0,106210.1,106056.9,106075.9,22513027.966499973
2025-11-10 23:23:59.689000+00:00,2025-11-10 23:21:00+00:00,continuous,106075.9,106242.3,106075.9,106188.2,27764578.18039994
2025-11-10 23:26:59.269000+00:00,2025-11-10 23:24:00+00:00,continuous,106188.1,106212.6,106128.0,106212.5,8417984.073900001
2025-11-10 23:29:59.958000+00:00,2025-11-10 23:27:00+00:00,continuous,106212.6,106233.7,106106.0,106135.8,17796595.700799994
2025-11-10 23:32:59.694000+00:00,2025-11-10 23:30:00+00:00,continuous,106135.9,106222.0,106132.8,106137.6,9706958.911000017
2025-11-10 23:35:59.955000+00:00,2025-11-10 23:33:00+00:00,continuous,106137.6,106137.7,106051.1,106111.1,14006594.775699979
2025-11-10 23:38:59.717000+00:00,2025-11-10 23:36:00+00:00,continuous,106111.1,106111.2,105931.0,106003.6,16311261.846499972
2025-11-10 23:41:59.607000+00:00,2025-11-10 23:39:00+00:00,continuous,106003.6,106061.3,105962.9,106061.3,6865616.170100015
2025-11-10 23:44:59.957000+00:00,2025-11-10 23:42:00+00:00,continuous,106061.3,106170.3,106010.1,106156.7,11088246.995700015
2025-11-10 23:47:59.937000+00:00,2025-11-10 23:45:00+00:00,continuous,106156.6,106210.1,106094.5,106206.8,20557280.12670001
2025-11-10 23:50:59.906000+00:00,2025-11-10 23:48:00+00:00,continuous,106206.8,106228.9,106121.1,106165.6,16239874.163399976
2025-11-10 23:53:59.968000+00:00,2025-11-10 23:51:00+00:00,continuous,106165.6,106165.7,105861.2,105861.2,17105195.640599985
2025-11-10 23:56:59.674000+00:00,2025-11-10 23:54:00+00:00,continuous,105861.2,105978.0,105831.8,105977.9,17389553.935899995
2025-11-10 23:59:59.742000+00:00,2025-11-10 23:57:00+00:00,continuous,105978.0,106000.0,105940.0,105966.3,5326802.251300005
2025-11-11 00:02:59.844000+00:00,2025-11-11 00:00:00+00:00,continuous,105966.3,105979.2,105876.0,105954.7,10125987.51310002
2025-11-11 00:05:59.999000+00:00,2025-11-11 00:03:00+00:00,continuous,105954.6,106053.0,105903.6,106032.5,13176916.596900001
2025-11-11 00:08:59.944000+00:00,2025-11-11 00:06:00+00:00,continuous,106032.5,106083.9,105940.0,105984.8,12517484.034
2025-11-11 00:11:59.914000+00:00,2025-11-11 00:09:00+00:00,continuous,105984.9,106094.0,105744.3,105746.5,33031869.9916999
2025-11-11 00:14:59.265000+00:00,2025-11-11 00:12:00+00:00,continuous,105746.5,105850.9,105746.5,105840.3,13485653.494099999
2025-11-11 00:17:59.662000+00:00,2025-11-11 00:15:00+00:00,continuous,105840.3,105900.0,105823.9,105852.2,11947500.857099988
2025-11-11 00:20:59.708000+00:00,2025-11-11 00:18:00+00:00,continuous,105852.1,105854.2,105785.3,105837.2,9443750.604900002
2025-11-11 00:23:59.813000+00:00,2025-11-11 00:21:00+00:00,continuous,105837.3,105837.3,105719.1,105729.9,13041870.791199982
2025-11-11 00:26:59.947000+00:00,2025-11-11 00:24:00+00:00,continuous,105729.9,105771.9,105569.8,105627.1,16926880.47939999
2025-11-11 00:29:59.893000+00:00,2025-11-11 00:27:00+00:00,continuous,105627.2,105673.6,105561.0,105673.5,15589506.947200032
2025-11-11 00:32:59.847000+00:00,2025-11-11 00:30:00+00:00,continuous,105673.6,105769.3,105578.3,105740.9,12679230.688700005
2025-11-11 00:35:59.599000+00:00,2025-11-11 00:33:00+00:00,continuous,105741.0,105815.6,105692.6,105789.2,13189027.19879998
2025-11-11 00:38:59.944000+00:00,2025-11-11 00:36:00+00:00,continuous,105789.1,105789.2,105592.2,105666.5,11788801.26600001
2025-11-11 00:41:59.919000+00:00,2025-11-11 00:39:00+00:00,continuous,105666.4,105696.0,105597.8,105635.2,18244383.604699988
2025-11-11 00:44:59.779000+00:00,2025-11-11 00:42:00+00:00,continuous,105635.2,105679.7,105592.7,105632.2,12757668.68089998
2025-11-11 00:47:59.992000+00:00,2025-11-11 00:45:00+00:00,continuous,105632.3,105687.3,105399.6,105530.4,34138328.97640003
2025-11-11 00:50:59.818000+00:00,2025-11-11 00:48:00+00:00,continuous,105530.3,105780.8,105519.6,105780.8,16661311.899500066
2025-11-11 00:53:59.151000+00:00,2025-11-11 00:51:00+00:00,continuous,105780.8,105791.5,105700.0,105727.3,11640916.508099988
2025-11-11 00:56:59.900000+00:00,2025-11-11 00:54:00+00:00,continuous,105727.3,105933.1,105719.6,105907.9,17157063.689600024
2025-11-11 00:59:59.457000+00:00,2025-11-11 00:57:00+00:00,continuous,105907.9,106111.9,105907.8,106100.0,54728805.12560018
2025-11-11 01:02:59.913000+00:00,2025-11-11 01:00:00+00:00,continuous,106100.0,106200.0,106072.5,106120.3,37975933.96830001
2025-11-11 01:05:59.992000+00:00,2025-11-11 01:03:00+00:00,continuous,106120.4,106144.0,106001.3,106024.8,21037414.880700033
2025-11-11 01:08:59.942000+00:00,2025-11-11 01:06:00+00:00,continuous,106024.8,106172.7,106018.2,106077.3,16046321.320099927
2025-11-11 01:11:59.820000+00:00,2025-11-11 01:09:00+00:00,continuous,106077.3,106131.8,106070.4,106112.2,11503948.639700001
2025-11-11 01:14:59.733000+00:00,2025-11-11 01:12:00+00:00,continuous,106112.1,106222.0,106112.1,106220.4,11108068.861999998
2025-11-11 01:17:59.980000+00:00,2025-11-11 01:15:00+00:00,continuous,106220.3,106591.9,106220.3,106514.0,122056963.62710032
2025-11-11 01:20:59.967000+00:00,2025-11-11 01:18:00+00:00,continuous,106513.9,107419.3,106513.9,107315.4,429467241.6966968
2025-11-11 01:23:59.885000+00:00,2025-11-11 01:21:00+00:00,continuous,107315.3,107473.7,107000.1,107030.3,143898252.51639968
2025-11-11 01:26:59.990000+00:00,2025-11-11 01:24:00+00:00,continuous,107030.3,107112.5,106838.1,107017.4,66472129.38040009
2025-11-11 01:29:59.945000+00:00,2025-11-11 01:27:00+00:00,continuous,107017.5,107104.5,106735.0,106741.7,51980512.20800001
2025-11-11 01:32:59.885000+00:00,2025-11-11 01:30:00+00:00,continuous,106741.8,106781.4,106501.0,106668.5,58338761.87670024
2025-11-11 01:35:59.985000+00:00,2025-11-11 01:33:00+00:00,continuous,106668.4,106707.2,106436.1,106559.4,50507691.3077999
2025-11-11 01:38:59.929000+00:00,2025-11-11 01:36:00+00:00,continuous,106559.3,106590.9,106183.9,106270.0,155903484.37779984
2025-11-11 01:41:59.892000+00:00,2025-11-11 01:39:00+00:00,continuous,106269.9,106369.6,106186.0,106266.7,36368055.33979998
2025-11-11 01:44:59.808000+00:00,2025-11-11 01:42:00+00:00,continuous,106266.6,106440.5,106190.3,106362.6,28019003.182099957
2025-11-11 01:47:59.935000+00:00,2025-11-11 01:45:00+00:00,continuous,106362.5,106593.8,106362.5,106590.8,44897462.94539982
2025-11-11 01:50:59.786000+00:00,2025-11-11 01:48:00+00:00,continuous,106590.8,106631.7,106460.0,106527.0,28734378.62989991
2025-11-11 01:53:59.022000+00:00,2025-11-11 01:51:00+00:00,continuous,106527.0,106580.2,106449.9,106483.3,26756470.284099974
2025-11-11 01:56:59.827000+00:00,2025-11-11 01:54:00+00:00,continuous,106483.3,106483.3,106071.5,106106.8,37790605.27549992
2025-11-11 01:59:59.997000+00:00,2025-11-11 01:57:00+00:00,continuous,106106.8,106185.8,105957.5,106047.4,86418929.85900009
2025-11-11 02:02:59.943000+00:00,2025-11-11 02:00:00+00:00,continuous,106047.5,106153.6,105857.1,105908.1,45892859.975599825
2025-11-11 02:05:59.987000+00:00,2025-11-11 02:03:00+00:00,continuous,105908.0,105998.6,105633.4,105685.4,94608700.08250013
2025-11-11 02:08:59.756000+00:00,2025-11-11 02:06:00+00:00,continuous,105685.3,105778.2,105533.5,105705.4,67756320.94139995
2025-11-11 02:11:59.931000+00:00,2025-11-11 02:09:00+00:00,continuous,105705.4,106124.8,105705.4,106074.3,72732764.02759978
2025-11-11 02:14:59.966000+00:00,2025-11-11 02:12:00+00:00,continuous,106074.3,106204.6,106031.1,106131.2,41686701.187200055
2025-11-11 02:17:59.990000+00:00,2025-11-11 02:15:00+00:00,continuous,106131.2,106180.5,105927.0,106035.4,49226084.97220006
2025-11-11 02:20:59.853000+00:00,2025-11-11 02:18:00+00:00,continuous,106035.5,106044.2,105904.6,105904.7,14684839.735099992
2025-11-11 02:23:59.919000+00:00,2025-11-11 02:21:00+00:00,continuous,105904.7,106055.0,105847.7,106050.0,20344769.55659995
2025-11-11 02:26:59.938000+00:00,2025-11-11 02:24:00+00:00,continuous,106050.1,106318.2,106050.0,106297.3,47544786.52880001
2025-11-11 02:29:59.634000+00:00,2025-11-11 02:27:00+00:00,continuous,106297.4,106344.9,106250.0,106320.5,25262836.046400003
2025-11-11 02:32:59.841000+00:00,2025-11-11 02:30:00+00:00,continuous,106320.6,106675.0,106294.1,106657.0,60477673.08610013
2025-11-11 02:35:59.957000+00:00,2025-11-11 02:33:00+00:00,continuous,106657.0,106967.3,106517.3,106931.7,93015772.98480004
2025-11-11 02:38:59.985000+00:00,2025-11-11 02:36:00+00:00,continuous,106931.6,107099.9,106819.5,106841.2,111651154.69179988
2025-11-11 02:41:59.705000+00:00,2025-11-11 02:39:00+00:00,continuous,106841.2,106856.8,106587.5,106670.1,62993870.04610024
2025-11-11 02:44:59.671000+00:00,2025-11-11 02:42:00+00:00,continuous,106670.2,106762.1,106632.1,106749.9,23902275.714499984
2025-11-11 02:47:59.902000+00:00,2025-11-11 02:45:00+00:00,continuous,106749.9,106843.5,106666.0,106695.7,55468632.471499935
2025-11-11 02:50:59.507000+00:00,2025-11-11 02:48:00+00:00,continuous,106695.8,106735.9,106423.8,106553.3,38454160.936200015
2025-11-11 02:53:59.873000+00:00,2025-11-11 02:51:00+00:00,continuous,106553.2,106592.3,106433.1,106561.8,16067801.692799998
2025-11-11 02:56:59.462000+00:00,2025-11-11 02:54:00+00:00,continuous,106561.8,106599.9,106458.1,106519.9,13973153.647099989
2025-11-11 02:59:59.783000+00:00,2025-11-11 02:57:00+00:00,continuous,106519.9,106665.2,106463.6,106595.8,12721623.484300014
2025-11-11 03:02:59.949000+00:00,2025-11-11 03:00:00+00:00,continuous,106595.8,106693.1,106543.8,106657.1,19429032.8316
2025-11-11 03:05:59.726000+00:00,2025-11-11 03:03:00+00:00,continuous,106657.0,106742.4,106581.7,106704.7,14622983.950500008
2025-11-11 03:08:59.703000+00:00,2025-11-11 03:06:00+00:00,continuous,106704.7,106765.2,106672.5,106720.0,11444413.121499995
2025-11-11 03:11:59.924000+00:00,2025-11-11 03:09:00+00:00,continuous,106720.0,106971.0,106697.7,106843.9,65004343.99970013
2025-11-11 03:14:59.731000+00:00,2025-11-11 03:12:00+00:00,continuous,106843.9,106844.0,106749.8,106843.9,22440649.0053
2025-11-11 03:17:59.849000+00:00,2025-11-11 03:15:00+00:00,continuous,106844.0,106921.6,106757.1,106842.6,17253430.792900003
2025-11-11 03:20:59.960000+00:00,2025-11-11 03:18:00+00:00,continuous,106842.7,106921.3,106817.0,106893.2,15950235.524800017
2025-11-11 03:23:59.858000+00:00,2025-11-11 03:21:00+00:00,continuous,106893.2,107041.5,106893.1,106941.4,26668075.36829998
2025-11-11 03:26:59.593000+00:00,2025-11-11 03:24:00+00:00,continuous,106941.4,106955.3,106861.3,106917.3,12541348.632499972
2025-11-11 03:29:59.939000+00:00,2025-11-11 03:27:00+00:00,continuous,106917.4,106930.7,106717.5,106717.6,14755246.068100013
2025-11-11 03:32:59.970000+00:00,2025-11-11 03:30:00+00:00,continuous,106717.5,106824.5,106652.0,106817.7,12708542.892800024
2025-11-11 03:35:59.779000+00:00,2025-11-11 03:33:00+00:00,continuous,106817.7,106817.7,106622.3,106631.6,11164863.68360001
2025-11-11 03:38:59.991000+00:00,2025-11-11 03:36:00+00:00,continuous,106631.5,106654.9,106441.7,106600.7,44541810.703100115
2025-11-11 03:41:59.827000+00:00,2025-11-11 03:39:00+00:00,continuous,106600.6,106600.6,106490.7,106516.2,11872033.997899987
2025-11-11 03:44:59.663000+00:00,2025-11-11 03:42:00+00:00,continuous,106516.3,106524.4,106325.0,106373.4,36592672.45120004
2025-11-11 03:47:59.607000+00:00,2025-11-11 03:45:00+00:00,continuous,106373.4,106413.2,106302.5,106413.2,19989572.056299917
2025-11-11 03:50:59.985000+00:00,2025-11-11 03:48:00+00:00,continuous,106413.1,106530.0,106407.2,106461.2,33530746.708300035
2025-11-11 03:53:59.670000+00:00,2025-11-11 03:51:00+00:00,continuous,106461.2,106481.3,106388.7,106440.7,10031624.670100011
2025-11-11 03:56:59.697000+00:00,2025-11-11 03:54:00+00:00,continuous,106440.6,106481.2,106400.0,106400.0,10207717.115700003
2025-11-11 03:59:59.721000+00:00,2025-11-11 03:57:00+00:00,continuous,106400.0,106512.3,106388.0,106407.3,9739999.4653
2025-11-11 04:02:59.024000+00:00,2025-11-11 04:00:00+00:00,continuous,106407.4,106473.4,106380.0,106419.9,15132111.09779998
2025-11-11 04:05:59.994000+00:00,2025-11-11 04:03:00+00:00,continuous,106419.9,106496.6,106407.2,106420.0,10987954.003
2025-11-11 04:08:59.967000+00:00,2025-11-11 04:06:00+00:00,continuous,106420.1,106420.1,106246.3,106339.3,25710161.808299962
2025-11-11 04:11:59.853000+00:00,2025-11-11 04:09:00+00:00,continuous,106339.3,106387.0,106158.0,106165.6,35827142.904500015
2025-11-11 04:14:59.945000+00:00,2025-11-11 04:12:00+00:00,continuous,106165.6,106206.6,106112.8,106112.9,24910027.112600014
2025-11-11 04:17:59.818000+00:00,2025-11-11 04:15:00+00:00,continuous,106112.8,106222.1,106103.0,106128.0,21218419.386700023
2025-11-11 04:20:59.989000+00:00,2025-11-11 04:18:00+00:00,continuous,106128.0,106193.1,106051.5,106053.1,20573854.26389999
2025-11-11 04:23:59.649000+00:00,2025-11-11 04:21:00+00:00,continuous,106053.1,106241.5,106021.4,106163.6,27674246.926699985
2025-11-11 04:26:59.707000+00:00,2025-11-11 04:24:00+00:00,continuous,106163.5,106170.2,105952.1,105976.6,26921240.510499943
2025-11-11 04:29:59.971000+00:00,2025-11-11 04:27:00+00:00,continuous,105976.5,106015.8,105919.7,105919.7,21994842.761100043
2025-11-11 04:32:59.524000+00:00,2025-11-11 04:30:00+00:00,continuous,105919.7,105997.2,105907.0,105981.0,20619740.536399975
2025-11-11 04:35:59.847000+00:00,2025-11-11 04:33:00+00:00,continuous,105981.1,106005.2,105912.5,105932.8,15784182.517400004
2025-11-11 04:38:59.947000+00:00,2025-11-11 04:36:00+00:00,continuous,105932.9,105950.8,105851.6,105851.7,26495424.206599973
2025-11-11 04:41:59.961000+00:00,2025-11-11 04:39:00+00:00,continuous,105851.6,105910.0,105780.9,105793.1,34010992.333000086
2025-11-11 04:44:59.662000+00:00,2025-11-11 04:42:00+00:00,continuous,105793.0,105836.1,105765.4,105782.8,22899566.633400034
2025-11-11 04:47:59.861000+00:00,2025-11-11 04:45:00+00:00,continuous,105782.8,105788.5,105715.0,105715.0,21552480.241199985
2025-11-11 04:50:59.953000+00:00,2025-11-11 04:48:00+00:00,continuous,105715.0,105798.3,105700.8,105708.1,22628685.225499976
2025-11-11 04:53:59.990000+00:00,2025-11-11 04:51:00+00:00,continuous,105708.1,105740.0,105665.0,105710.1,20210561.834599994
2025-11-11 04:56:59.571000+00:00,2025-11-11 04:54:00+00:00,continuous,105710.0,105735.0,105650.2,105724.7,15524343.09230003
2025-11-11 04:59:59.807000+00:00,2025-11-11 04:57:00+00:00,continuous,105724.7,105724.7,105660.0,105709.0,10790826.470400004
2025-11-11 05:02:59.937000+00:00,2025-11-11 05:00:00+00:00,continuous,105709.0,105709.1,105580.1,105580.2,19147459.04739998
2025-11-11 05:05:59.908000+00:00,2025-11-11 05:03:00+00:00,continuous,105580.1,105619.2,105462.2,105534.3,59175614.42619994
2025-11-11 05:08:59.893000+00:00,2025-11-11 05:06:00+00:00,continuous,105534.3,105615.3,105405.0,105594.2,39619297.07669985
2025-11-11 05:11:59.957000+00:00,2025-11-11 05:09:00+00:00,continuous,105594.1,105600.5,105433.8,105514.0,18448207.39499995
2025-11-11 05:14:59.999000+00:00,2025-11-11 05:12:00+00:00,continuous,105513.9,105514.0,105310.8,105313.6,39608107.498199955
2025-11-11 05:17:59.998000+00:00,2025-11-11 05:15:00+00:00,continuous,105313.7,105363.8,105072.0,105348.8,129089034.43909979
2025-11-11 05:20:59.590000+00:00,2025-11-11 05:18:00+00:00,continuous,105348.9,105369.7,105209.7,105326.1,25818866.036800016
2025-11-11 05:23:59.897000+00:00,2025-11-11 05:21:00+00:00,continuous,105326.0,105432.6,105204.1,105250.8,23766749.389900092
2025-11-11 05:26:59.651000+00:00,2025-11-11 05:24:00+00:00,continuous,105250.8,105425.0,105250.7,105387.0,21106510.44100005
2025-11-11 05:29:59.718000+00:00,2025-11-11 05:27:00+00:00,continuous,105387.1,105506.4,105386.0,105506.4,22293879.757199988
2025-11-11 05:32:59.570000+00:00,2025-11-11 05:30:00+00:00,continuous,105506.4,105521.2,105363.3,105363.3,23189994.102900002
2025-11-11 05:35:59.822000+00:00,2025-11-11 05:33:00+00:00,continuous,105363.4,105363.4,105187.0,105232.8,26446233.16809995
2025-11-11 05:38:59.933000+00:00,2025-11-11 05:36:00+00:00,continuous,105232.7,105324.3,105205.0,105297.8,15403200.087199988
2025-11-11 05:41:59.634000+00:00,2025-11-11 05:39:00+00:00,continuous,105297.9,105392.2,105297.8,105314.6,12778099.849600026
2025-11-11 05:44:59.141000+00:00,2025-11-11 05:42:00+00:00,continuous,105314.6,105368.1,105277.9,105277.9,9374109.035099998
2025-11-11 05:47:59.993000+00:00,2025-11-11 05:45:00+00:00,continuous,105277.9,105359.0,105219.5,105327.6,16928221.625899978
2025-11-11 05:50:59.447000+00:00,2025-11-11 05:48:00+00:00,continuous,105327.5,105388.0,105320.4,105345.0,11949220.003200026
2025-11-11 05:53:59.754000+00:00,2025-11-11 05:51:00+00:00,continuous,105345.1,105412.4,105252.0,105252.0,32438415.12130002
2025-11-11 05:56:59.622000+00:00,2025-11-11 05:54:00+00:00,continuous,105252.1,105385.5,105240.0,105361.0,15481545.974799976
2025-11-11 05:59:59.728000+00:00,2025-11-11 05:57:00+00:00,continuous,105361.0,105361.0,105180.6,105203.4,15352344.028499996
2025-11-11 06:02:59.648000+00:00,2025-11-11 06:00:00+00:00,continuous,105203.4,105267.6,105194.4,105251.7,16745784.898999996
2025-11-11 06:05:59.981000+00:00,2025-11-11 06:03:00+00:00,continuous,105251.8,105300.0,105046.7,105120.5,37798522.84950001
2025-11-11 06:08:59.998000+00:00,2025-11-11 06:06:00+00:00,continuous,105120.4,105143.7,104846.1,104882.7,151795903.8675006
2025-11-11 06:11:59.933000+00:00,2025-11-11 06:09:00+00:00,continuous,104882.6,105020.0,104838.3,105019.9,78905420.93419994
2025-11-11 06:14:59.909000+00:00,2025-11-11 06:12:00+00:00,continuous,105020.0,105020.0,104899.8,105012.3,40279465.82849989
2025-11-11 06:17:59.923000+00:00,2025-11-11 06:15:00+00:00,continuous,105012.3,105086.3,104987.7,105045.9,54178706.492300026
2025-11-11 06:20:59.990000+00:00,2025-11-11 06:18:00+00:00,continuous,105046.0,105156.2,105039.4,105150.0,49373319.40530003
2025-11-11 06:23:59.872000+00:00,2025-11-11 06:21:00+00:00,continuous,105150.0,105190.0,105070.1,105095.1,34088430.3416
2025-11-11 06:26:59.816000+00:00,2025-11-11 06:24:00+00:00,continuous,105095.0,105140.0,105064.8,105079.3,20432230.67080001
2025-11-11 06:29:59.929000+00:00,2025-11-11 06:27:00+00:00,continuous,105079.3,105079.4,104960.0,104985.9,26663546.79709999
2025-11-11 06:32:59.878000+00:00,2025-11-11 06:30:00+00:00,continuous,104985.8,104991.7,104917.0,104969.8,20481095.952799954
2025-11-11 06:35:59.793000+00:00,2025-11-11 06:33:00+00:00,continuous,104969.9,105073.1,104959.0,105057.3,26865588.572699968
2025-11-11 06:38:59.851000+00:00,2025-11-11 06:36:00+00:00,continuous,105057.3,105092.4,105016.2,105051.4,17793020.082500033
2025-11-11 06:41:59.683000+00:00,2025-11-11 06:39:00+00:00,continuous,105051.4,105080.0,104999.9,105027.5,22490046.10829998
2025-11-11 06:44:59.999000+00:00,2025-11-11 06:42:00+00:00,continuous,105027.5,105027.5,104941.4,104952.3,19994551.487299968
2025-11-11 06:47:59.845000+00:00,2025-11-11 06:45:00+00:00,continuous,104952.3,104952.3,104842.5,104892.2,26933603.844599936
2025-11-11 06:50:59.664000+00:00,2025-11-11 06:48:00+00:00,continuous,104892.2,104974.0,104830.5,104936.7,21756174.894500006
2025-11-11 06:53:59.989000+00:00,2025-11-11 06:51:00+00:00,continuous,104936.7,105127.9,104919.9,105114.2,22712158.366900053
2025-11-11 06:56:59.154000+00:00,2025-11-11 06:54:00+00:00,continuous,105114.1,105140.3,105075.0,105140.3,23971170.671000026
2025-11-11 06:59:59.478000+00:00,2025-11-11 06:57:00+00:00,continuous,105140.3,105250.0,105140.2,105202.0,31769953.39039997
2025-11-11 07:02:59.847000+00:00,2025-11-11 07:00:00+00:00,continuous,105202.0,105278.0,105107.3,105148.9,31691707.173099995
2025-11-11 07:05:59.664000+00:00,2025-11-11 07:03:00+00:00,continuous,105149.0,105270.1,105148.9,105249.9,32731731.296000026
2025-11-11 07:08:59.943000+00:00,2025-11-11 07:06:00+00:00,continuous,105249.8,105249.9,105050.5,105050.5,29180350.506300006
2025-11-11 07:11:59.731000+00:00,2025-11-11 07:09:00+00:00,continuous,105050.5,105095.3,105044.0,105095.3,15920958.846499948
2025-11-11 07:14:59.611000+00:00,2025-11-11 07:12:00+00:00,continuous,105095.2,105199.0,105095.2,105178.5,18897542.408399962
2025-11-11 07:17:59.919000+00:00,2025-11-11 07:15:00+00:00,continuous,105178.5,105178.5,104967.8,104970.0,16195582.453300018
2025-11-11 07:20:59.748000+00:00,2025-11-11 07:18:00+00:00,continuous,104970.0,105022.6,104934.7,104938.9,13509344.057399986
2025-11-11 07:23:59.901000+00:00,2025-11-11 07:21:00+00:00,continuous,104939.0,105087.6,104895.0,105087.5,19352327.398999993
2025-11-11 07:26:59.995000+00:00,2025-11-11 07:24:00+00:00,continuous,105087.5,105142.6,105061.4,105081.3,10720922.998499999
2025-11-11 07:29:59.980000+00:00,2025-11-11 07:27:00+00:00,continuous,105081.3,105173.9,105081.3,105126.4,11809791.533200026
2025-11-11 07:32:59.921000+00:00,2025-11-11 07:30:00+00:00,continuous,105126.4,105138.0,105088.0,105104.2,11681698.82229998
2025-11-11 07:35:59.972000+00:00,2025-11-11 07:33:00+00:00,continuous,105104.2,105195.1,105080.4,105170.6,14682439.303800032
2025-11-11 07:38:59.964000+00:00,2025-11-11 07:36:00+00:00,continuous,105170.7,105178.1,104931.6,104945.6,14504301.091800012
2025-11-11 07:41:59.918000+00:00,2025-11-11 07:39:00+00:00,continuous,104945.5,104945.6,104751.2,104874.5,56357033.442200035
2025-11-11 07:44:59.817000+00:00,2025-11-11 07:42:00+00:00,continuous,104874.4,104904.4,104819.4,104880.2,14205947.794200031
2025-11-11 07:47:59.919000+00:00,2025-11-11 07:45:00+00:00,continuous,104880.1,104900.0,104783.6,104844.8,21248022.979399998
2025-11-11 07:50:59.926000+00:00,2025-11-11 07:48:00+00:00,continuous,104844.8,104885.3,104700.0,104747.0,36032567.552999996
2025-11-11 07:53:59.934000+00:00,2025-11-11 07:51:00+00:00,continuous,104747.0,104790.4,104710.4,104722.5,30579543.252299964
2025-11-11 07:56:59.945000+00:00,2025-11-11 07:54:00+00:00,continuous,104722.5,104843.1,104722.5,104770.0,19287477.90100002
2025-11-11 07:59:59.984000+00:00,2025-11-11 07:57:00+00:00,continuous,104770.1,104788.5,104685.3,104737.0,28571630.38679989
2025-11-11 08:02:59.589000+00:00,2025-11-11 08:00:00+00:00,continuous,104737.1,104877.5,104718.2,104877.5,24609275.592600085
2025-11-11 08:05:59.956000+00:00,2025-11-11 08:03:00+00:00,continuous,104877.5,104929.5,104799.5,104889.9,17886851.1919
2025-11-11 08:08:59.684000+00:00,2025-11-11 08:06:00+00:00,continuous,104889.8,104910.9,104790.0,104892.2,16896004.6186
2025-11-11 08:11:59.682000+00:00,2025-11-11 08:09:00+00:00,continuous,104892.1,105118.1,104857.9,105072.3,36467705.67490006
2025-11-11 08:14:59.822000+00:00,2025-11-11 08:12:00+00:00,continuous,105072.3,105126.1,104967.1,105009.8,22534046.589000028
2025-11-11 08:17:59.555000+00:00,2025-11-11 08:15:00+00:00,continuous,105009.8,105064.6,104972.3,105042.6,23922327.05350003
2025-11-11 08:20:59.911000+00:00,2025-11-11 08:18:00+00:00,continuous,105042.6,105217.5,105042.6,105169.5,36108081.638199925
2025-11-11 08:23:59.461000+00:00,2025-11-11 08:21:00+00:00,continuous,105169.4,105169.5,105115.1,105148.0,14067454.682400007
2025-11-11 08:26:59.817000+00:00,2025-11-11 08:24:00+00:00,continuous,105148.0,105199.9,105103.6,105193.9,18355268.248799983
2025-11-11 08:29:59.878000+00:00,2025-11-11 08:27:00+00:00,continuous,105194.0,105226.8,105025.5,105050.2,24532396.695500027
2025-11-11 08:32:59.609000+00:00,2025-11-11 08:30:00+00:00,continuous,105050.3,105079.0,105015.1,105018.3,19180825.71309998
2025-11-11 08:35:59.742000+00:00,2025-11-11 08:33:00+00:00,continuous,105018.2,105044.2,104886.7,104910.2,19445256.308400024
2025-11-11 08:38:59.820000+00:00,2025-11-11 08:36:00+00:00,continuous,104910.2,104976.7,104885.2,104890.7,12345154.962800004
2025-11-11 08:41:59.827000+00:00,2025-11-11 08:39:00+00:00,continuous,104890.7,104927.6,104837.0,104875.6,13308113.790299987
2025-11-11 08:44:59.787000+00:00,2025-11-11 08:42:00+00:00,continuous,104875.5,105002.0,104840.3,104975.7,11832933.047000002
2025-11-11 08:47:59.587000+00:00,2025-11-11 08:45:00+00:00,continuous,104975.7,105062.8,104964.6,105008.5,9019163.823000003
2025-11-11 08:50:59.804000+00:00,2025-11-11 08:48:00+00:00,continuous,105008.6,105058.2,105002.5,105032.4,12428937.2993
2025-11-11 08:53:59.882000+00:00,2025-11-11 08:51:00+00:00,continuous,105032.5,105056.6,105011.6,105047.5,5930862.3113
2025-11-11 08:56:59.597000+00:00,2025-11-11 08:54:00+00:00,continuous,105047.6,105122.5,105040.0,105082.3,7846401.984099987
2025-11-11 08:59:59.600000+00:00,2025-11-11 08:57:00+00:00,continuous,105082.4,105118.8,105076.9,105110.5,9936480.043899981
2025-11-11 09:02:59.453000+00:00,2025-11-11 09:00:00+00:00,continuous,105110.6,105139.2,105087.5,105132.9,10377452.007999983
2025-11-11 09:05:59.848000+00:00,2025-11-11 09:03:00+00:00,continuous,105133.0,105265.0,105126.4,105243.0,24705638.563899975
2025-11-11 09:08:59.818000+00:00,2025-11-11 09:06:00+00:00,continuous,105243.0,105328.8,105218.1,105282.9,27485399.641300038
2025-11-11 09:11:59.893000+00:00,2025-11-11 09:09:00+00:00,continuous,105282.8,105363.6,105220.2,105249.1,22570703.398700014
2025-11-11 09:14:59.993000+00:00,2025-11-11 09:12:00+00:00,continuous,105249.0,105249.1,105153.5,105167.0,16979722.03390003
2025-11-11 09:17:59.844000+00:00,2025-11-11 09:15:00+00:00,continuous,105167.1,105210.3,105072.4,105089.7,18064640.43090001
2025-11-11 09:20:59.879000+00:00,2025-11-11 09:18:00+00:00,continuous,105089.7,105189.2,105072.3,105189.2,8548963.350300007
2025-11-11 09:23:59.247000+00:00,2025-11-11 09:21:00+00:00,continuous,105189.2,105353.5,105189.1,105281.0,19242429.320999987
2025-11-11 09:26:59.613000+00:00,2025-11-11 09:24:00+00:00,continuous,105281.1,105313.2,105272.0,105281.0,5669301.711599994
2025-11-11 09:29:59.924000+00:00,2025-11-11 09:27:00+00:00,continuous,105281.0,105316.3,105278.0,105287.2,5975526.769099997
2025-11-11 09:32:59.966000+00:00,2025-11-11 09:30:00+00:00,continuous,105287.1,105306.0,105273.3,105285.9,7298916.783099988
2025-11-11 09:35:59.091000+00:00,2025-11-11 09:33:00+00:00,continuous,105285.9,105344.7,105267.8,105272.3,13889395.802200012
2025-11-11 09:38:58.641000+00:00,2025-11-11 09:36:00+00:00,continuous,105272.2,105272.3,105223.7,105248.6,5979902.098599992
2025-11-11 09:41:59.786000+00:00,2025-11-11 09:39:00+00:00,continuous,105248.7,105454.7,105201.2,105214.0,47014495.0976
2025-11-11 09:44:59.885000+00:00,2025-11-11 09:42:00+00:00,continuous,105213.9,105262.8,105024.3,105024.3,32850912.20219999
2025-11-11 09:47:59.555000+00:00,2025-11-11 09:45:00+00:00,continuous,105024.3,105061.3,104900.6,104920.3,33535679.1516
2025-11-11 09:50:59.956000+00:00,2025-11-11 09:48:00+00:00,continuous,104920.2,105069.5,104911.9,104959.8,14910689.216699986
2025-11-11 09:53:59.956000+00:00,2025-11-11 09:51:00+00:00,continuous,104959.7,104986.8,104903.2,104940.0,11811974.734400004
2025-11-11 09:56:59.992000+00:00,2025-11-11 09:54:00+00:00,continuous,104940.0,104983.5,104907.5,104918.8,10741114.27160002
2025-11-11 09:59:59.860000+00:00,2025-11-11 09:57:00+00:00,continuous,104918.7,104946.0,104856.9,104920.6,14728591.567900002
2025-11-11 10:02:59.944000+00:00,2025-11-11 10:00:00+00:00,continuous,104920.6,104975.6,104869.6,104975.6,15919978.149100013
2025-11-11 10:05:59.994000+00:00,2025-11-11 10:03:00+00:00,continuous,104975.7,105072.0,104947.7,105000.0,29492886.012200065
2025-11-11 10:08:59.982000+00:00,2025-11-11 10:06:00+00:00,continuous,105000.0,105071.6,104993.0,105071.6,11226888.278300013
2025-11-11 10:11:59.867000+00:00,2025-11-11 10:09:00+00:00,continuous,105071.6,105165.7,105047.9,105093.4,25675684.652000032
2025-11-11 10:14:59.836000+00:00,2025-11-11 10:12:00+00:00,continuous,105093.5,105150.0,105036.3,105067.9,10749489.219800012
2025-11-11 10:17:59.998000+00:00,2025-11-11 10:15:00+00:00,continuous,105067.9,105172.6,105067.8,105074.4,8734213.39219999
2025-11-11 10:20:59.899000+00:00,2025-11-11 10:18:00+00:00,continuous,105074.4,105163.6,105030.0,105074.6,10830962.660599988
2025-11-11 10:23:59.706000+00:00,2025-11-11 10:21:00+00:00,continuous,105074.5,105115.9,104980.0,105115.9,10514281.665600002
2025-11-11 10:26:58.773000+00:00,2025-11-11 10:24:00+00:00,continuous,105116.0,105134.0,105024.5,105082.2,12354248.666800002
2025-11-11 10:29:58.689000+00:00,2025-11-11 10:27:00+00:00,continuous,105082.2,105123.7,105046.5,105075.9,5435396.7538
2025-11-11 10:32:59.718000+00:00,2025-11-11 10:30:00+00:00,continuous,105075.9,105121.0,105028.0,105089.1,8573913.550800003
2025-11-11 10:35:59.808000+00:00,2025-11-11 10:33:00+00:00,continuous,105089.2,105121.2,104966.0,105028.5,7704301.575999997
2025-11-11 10:38:59.910000+00:00,2025-11-11 10:36:00+00:00,continuous,105028.6,105104.3,105001.7,105099.9,6480131.755100001
2025-11-11 10:41:59.891000+00:00,2025-11-11 10:39:00+00:00,continuous,105100.0,105143.2,105072.4,105111.5,6191667.358099995
2025-11-11 10:44:59.955000+00:00,2025-11-11 10:42:00+00:00,continuous,105111.5,105182.9,105111.5,105169.1,5551415.862399988
2025-11-11 10:47:59.923000+00:00,2025-11-11 10:45:00+00:00,continuous,105169.2,105193.0,105110.0,105110.0,8138982.120500023
2025-11-11 10:50:59.731000+00:00,2025-11-11 10:48:00+00:00,continuous,105110.0,105110.1,105031.5,105056.9,8851381.27749998
2025-11-11 10:53:59.938000+00:00,2025-11-11 10:51:00+00:00,continuous,105056.8,105056.9,104980.3,105047.7,7253978.396000002
2025-11-11 10:56:59.621000+00:00,2025-11-11 10:54:00+00:00,continuous,105047.7,105117.8,105027.0,105041.6,6104101.522299997
2025-11-11 10:59:59.918000+00:00,2025-11-11 10:57:00+00:00,continuous,105041.6,105129.7,105041.6,105120.5,9930899.975499984
2025-11-11 11:02:59.346000+00:00,2025-11-11 11:00:00+00:00,continuous,105120.6,105255.7,105120.5,105220.9,26051418.61660004
2025-11-11 11:05:59.845000+00:00,2025-11-11 11:03:00+00:00,continuous,105220.9,105346.0,105212.1,105271.5,16945514.280000016
2025-11-11 11:08:59.740000+00:00,2025-11-11 11:06:00+00:00,continuous,105271.4,105340.3,105268.2,105293.4,9530180.504699994
2025-11-11 11:11:59.881000+00:00,2025-11-11 11:09:00+00:00,continuous,105293.3,105319.7,105223.6,105261.9,13394824.169500003
2025-11-11 11:14:59.797000+00:00,2025-11-11 11:12:00+00:00,continuous,105261.8,105302.1,105221.4,105280.8,12859553.191400006
2025-11-11 11:17:59.581000+00:00,2025-11-11 11:15:00+00:00,continuous,105280.9,105280.9,105166.0,105180.8,16128820.775199998
2025-11-11 11:20:59.687000+00:00,2025-11-11 11:18:00+00:00,continuous,105180.8,105272.9,105130.0,105272.8,20835551.085899998
2025-11-11 11:23:59.576000+00:00,2025-11-11 11:21:00+00:00,continuous,105272.9,105313.3,105208.8,105261.7,13586551.668600027
2025-11-11 11:26:59.787000+00:00,2025-11-11 11:24:00+00:00,continuous,105261.7,105290.0,105238.5,105267.1,6095884.811399984
2025-11-11 11:29:59.744000+00:00,2025-11-11 11:27:00+00:00,continuous,105267.0,105277.7,105236.5,105250.2,5236790.5222
2025-11-11 11:32:59.887000+00:00,2025-11-11 11:30:00+00:00,continuous,105250.1,105289.8,105240.2,105258.7,4288918.220500007
2025-11-11 11:35:59.944000+00:00,2025-11-11 11:33:00+00:00,continuous,105258.7,105357.7,105251.5,105343.6,17169067.422100037
2025-11-11 11:38:59.635000+00:00,2025-11-11 11:36:00+00:00,continuous,105343.5,105345.0,105290.3,105344.9,8147488.7226000065
2025-11-11 11:41:59.948000+00:00,2025-11-11 11:39:00+00:00,continuous,105345.0,105428.9,105295.7,105380.9,22022051.00820003
2025-11-11 11:44:59.797000+00:00,2025-11-11 11:42:00+00:00,continuous,105380.8,105464.2,105380.8,105435.6,16545589.627700014
2025-11-11 11:47:59.925000+00:00,2025-11-11 11:45:00+00:00,continuous,105435.6,105441.9,105384.8,105398.8,9986982.092499979
2025-11-11 11:50:59.921000+00:00,2025-11-11 11:48:00+00:00,continuous,105398.8,105398.8,105097.3,105097.3,29180895.361100014
2025-11-11 11:53:59.820000+00:00,2025-11-11 11:51:00+00:00,continuous,105097.3,105219.3,105090.6,105152.9,16791840.274699956
2025-11-11 11:56:59.392000+00:00,2025-11-11 11:54:00+00:00,continuous,105152.9,105189.2,105106.0,105178.7,14283549.245400015
2025-11-11 11:59:59.901000+00:00,2025-11-11 11:57:00+00:00,continuous,105178.8,105270.5,105178.7,105256.2,11001415.103599979
2025-11-11 12:02:59.963000+00:00,2025-11-11 12:00:00+00:00,continuous,105256.2,105259.7,105203.2,105259.7,8240556.815899997
2025-11-11 12:05:59.799000+00:00,2025-11-11 12:03:00+00:00,continuous,105259.7,105410.0,105235.5,105400.0,12251913.631499978
2025-11-11 12:08:59.888000+00:00,2025-11-11 12:06:00+00:00,continuous,105399.9,105456.0,105354.7,105428.2,18258075.0519
2025-11-11 12:11:59.555000+00:00,2025-11-11 12:09:00+00:00,continuous,105428.1,105459.8,105373.1,105381.1,16531234.027100025
2025-11-11 12:14:59.859000+00:00,2025-11-11 12:12:00+00:00,continuous,105381.1,105410.0,105150.0,105167.7,18321041.93780003
2025-11-11 12:17:59.863000+00:00,2025-11-11 12:15:00+00:00,continuous,105167.7,105200.0,105018.1,105035.0,31508486.783699986
2025-11-11 12:20:59.867000+00:00,2025-11-11 12:18:00+00:00,continuous,105035.1,105045.1,104988.0,105030.0,15006666.532100039
2025-11-11 12:23:59.910000+00:00,2025-11-11 12:21:00+00:00,continuous,105030.0,105030.0,104918.8,105008.6,23345801.324600063
2025-11-11 12:26:59.814000+00:00,2025-11-11 12:24:00+00:00,continuous,105008.5,105008.6,104875.0,104970.6,17371636.818200015
2025-11-11 12:29:59.909000+00:00,2025-11-11 12:27:00+00:00,continuous,104970.6,104980.6,104875.7,104904.8,14781357.244600011
2025-11-11 12:32:59.957000+00:00,2025-11-11 12:30:00+00:00,continuous,104904.8,104975.8,104882.7,104975.7,21282325.874299984
2025-11-11 12:35:59.950000+00:00,2025-11-11 12:33:00+00:00,continuous,104975.8,104985.5,104850.0,104850.1,15207296.764199983
2025-11-11 12:38:59.977000+00:00,2025-11-11 12:36:00+00:00,continuous,104850.0,104892.1,104767.0,104777.1,33408613.098400015
2025-11-11 12:41:59.555000+00:00,2025-11-11 12:39:00+00:00,continuous,104777.0,104807.4,104644.0,104729.8,58750635.469900005
2025-11-11 12:44:59.967000+00:00,2025-11-11 12:42:00+00:00,continuous,104729.8,104764.9,104666.3,104688.4,29801440.424100034
2025-11-11 12:47:59.972000+00:00,2025-11-11 12:45:00+00:00,continuous,104688.5,104759.3,104504.4,104531.0,102141786.59829977
2025-11-11 12:50:59.862000+00:00,2025-11-11 12:48:00+00:00,continuous,104530.9,104537.1,104342.6,104391.0,154548066.6358002
2025-11-11 12:53:59.849000+00:00,2025-11-11 12:51:00+00:00,continuous,104390.9,104583.9,104390.9,104541.9,64933848.79499993
2025-11-11 12:56:59.850000+00:00,2025-11-11 12:54:00+00:00,continuous,104541.9,104564.5,104434.7,104564.5,41924869.13310002
2025-11-11 12:59:59.979000+00:00,2025-11-11 12:57:00+00:00,continuous,104564.5,104564.5,104400.0,104500.0,46273721.67159999
2025-11-11 13:02:59.909000+00:00,2025-11-11 13:00:00+00:00,continuous,104499.9,104645.3,104499.9,104566.5,27838139.358800028
2025-11-11 13:05:59.947000+00:00,2025-11-11 13:03:00+00:00,continuous,104566.6,104639.2,104546.6,104550.3,23674355.920699988
2025-11-11 13:08:59.856000+00:00,2025-11-11 13:06:00+00:00,continuous,104550.2,104664.1,104531.3,104647.9,23689863.3375
2025-11-11 13:11:59.898000+00:00,2025-11-11 13:09:00+00:00,continuous,104647.9,104670.0,104450.0,104538.2,37390358.17549999
2025-11-11 13:14:59.930000+00:00,2025-11-11 13:12:00+00:00,continuous,104538.2,104600.0,104506.8,104590.2,12498159.12960002
2025-11-11 13:17:59.993000+00:00,2025-11-11 13:15:00+00:00,continuous,104590.3,104659.5,104400.0,104457.5,34633051.0775999
2025-11-11 13:20:59.943000+00:00,2025-11-11 13:18:00+00:00,continuous,104457.5,104497.0,104373.9,104397.7,24724994.655599978
2025-11-11 13:23:59.982000+00:00,2025-11-11 13:21:00+00:00,continuous,104397.7,104452.6,104285.0,104306.7,48576987.958599724
2025-11-11 13:26:59.880000+00:00,2025-11-11 13:24:00+00:00,continuous,104306.8,104390.0,104217.0,104289.9,95212983.55930004
2025-11-11 13:29:59.996000+00:00,2025-11-11 13:27:00+00:00,continuous,104290.0,104342.5,104160.0,104293.7,96646054.78110008
2025-11-11 13:32:59.986000+00:00,2025-11-11 13:30:00+00:00,continuous,104293.7,104353.1,104255.5,104265.1,40034527.70140002
2025-11-11 13:35:59.943000+00:00,2025-11-11 13:33:00+00:00,continuous,104265.1,104333.3,104257.1,104316.0,14789917.753699988
2025-11-11 13:38:59.882000+00:00,2025-11-11 13:36:00+00:00,continuous,104316.0,104390.0,104295.2,104317.2,21072721.304499995
2025-11-11 13:41:59.688000+00:00,2025-11-11 13:39:00+00:00,continuous,104317.2,104457.9,104296.2,104357.4,22932218.88049999
2025-11-11 13:44:59.772000+00:00,2025-11-11 13:42:00+00:00,continuous,104357.4,104437.2,104245.9,104312.3,45346384.33379987
2025-11-11 13:47:59.932000+00:00,2025-11-11 13:45:00+00:00,continuous,104312.4,104527.2,104312.3,104447.5,35635135.88629996
2025-11-11 13:50:59.730000+00:00,2025-11-11 13:48:00+00:00,continuous,104447.5,104500.0,104428.0,104430.1,13076606.3698
2025-11-11 13:53:59.921000+00:00,2025-11-11 13:51:00+00:00,continuous,104430.0,104430.0,104315.0,104325.7,18641478.222600028
2025-11-11 13:56:59.900000+00:00,2025-11-11 13:54:00+00:00,continuous,104325.6,104373.7,104200.0,104333.6,27702768.380699996
2025-11-11 13:59:59.987000+00:00,2025-11-11 13:57:00+00:00,continuous,104333.6,104384.2,104294.0,104350.1,20757403.92299999
2025-11-11 14:02:59.880000+00:00,2025-11-11 14:00:00+00:00,continuous,104350.1,104429.0,104230.6,104238.5,29096169.640700005
2025-11-11 14:05:59.697000+00:00,2025-11-11 14:03:00+00:00,continuous,104238.6,104357.0,104236.7,104311.7,23151927.179699983
2025-11-11 14:08:59.910000+00:00,2025-11-11 14:06:00+00:00,continuous,104311.7,104420.4,104240.6,104252.6,22158563.502200026
2025-11-11 14:11:59.801000+00:00,2025-11-11 14:09:00+00:00,continuous,104252.6,104320.1,104209.1,104293.2,13369496.0931
2025-11-11 14:14:59.592000+00:00,2025-11-11 14:12:00+00:00,continuous,104293.2,104342.5,104250.6,104340.0,10609050.061500022
2025-11-11 14:17:59.804000+00:00,2025-11-11 14:15:00+00:00,continuous,104340.0,104366.0,104290.0,104354.7,11497419.32559996
2025-11-11 14:20:59.721000+00:00,2025-11-11 14:18:00+00:00,continuous,104354.8,104494.9,104321.4,104486.9,25426351.419299956
2025-11-11 14:23:59.818000+00:00,2025-11-11 14:21:00+00:00,continuous,104486.9,104486.9,104396.0,104399.2,16272518.520000022
2025-11-11 14:26:59.874000+00:00,2025-11-11 14:24:00+00:00,continuous,104399.2,104480.0,104344.4,104480.0,12961188.05749999
2025-11-11 14:29:59.555000+00:00,2025-11-11 14:27:00+00:00,continuous,104480.0,104527.3,104392.7,104434.6,13562951.625400009
2025-11-11 14:32:59.921000+00:00,2025-11-11 14:30:00+00:00,continuous,104434.7,104443.0,104195.0,104195.0,34441080.99880003
2025-11-11 14:35:59.936000+00:00,2025-11-11 14:33:00+00:00,continuous,104195.1,104344.0,104142.1,104339.2,45149614.45960006
2025-11-11 14:38:59.863000+00:00,2025-11-11 14:36:00+00:00,continuous,104339.2,104376.5,104212.7,104308.1,24796634.899100054
2025-11-11 14:41:59.996000+00:00,2025-11-11 14:39:00+00:00,continuous,104308.1,104317.4,104122.6,104166.6,35926992.641499944
2025-11-11 14:44:59.954000+00:00,2025-11-11 14:42:00+00:00,continuous,104166.5,104190.0,104022.6,104057.7,65492245.24709998
2025-11-11 14:47:59.971000+00:00,2025-11-11 14:45:00+00:00,continuous,104057.6,104174.0,104013.2,104052.1,52237357.266400054
2025-11-11 14:50:59.902000+00:00,2025-11-11 14:48:00+00:00,continuous,104052.1,104100.0,103821.0,103924.1,181710032.6574997
2025-11-11 14:53:59.869000+00:00,2025-11-11 14:51:00+00:00,continuous,103924.2,103933.9,103800.0,103860.1,51568104.12740003
2025-11-11 14:56:59.989000+00:00,2025-11-11 14:54:00+00:00,continuous,103860.1,104312.0,103800.0,104234.6,85747804.94760005
2025-11-11 14:59:59.891000+00:00,2025-11-11 14:57:00+00:00,continuous,104234.7,104641.9,104234.7,104517.8,143095037.4174996
2025-11-11 15:02:59.839000+00:00,2025-11-11 15:00:00+00:00,continuous,104517.8,104517.8,104238.2,104307.7,63539534.684299864
2025-11-11 15:05:59.976000+00:00,2025-11-11 15:03:00+00:00,continuous,104307.6,104344.5,104175.7,104254.6,45144178.13380005
2025-11-11 15:08:59.904000+00:00,2025-11-11 15:06:00+00:00,continuous,104254.6,104288.0,103967.5,104217.9,54725866.92100004
2025-11-11 15:11:59.918000+00:00,2025-11-11 15:09:00+00:00,continuous,104217.9,104262.9,104027.0,104163.5,47447328.4052001
2025-11-11 15:14:59.957000+00:00,2025-11-11 15:12:00+00:00,continuous,104163.6,104216.9,103876.2,103940.0,103824726.23920016
2025-11-11 15:17:59.889000+00:00,2025-11-11 15:15:00+00:00,continuous,103940.0,104185.2,103877.2,104172.8,37950909.32599998
2025-11-11 15:20:59.889000+00:00,2025-11-11 15:18:00+00:00,continuous,104172.8,104228.5,103964.1,104047.1,27086539.822599977
2025-11-11 15:23:59.881000+00:00,2025-11-11 15:21:00+00:00,continuous,104047.0,104147.1,104004.7,104059.1,23000139.203499995
2025-11-11 15:26:59.945000+00:00,2025-11-11 15:24:00+00:00,continuous,104059.0,104135.8,103945.4,103997.4,20547202.77300001
2025-11-11 15:29:59.862000+00:00,2025-11-11 15:27:00+00:00,continuous,103997.4,104041.4,103600.1,103656.0,126170933.82989967
2025-11-11 15:32:59.999000+00:00,2025-11-11 15:30:00+00:00,continuous,103656.0,103679.1,103515.0,103527.6,130952735.45980048
2025-11-11 15:35:59.994000+00:00,2025-11-11 15:33:00+00:00,continuous,103527.3,103549.9,103347.6,103489.4,151601818.7381008
2025-11-11 15:38:59.997000+00:00,2025-11-11 15:36:00+00:00,continuous,103489.2,103489.2,103315.0,103389.0,65019176.07380002
2025-11-11 15:41:59.955000+00:00,2025-11-11 15:39:00+00:00,continuous,103388.9,103634.2,103355.4,103571.5,72562026.98840016
2025-11-11 15:44:59.937000+00:00,2025-11-11 15:42:00+00:00,continuous,103571.5,103579.1,103451.2,103494.6,35180682.77249998
2025-11-11 15:47:59.957000+00:00,2025-11-11 15:45:00+00:00,continuous,103494.5,103549.7,103135.2,103217.9,139223613.77369994
2025-11-11 15:50:59.992000+00:00,2025-11-11 15:48:00+00:00,continuous,103218.0,103435.0,103171.8,103423.4,57925514.75960002
2025-11-11 15:53:59.960000+00:00,2025-11-11 15:51:00+00:00,continuous,103423.5,103423.5,103222.0,103393.8,43012364.15080016
2025-11-11 15:56:59.860000+00:00,2025-11-11 15:54:00+00:00,continuous,103393.7,103530.0,103365.6,103454.4,39701169.37029993
2025-11-11 15:59:59.874000+00:00,2025-11-11 15:57:00+00:00,continuous,103454.4,103509.0,103362.8,103417.2,33709335.57090001
2025-11-11 16:02:59.978000+00:00,2025-11-11 16:00:00+00:00,continuous,103417.2,103491.3,103376.0,103453.2,32131994.29670001
2025-11-11 16:05:59.775000+00:00,2025-11-11 16:03:00+00:00,continuous,103453.1,103561.3,103393.3,103503.2,40603297.513400085
2025-11-11 16:08:59.942000+00:00,2025-11-11 16:06:00+00:00,continuous,103503.2,103503.2,103199.9,103205.4,43447373.58699979
2025-11-11 16:11:59.887000+00:00,2025-11-11 16:09:00+00:00,continuous,103205.4,103516.4,103168.0,103512.5,45561275.75819999
2025-11-11 16:14:59.959000+00:00,2025-11-11 16:12:00+00:00,continuous,103512.5,103538.4,103421.9,103485.4,24365309.017899938
2025-11-11 16:17:59.892000+00:00,2025-11-11 16:15:00+00:00,continuous,103485.5,103632.8,103485.4,103525.9,43598790.37539998
2025-11-11 16:20:59.975000+00:00,2025-11-11 16:18:00+00:00,continuous,103525.8,103694.8,103503.6,103553.9,48235441.16840004
2025-11-11 16:23:59.839000+00:00,2025-11-11 16:21:00+00:00,continuous,103553.8,103679.1,103553.8,103659.4,19300890.114400048
2025-11-11 16:26:59.904000+00:00,2025-11-11 16:24:00+00:00,continuous,103659.5,103679.1,103519.1,103566.3,32594545.726699904
2025-11-11 16:29:59.971000+00:00,2025-11-11 16:27:00+00:00,continuous,103566.4,103566.4,103307.3,103379.5,22353415.873700056
2025-11-11 16:32:59.445000+00:00,2025-11-11 16:30:00+00:00,continuous,103379.6,103388.1,103236.6,103267.6,33869698.37390011
2025-11-11 16:35:59.993000+00:00,2025-11-11 16:33:00+00:00,continuous,103267.5,103448.7,103250.0,103410.5,17779236.189799957
2025-11-11 16:38:59.307000+00:00,2025-11-11 16:36:00+00:00,continuous,103410.5,103500.0,103350.5,103374.9,13380941.903099988
2025-11-11 16:41:59.873000+00:00,2025-11-11 16:39:00+00:00,continuous,103375.0,103436.7,103268.3,103430.1,20654544.02539999
2025-11-11 16:44:59.690000+00:00,2025-11-11 16:42:00+00:00,continuous,103430.0,103559.1,103407.1,103466.3,14773876.169799998
2025-11-11 16:47:59.917000+00:00,2025-11-11 16:45:00+00:00,continuous,103466.4,103610.9,103448.3,103605.7,15549428.4337
2025-11-11 16:50:59.966000+00:00,2025-11-11 16:48:00+00:00,continuous,103605.8,103607.8,103381.7,103432.9,17936073.568200007
2025-11-11 16:53:59.797000+00:00,2025-11-11 16:51:00+00:00,continuous,103433.0,103543.2,103427.5,103526.2,9805654.250400003
2025-11-11 16:56:59.972000+00:00,2025-11-11 16:54:00+00:00,continuous,103526.2,103526.2,103388.8,103409.0,8189347.710500002
2025-11-11 16:59:59.650000+00:00,2025-11-11 16:57:00+00:00,continuous,103409.0,103459.1,103294.0,103366.6,18089328.70230002
2025-11-11 17:02:59.938000+00:00,2025-11-11 17:00:00+00:00,continuous,103366.5,103404.0,103247.4,103247.4,26689566.27469997
2025-11-11 17:05:59.685000+00:00,2025-11-11 17:03:00+00:00,continuous,103247.3,103483.9,103228.6,103474.5,24655905.011399973
2025-11-11 17:08:59.869000+00:00,2025-11-11 17:06:00+00:00,continuous,103474.4,103599.9,103474.4,103505.0,29059839.878800083
2025-11-11 17:11:59.804000+00:00,2025-11-11 17:09:00+00:00,continuous,103505.0,103569.6,103482.1,103482.1,10915428.538199998
2025-11-11 17:14:59.673000+00:00,2025-11-11 17:12:00+00:00,continuous,103482.0,103575.0,103482.0,103516.5,9514586.97230001
2025-11-11 17:17:59.293000+00:00,2025-11-11 17:15:00+00:00,continuous,103516.6,103590.0,103425.0,103468.8,13981203.056000046
2025-11-11 17:20:59.979000+00:00,2025-11-11 17:18:00+00:00,continuous,103468.9,103531.2,103435.6,103530.9,11006757.953400042
2025-11-11 17:23:59.545000+00:00,2025-11-11 17:21:00+00:00,continuous,103531.2,103543.2,103420.9,103437.7,10399305.229200017
2025-11-11 17:26:59.892000+00:00,2025-11-11 17:24:00+00:00,continuous,103437.8,103437.8,103304.2,103331.2,11799920.8215
2025-11-11 17:29:59.816000+00:00,2025-11-11 17:27:00+00:00,continuous,103331.2,103406.8,103320.4,103362.0,7752268.337700005
2025-11-11 17:32:59.980000+00:00,2025-11-11 17:30:00+00:00,continuous,103362.0,103421.4,103263.3,103273.5,14850610.433000008
2025-11-11 17:35:59.984000+00:00,2025-11-11 17:33:00+00:00,continuous,103273.6,103301.3,103171.4,103186.8,24073348.8192
2025-11-11 17:38:59.804000+00:00,2025-11-11 17:36:00+00:00,continuous,103186.7,103201.7,102990.0,103024.9,119089627.98909965
2025-11-11 17:41:59.889000+00:00,2025-11-11 17:39:00+00:00,continuous,103025.0,103122.1,102777.0,102940.1,173008035.74930054
2025-11-11 17:44:59.780000+00:00,2025-11-11 17:42:00+00:00,continuous,102940.0,102990.0,102835.0,102948.4,39726339.52210003
2025-11-11 17:47:59.833000+00:00,2025-11-11 17:45:00+00:00,continuous,102948.5,103012.9,102878.5,102896.6,26769865.25679992
2025-11-11 17:50:59.773000+00:00,2025-11-11 17:48:00+00:00,continuous,102896.5,103053.2,102875.8,103036.9,33375859.64619995
2025-11-11 17:53:59.773000+00:00,2025-11-11 17:51:00+00:00,continuous,103036.9,103160.6,103013.1,103120.0,30176182.94340002
2025-11-11 17:56:59.950000+00:00,2025-11-11 17:54:00+00:00,continuous,103120.0,103255.1,103100.0,103250.9,24211680.30429997
2025-11-11 17:59:58.526000+00:00,2025-11-11 17:57:00+00:00,continuous,103250.9,103357.6,103250.8,103294.0,29810461.017600045
2025-11-11 18:02:59.628000+00:00,2025-11-11 18:00:00+00:00,continuous,103294.0,103525.1,103287.4,103387.3,55265613.59410002
2025-11-11 18:05:59.557000+00:00,2025-11-11 18:03:00+00:00,continuous,103387.3,103387.3,103308.0,103374.4,20452137.93299997
2025-11-11 18:08:59.909000+00:00,2025-11-11 18:06:00+00:00,continuous,103374.5,103460.0,103150.0,103168.5,24384662.051599964
2025-11-11 18:11:59.093000+00:00,2025-11-11 18:09:00+00:00,continuous,103168.5,103230.3,103102.3,103143.0,18570908.88829998
2025-11-11 18:14:59.734000+00:00,2025-11-11 18:12:00+00:00,continuous,103143.1,103255.5,103143.1,103200.1,16321650.767899971
2025-11-11 18:17:59.881000+00:00,2025-11-11 18:15:00+00:00,continuous,103200.1,103237.4,103130.0,103210.0,12699896.789300008
2025-11-11 18:20:59.871000+00:00,2025-11-11 18:18:00+00:00,continuous,103210.0,103310.1,103197.0,103284.0,10319468.646299979
2025-11-11 18:23:59.485000+00:00,2025-11-11 18:21:00+00:00,continuous,103283.9,103305.7,103166.0,103200.0,9782975.856000014
2025-11-11 18:26:59.830000+00:00,2025-11-11 18:24:00+00:00,continuous,103200.1,103200.1,103009.0,103093.6,22579259.76880008
2025-11-11 18:29:59.765000+00:00,2025-11-11 18:27:00+00:00,continuous,103093.5,103369.4,103063.4,103259.7,35123887.2802
2025-11-11 18:32:59.874000+00:00,2025-11-11 18:30:00+00:00,continuous,103259.7,103396.2,103246.4,103276.5,24918484.14779999
2025-11-11 18:35:59.991000+00:00,2025-11-11 18:33:00+00:00,continuous,103276.6,103359.8,103276.6,103311.3,9643916.686
2025-11-11 18:38:59.769000+00:00,2025-11-11 18:36:00+00:00,continuous,103311.1,103311.1,103161.1,103161.1,13460591.58609998
2025-11-11 18:41:59.418000+00:00,2025-11-11 18:39:00+00:00,continuous,103161.1,103295.3,103116.7,103267.3,11854325.194200022
2025-11-11 18:44:59.887000+00:00,2025-11-11 18:42:00+00:00,continuous,103267.4,103280.3,103090.0,103122.0,10671792.1023
2025-11-11 18:47:59.307000+00:00,2025-11-11 18:45:00+00:00,continuous,103122.1,103237.7,103108.0,103196.7,10392608.211999979
2025-11-11 18:50:59.693000+00:00,2025-11-11 18:48:00+00:00,continuous,103196.7,103495.6,103186.6,103412.1,61759203.70450013
2025-11-11 18:53:59.804000+00:00,2025-11-11 18:51:00+00:00,continuous,103412.0,103478.9,103368.0,103395.5,13824808.197300011
2025-11-11 18:56:59.620000+00:00,2025-11-11 18:54:00+00:00,continuous,103395.5,103395.6,103307.6,103348.3,13988256.33020003
2025-11-11 18:59:59.674000+00:00,2025-11-11 18:57:00+00:00,continuous,103348.3,103385.2,103325.7,103344.6,12473116.324100016
2025-11-11 19:02:59.703000+00:00,2025-11-11 19:00:00+00:00,continuous,103344.5,103344.5,103063.5,103107.4,48495377.90299993
2025-11-11 19:05:59.880000+00:00,2025-11-11 19:03:00+00:00,continuous,103107.5,103196.4,103064.2,103064.2,15239235.563799968
2025-11-11 19:08:59.821000+00:00,2025-11-11 19:06:00+00:00,continuous,103064.2,103095.2,102797.5,102959.0,69496714.3883002
2025-11-11 19:11:59.950000+00:00,2025-11-11 19:09:00+00:00,continuous,102959.0,103131.6,102958.9,103076.1,30312710.910199944
2025-11-11 19:14:59.658000+00:00,2025-11-11 19:12:00+00:00,continuous,103076.2,103153.9,103040.0,103060.9,16994991.24469995
2025-11-11 19:17:59.917000+00:00,2025-11-11 19:15:00+00:00,continuous,103061.0,103248.8,103061.0,103221.6,14881481.094800025
2025-11-11 19:20:59.992000+00:00,2025-11-11 19:18:00+00:00,continuous,103221.7,103275.0,103163.5,103270.7,15366337.686900029
2025-11-11 19:23:59.918000+00:00,2025-11-11 19:21:00+00:00,continuous,103270.6,103277.2,103187.6,103214.7,9084432.523000004
2025-11-11 19:26:59.997000+00:00,2025-11-11 19:24:00+00:00,continuous,103214.7,103333.0,103214.7,103308.7,9742080.555500006
2025-11-11 19:29:59.645000+00:00,2025-11-11 19:27:00+00:00,continuous,103308.6,103400.0,103295.6,103365.6,13746780.732700022
2025-11-11 19:32:59.872000+00:00,2025-11-11 19:30:00+00:00,continuous,103365.7,103411.0,103287.3,103308.7,19317044.706300035
2025-11-11 19:35:59.554000+00:00,2025-11-11 19:33:00+00:00,continuous,103308.7,103360.0,103195.0,103213.8,13611942.386200003
2025-11-11 19:38:59.744000+00:00,2025-11-11 19:36:00+00:00,continuous,103213.8,103213.9,103108.1,103130.0,12006126.438600017
2025-11-11 19:41:58.649000+00:00,2025-11-11 19:39:00+00:00,continuous,103130.0,103215.7,103130.0,103170.1,9175300.110499982
2025-11-11 19:44:58.416000+00:00,2025-11-11 19:42:00+00:00,continuous,103170.0,103188.0,103074.8,103141.5,13835871.387700073
2025-11-11 19:47:59.908000+00:00,2025-11-11 19:45:00+00:00,continuous,103141.4,103237.1,103104.0,103220.0,15602368.794900024
2025-11-11 19:50:59.749000+00:00,2025-11-11 19:48:00+00:00,continuous,103219.9,103334.5,103219.9,103334.5,10595673.0095
2025-11-11 19:53:59.982000+00:00,2025-11-11 19:51:00+00:00,continuous,103334.5,103368.8,103270.4,103276.5,20673553.982300002
2025-11-11 19:56:59.865000+00:00,2025-11-11 19:54:00+00:00,continuous,103276.6,103279.9,103237.5,103241.1,7543484.943400002
2025-11-11 19:59:59.717000+00:00,2025-11-11 19:57:00+00:00,continuous,103241.2,103241.2,103036.9,103073.6,19023285.769000046
2025-11-11 20:02:59.846000+00:00,2025-11-11 20:00:00+00:00,continuous,103073.6,103073.6,102954.6,102954.7,22742610.127599988
2025-11-11 20:05:59.216000+00:00,2025-11-11 20:03:00+00:00,continuous,102954.7,103060.9,102926.3,102939.8,16166329.478500063
2025-11-11 20:08:59.664000+00:00,2025-11-11 20:06:00+00:00,continuous,102939.9,103006.7,102815.3,102820.0,28734167.030299935
2025-11-11 20:11:59.867000+00:00,2025-11-11 20:09:00+00:00,continuous,102820.0,102950.0,102729.0,102940.1,67454562.40109996
2025-11-11 20:14:59.836000+00:00,2025-11-11 20:12:00+00:00,continuous,102940.2,103015.1,102884.1,102966.5,16462502.231899997
2025-11-11 20:17:59.572000+00:00,2025-11-11 20:15:00+00:00,continuous,102966.4,103148.4,102966.4,103058.3,21366299.04779999
2025-11-11 20:20:59.965000+00:00,2025-11-11 20:18:00+00:00,continuous,103058.3,103178.3,103049.9,103160.1,16015114.168499993
2025-11-11 20:23:59.573000+00:00,2025-11-11 20:21:00+00:00,continuous,103160.0,103175.0,103090.4,103117.1,13980944.393900026
2025-11-11 20:26:59.960000+00:00,2025-11-11 20:24:00+00:00,continuous,103117.1,103183.8,103025.5,103025.5,13737800.096399987
2025-11-11 20:29:59.796000+00:00,2025-11-11 20:27:00+00:00,continuous,103025.5,103061.9,102898.0,102910.9,12256823.690399993
2025-11-11 20:32:59.547000+00:00,2025-11-11 20:30:00+00:00,continuous,102910.8,102910.8,102739.0,102767.9,43345211.35040009
2025-11-11 20:35:59.670000+00:00,2025-11-11 20:33:00+00:00,continuous,102768.0,102800.0,102692.8,102746.0,45795518.70160006
2025-11-11 20:38:59.974000+00:00,2025-11-11 20:36:00+00:00,continuous,102746.1,102879.4,102671.6,102752.0,33752007.10030003
2025-11-11 20:41:59.853000+00:00,2025-11-11 20:39:00+00:00,continuous,102752.1,102876.3,102752.0,102785.9,21076151.29899997
2025-11-11 20:44:59.652000+00:00,2025-11-11 20:42:00+00:00,continuous,102786.0,102830.3,102742.9,102796.9,19560116.642199997
2025-11-11 20:47:59.914000+00:00,2025-11-11 20:45:00+00:00,continuous,102796.9,102869.8,102748.7,102843.7,24983382.22380004
2025-11-11 20:50:59.720000+00:00,2025-11-11 20:48:00+00:00,continuous,102843.8,102869.6,102760.6,102821.9,14911536.068799999
2025-11-11 20:53:59.652000+00:00,2025-11-11 20:51:00+00:00,continuous,102822.0,102858.0,102751.0,102767.7,11008839.498099996
2025-11-11 20:56:59.314000+00:00,2025-11-11 20:54:00+00:00,continuous,102767.7,102879.0,102764.0,102855.7,14754283.991999999
2025-11-11 20:59:59.649000+00:00,2025-11-11 20:57:00+00:00,continuous,102855.6,102863.4,102602.0,102774.8,44679828.18530002
2025-11-11 21:02:59.835000+00:00,2025-11-11 21:00:00+00:00,continuous,102774.8,102860.1,102627.6,102664.7,41113582.335300125
2025-11-11 21:05:59.780000+00:00,2025-11-11 21:03:00+00:00,continuous,102664.8,102782.6,102600.9,102735.2,35545723.50399994
2025-11-11 21:08:59.843000+00:00,2025-11-11 21:06:00+00:00,continuous,102735.1,102799.1,102703.1,102799.1,17024340.83070002
2025-11-11 21:11:59.992000+00:00,2025-11-11 21:09:00+00:00,continuous,102799.1,103066.2,102799.1,103024.2,40728059.54800005
2025-11-11 21:14:59.828000+00:00,2025-11-11 21:12:00+00:00,continuous,103024.3,103041.6,102913.5,102935.0,16868814.279799975
2025-11-11 21:17:59.992000+00:00,2025-11-11 21:15:00+00:00,continuous,102935.0,103029.8,102899.9,102899.9,11379091.554300016
2025-11-11 21:20:59.538000+00:00,2025-11-11 21:18:00+00:00,continuous,102900.0,102925.1,102863.4,102913.4,7483030.018300019
2025-11-11 21:23:59.602000+00:00,2025-11-11 21:21:00+00:00,continuous,102913.4,102921.6,102844.4,102879.0,6054462.542499999
2025-11-11 21:26:59.280000+00:00,2025-11-11 21:24:00+00:00,continuous,102879.1,102884.4,102724.6,102775.0,9781019.08880001
2025-11-11 21:29:59.894000+00:00,2025-11-11 21:27:00+00:00,continuous,102775.0,102809.3,102751.0,102751.1,5311623.402599986
2025-11-11 21:32:59.839000+00:00,2025-11-11 21:30:00+00:00,continuous,102751.1,102758.5,102604.7,102604.7,19087986.24130002
2025-11-11 21:35:59.956000+00:00,2025-11-11 21:33:00+00:00,continuous,102604.8,102681.7,102577.8,102639.5,22561298.691000015
2025-11-11 21:38:59.926000+00:00,2025-11-11 21:36:00+00:00,continuous,102639.6,102659.6,102400.0,102557.3,107812039.82449977
2025-11-11 21:41:59.847000+00:00,2025-11-11 21:39:00+00:00,continuous,102556.8,102556.8,102428.5,102471.8,37989686.25390005
2025-11-11 21:44:59.801000+00:00,2025-11-11 21:42:00+00:00,continuous,102471.8,102526.2,102454.3,102526.2,12158665.33389999
2025-11-11 21:47:59.926000+00:00,2025-11-11 21:45:00+00:00,continuous,102526.2,102591.5,102478.9,102501.5,17787406.848800022
2025-11-11 21:50:59.652000+00:00,2025-11-11 21:48:00+00:00,continuous,102501.5,102501.5,102427.5,102441.5,25383636.096000023
2025-11-11 21:53:59.571000+00:00,2025-11-11 21:51:00+00:00,continuous,102441.5,102686.6,102441.3,102642.6,44830757.88319998
2025-11-11 21:56:59.828000+00:00,2025-11-11 21:54:00+00:00,continuous,102642.5,102733.8,102636.0,102733.8,15751178.226800025
2025-11-11 21:59:59.955000+00:00,2025-11-11 21:57:00+00:00,continuous,102733.8,102786.9,102598.4,102598.4,14919837.175199999
2025-11-11 22:02:59.688000+00:00,2025-11-11 22:00:00+00:00,continuous,102598.3,102598.3,102459.3,102491.0,15085074.65080003
2025-11-11 22:05:59.369000+00:00,2025-11-11 22:03:00+00:00,continuous,102490.9,102599.9,102490.9,102599.9,16802567.569400016
2025-11-11 22:08:59.767000+00:00,2025-11-11 22:06:00+00:00,continuous,102600.0,102606.8,102526.3,102526.4,9957370.546300007
2025-11-11 22:11:59.561000+00:00,2025-11-11 22:09:00+00:00,continuous,102526.4,102763.0,102526.3,102763.0,11688713.106400017
2025-11-11 22:14:59.843000+00:00,2025-11-11 22:12:00+00:00,continuous,102762.9,102805.3,102722.0,102724.3,20465166.984699987
2025-11-11 22:17:59.835000+00:00,2025-11-11 22:15:00+00:00,continuous,102724.3,102724.3,102552.0,102652.2,15838822.217500009
2025-11-11 22:20:59.773000+00:00,2025-11-11 22:18:00+00:00,continuous,102652.2,102796.3,102625.9,102769.8,14879568.872700004
2025-11-11 22:23:59.868000+00:00,2025-11-11 22:21:00+00:00,continuous,102769.9,102938.3,102756.4,102915.6,21869535.584599957
2025-11-11 22:26:59.956000+00:00,2025-11-11 22:24:00+00:00,continuous,102916.1,102993.9,102810.8,102810.8,30601492.18879996
2025-11-11 22:29:59.834000+00:00,2025-11-11 22:27:00+00:00,continuous,102810.8,102932.1,102800.0,102884.3,14495221.040800031
2025-11-11 22:32:59.239000+00:00,2025-11-11 22:30:00+00:00,continuous,102884.2,102897.3,102810.9,102848.2,6504628.7602999825
2025-11-11 22:35:59.519000+00:00,2025-11-11 22:33:00+00:00,continuous,102848.3,103035.0,102848.2,102948.0,25757991.303699937
2025-11-11 22:38:59.939000+00:00,2025-11-11 22:36:00+00:00,continuous,102948.1,103018.0,102948.1,103004.1,12511091.240799999
2025-11-11 22:41:59.787000+00:00,2025-11-11 22:39:00+00:00,continuous,103004.0,103011.8,102947.7,102989.1,10576898.2486
2025-11-11 22:44:59.720000+00:00,2025-11-11 22:42:00+00:00,continuous,102989.0,103000.0,102978.5,103000.0,4618919.7922
2025-11-11 22:47:59.584000+00:00,2025-11-11 22:45:00+00:00,continuous,102999.9,103000.0,102902.1,102916.8,7380870.049299981
2025-11-11 22:50:59.985000+00:00,2025-11-11 22:48:00+00:00,continuous,102916.7,103002.8,102916.7,103002.8,6687780.934800003
2025-11-11 22:53:59.300000+00:00,2025-11-11 22:51:00+00:00,continuous,103002.8,103120.0,103002.7,103060.5,21087631.15389999
2025-11-11 22:56:59.911000+00:00,2025-11-11 22:54:00+00:00,continuous,103060.6,103093.3,103018.0,103018.1,10379025.292699996
2025-11-11 22:59:59.933000+00:00,2025-11-11 22:57:00+00:00,continuous,103018.0,103018.1,102889.2,102940.1,12917786.696299989
2025-11-11 23:02:59.976000+00:00,2025-11-11 23:00:00+00:00,continuous,102940.1,102958.0,102768.2,102769.1,18503085.775399935
2025-11-11 23:05:59.957000+00:00,2025-11-11 23:03:00+00:00,continuous,102769.0,102858.4,102751.6,102822.4,15475434.494800013
2025-11-11 23:08:59.741000+00:00,2025-11-11 23:06:00+00:00,continuous,102822.3,102937.0,102762.3,102887.4,14602616.527500017
2025-11-11 23:11:59.891000+00:00,2025-11-11 23:09:00+00:00,continuous,102887.4,102912.9,102801.3,102898.1,9947765.739399996
2025-11-11 23:14:58.336000+00:00,2025-11-11 23:12:00+00:00,continuous,102898.1,102965.1,102889.3,102936.5,7059004.599000004
2025-11-11 23:17:59.851000+00:00,2025-11-11 23:15:00+00:00,continuous,102936.4,103099.7,102936.4,103084.8,48245784.65560002
2025-11-11 23:20:59.737000+00:00,2025-11-11 23:18:00+00:00,continuous,103084.9,103126.5,103051.6,103090.9,20786670.67649991
2025-11-11 23:23:59.471000+00:00,2025-11-11 23:21:00+00:00,continuous,103090.9,103170.7,103080.0,103080.0,23075741.546599988
2025-11-11 23:26:59.973000+00:00,2025-11-11 23:24:00+00:00,continuous,103080.0,103080.1,102970.7,102973.7,10304402.74480001
2025-11-11 23:29:59.871000+00:00,2025-11-11 23:27:00+00:00,continuous,102973.6,103149.6,102973.6,103066.4,18228033.27089994
2025-11-11 23:32:59.728000+00:00,2025-11-11 23:30:00+00:00,continuous,103066.3,103066.4,102868.4,102929.7,13284438.626400013
2025-11-11 23:35:59.962000+00:00,2025-11-11 23:33:00+00:00,continuous,102929.7,102930.3,102826.0,102831.3,23154775.04819998
2025-11-11 23:38:59.901000+00:00,2025-11-11 23:36:00+00:00,continuous,102831.2,102950.0,102751.7,102950.0,19487800.0951
2025-11-11 23:41:59.328000+00:00,2025-11-11 23:39:00+00:00,continuous,102950.0,103012.7,102885.7,103012.7,11775896.830900012
2025-11-11 23:44:59.942000+00:00,2025-11-11 23:42:00+00:00,continuous,103012.7,103021.3,102935.5,102939.5,5515089.757800001
2025-11-11 23:47:59.740000+00:00,2025-11-11 23:45:00+00:00,continuous,102939.5,102987.1,102852.0,102852.0,7969998.3443999905
2025-11-11 23:50:59.493000+00:00,2025-11-11 23:48:00+00:00,continuous,102852.1,103000.0,102810.0,102919.4,15511243.104300033
2025-11-11 23:53:59.594000+00:00,2025-11-11 23:51:00+00:00,continuous,102918.9,102968.6,102857.8,102936.1,9663560.461600004
2025-11-11 23:56:59.682000+00:00,2025-11-11 23:54:00+00:00,continuous,102936.2,103071.5,102913.4,103006.7,10995359.1419
2025-11-11 23:59:59.899000+00:00,2025-11-11 23:57:00+00:00,continuous,103006.7,103037.1,102967.2,103005.8,7675276.236499988
2025-11-12 00:02:59.936000+00:00,2025-11-12 00:00:00+00:00,continuous,103005.8,103321.4,102997.9,103200.0,61879611.4507001
2025-11-12 00:05:59.765000+00:00,2025-11-12 00:03:00+00:00,continuous,103200.1,103223.0,103140.6,103173.8,19310215.93039999
2025-11-12 00:08:59.871000+00:00,2025-11-12 00:06:00+00:00,continuous,103173.7,103192.3,103121.4,103150.8,17718199.496499978
2025-11-12 00:11:59.940000+00:00,2025-11-12 00:09:00+00:00,continuous,103150.8,103150.8,102970.8,102971.9,15949353.550600026
2025-11-12 00:14:59.969000+00:00,2025-11-12 00:12:00+00:00,continuous,102971.8,102975.7,102761.8,102878.2,46513801.16099986
2025-11-12 00:17:59.978000+00:00,2025-11-12 00:15:00+00:00,continuous,102878.2,103036.8,102842.3,103016.1,17366942.473100062
2025-11-12 00:20:59.958000+00:00,2025-11-12 00:18:00+00:00,continuous,103016.2,103155.2,103001.0,103023.8,27377189.265100047
2025-11-12 00:23:59.997000+00:00,2025-11-12 00:21:00+00:00,continuous,103023.7,103111.7,102959.0,103077.4,13750927.788599972
2025-11-12 00:26:59.589000+00:00,2025-11-12 00:24:00+00:00,continuous,103077.4,103120.2,103041.5,103072.7,9898859.215100005
2025-11-12 00:29:59.690000+00:00,2025-11-12 00:27:00+00:00,continuous,103072.7,103072.7,102957.9,103032.3,8680620.43070001
2025-11-12 00:32:59.893000+00:00,2025-11-12 00:30:00+00:00,continuous,103032.2,103040.4,102936.3,102942.1,18258013.999899972
2025-11-12 00:35:59.849000+00:00,2025-11-12 00:33:00+00:00,continuous,102942.2,103005.8,102840.0,102892.1,18478496.860400047
2025-11-12 00:38:59.969000+00:00,2025-11-12 00:36:00+00:00,continuous,102892.1,103035.3,102851.2,102925.4,13200484.114299998
2025-11-12 00:41:59.807000+00:00,2025-11-12 00:39:00+00:00,continuous,102925.3,102925.3,102807.7,102861.9,17709437.577600043
2025-11-12 00:44:59.868000+00:00,2025-11-12 00:42:00+00:00,continuous,102861.9,102941.0,102813.9,102940.9,9747588.593299987
2025-11-12 00:47:59.834000+00:00,2025-11-12 00:45:00+00:00,continuous,102940.9,103000.0,102880.7,102959.0,8655847.81890002
2025-11-12 00:50:59.743000+00:00,2025-11-12 00:48:00+00:00,continuous,102959.0,103016.1,102913.6,102940.0,7533231.078999978
2025-11-12 00:53:59.894000+00:00,2025-11-12 00:51:00+00:00,continuous,102940.1,102947.5,102800.0,102812.0,13689323.994200023
2025-11-12 00:56:59.952000+00:00,2025-11-12 00:54:00+00:00,continuous,102811.9,103021.3,102811.8,103001.5,17909618.625599965
2025-11-12 00:59:59.642000+00:00,2025-11-12 00:57:00+00:00,continuous,103001.4,103007.0,102777.0,102838.4,18977326.13480005
2025-11-12 01:02:59.967000+00:00,2025-11-12 01:00:00+00:00,continuous,102838.4,102890.9,102777.6,102859.3,18368053.029400066
2025-11-12 01:05:59.940000+00:00,2025-11-12 01:03:00+00:00,continuous,102859.3,102890.8,102629.5,102890.8,52745901.79810006
2025-11-12 01:08:59.707000+00:00,2025-11-12 01:06:00+00:00,continuous,102890.7,103016.6,102867.3,102958.7,27583785.358799964
2025-11-12 01:11:59.791000+00:00,2025-11-12 01:09:00+00:00,continuous,102958.7,103077.0,102945.9,102965.9,30612036.243800074
2025-11-12 01:14:59.835000+00:00,2025-11-12 01:12:00+00:00,continuous,102966.0,103182.7,102965.9,103122.3,27133286.81580005
2025-11-12 01:17:59.628000+00:00,2025-11-12 01:15:00+00:00,continuous,103122.3,103236.8,103096.5,103171.8,39607933.5862
2025-11-12 01:20:59.926000+00:00,2025-11-12 01:18:00+00:00,continuous,103171.7,103250.0,103099.2,103128.9,20427983.414900027
2025-11-12 01:23:59.642000+00:00,2025-11-12 01:21:00+00:00,continuous,103128.9,103198.0,103065.3,103065.4,13242457.708499977
2025-11-12 01:26:59.966000+00:00,2025-11-12 01:24:00+00:00,continuous,103065.4,103098.1,102975.0,102994.3,13361829.306700028
2025-11-12 01:29:59.792000+00:00,2025-11-12 01:27:00+00:00,continuous,102994.4,103124.5,102994.4,103106.2,8900715.018399986
2025-11-12 01:32:59.890000+00:00,2025-11-12 01:30:00+00:00,continuous,103106.2,103172.8,103073.2,103081.6,8823062.732899988
2025-11-12 01:35:59.972000+00:00,2025-11-12 01:33:00+00:00,continuous,103081.6,103235.0,103064.0,103204.3,8484596.935200006
2025-11-12 01:38:59.985000+00:00,2025-11-12 01:36:00+00:00,continuous,103204.3,103237.8,103116.1,103202.7,10559831.10749999
2025-11-12 01:41:59.871000+00:00,2025-11-12 01:39:00+00:00,continuous,103202.7,103220.0,103152.5,103219.9,13236437.59239998
2025-11-12 01:44:59.238000+00:00,2025-11-12 01:42:00+00:00,continuous,103220.0,103230.0,103119.2,103124.8,13067398.889700033
2025-11-12 01:47:59.267000+00:00,2025-11-12 01:45:00+00:00,continuous,103124.8,103198.2,103102.9,103198.2,10298547.465499997
2025-11-12 01:50:59.660000+00:00,2025-11-12 01:48:00+00:00,continuous,103198.1,103313.0,103184.0,103200.1,30252184.877700046
2025-11-12 01:53:59.903000+00:00,2025-11-12 01:51:00+00:00,continuous,103200.0,103286.0,103167.4,103264.1,20018741.58289996
2025-11-12 01:56:59.729000+00:00,2025-11-12 01:54:00+00:00,continuous,103264.1,103325.0,103237.6,103263.0,19539190.281199962
2025-11-12 01:59:59.791000+00:00,2025-11-12 01:57:00+00:00,continuous,103263.0,103268.0,103149.9,103200.1,11553999.997300025
2025-11-12 02:02:59.756000+00:00,2025-11-12 02:00:00+00:00,continuous,103200.1,103290.0,103171.1,103201.6,14467088.968899995
2025-11-12 02:05:59.952000+00:00,2025-11-12 02:03:00+00:00,continuous,103201.6,103208.9,103137.6,103208.9,12362115.235000007
2025-11-12 02:08:59.840000+00:00,2025-11-12 02:06:00+00:00,continuous,103208.9,103257.8,103155.5,103221.4,10898730.70009999
2025-11-12 02:11:59.782000+00:00,2025-11-12 02:09:00+00:00,continuous,103221.4,103295.1,103221.4,103260.1,16952143.316899996
2025-11-12 02:14:59.788000+00:00,2025-11-12 02:12:00+00:00,continuous,103260.1,103318.4,103242.7,103264.1,7734593.324300009
2025-11-12 02:17:59.807000+00:00,2025-11-12 02:15:00+00:00,continuous,103264.2,103360.2,103250.0,103349.8,18645710.066700026
2025-11-12 02:20:59.976000+00:00,2025-11-12 02:18:00+00:00,continuous,103349.8,103350.0,103168.2,103183.4,25728282.773800086
2025-11-12 02:23:59.842000+00:00,2025-11-12 02:21:00+00:00,continuous,103183.5,103322.3,103152.0,103237.8,15374426.986399973
2025-11-12 02:26:59.850000+00:00,2025-11-12 02:24:00+00:00,continuous,103237.8,103318.7,103221.0,103225.1,11056916.947100012
2025-11-12 02:29:59.857000+00:00,2025-11-12 02:27:00+00:00,continuous,103225.1,103254.8,103182.0,103249.8,10330915.228700003
2025-11-12 02:32:59.937000+00:00,2025-11-12 02:30:00+00:00,continuous,103249.8,103270.3,102930.2,102963.3,66711239.869299896
2025-11-12 02:35:59.965000+00:00,2025-11-12 02:33:00+00:00,continuous,102963.3,103000.0,102885.0,102966.0,23810550.64910007
2025-11-12 02:38:59.856000+00:00,2025-11-12 02:36:00+00:00,continuous,102965.9,103120.0,102952.7,103119.9,51334477.63370008
2025-11-12 02:41:59.858000+00:00,2025-11-12 02:39:00+00:00,continuous,103120.0,103141.7,102998.3,103037.6,13187243.184299985
2025-11-12 02:44:59.950000+00:00,2025-11-12 02:42:00+00:00,continuous,103037.7,103037.7,102921.4,102986.5,14393387.413399981
2025-11-12 02:47:59.911000+00:00,2025-11-12 02:45:00+00:00,continuous,102986.4,103049.7,102952.0,102952.1,22879964.42450006
2025-11-12 02:50:59.916000+00:00,2025-11-12 02:48:00+00:00,continuous,102952.1,103047.3,102926.7,102950.1,14036119.382299963
2025-11-12 02:53:59.839000+00:00,2025-11-12 02:51:00+00:00,continuous,102950.0,103169.3,102948.7,103142.8,14193530.619800013
2025-11-12 02:56:59.954000+00:00,2025-11-12 02:54:00+00:00,continuous,103142.7,103194.3,103064.3,103064.3,11622023.64639999
2025-11-12 02:59:59.964000+00:00,2025-11-12 02:57:00+00:00,continuous,103064.3,103134.7,103055.5,103099.3,8311535.5315
2025-11-12 03:02:59.984000+00:00,2025-11-12 03:00:00+00:00,continuous,103099.3,103176.0,103045.5,103106.1,11104769.87130003
2025-11-12 03:05:59.959000+00:00,2025-11-12 03:03:00+00:00,continuous,103106.2,103206.1,103100.0,103138.5,13565551.106699996
2025-11-12 03:08:59.789000+00:00,2025-11-12 03:06:00+00:00,continuous,103138.6,103192.8,103124.3,103172.7,5362167.68550001
2025-11-12 03:11:59.702000+00:00,2025-11-12 03:09:00+00:00,continuous,103172.7,103183.2,103100.0,103146.5,7505299.52610002
2025-11-12 03:14:59.671000+00:00,2025-11-12 03:12:00+00:00,continuous,103146.5,103188.3,103116.3,103154.0,7039353.496599988
2025-11-12 03:17:59.293000+00:00,2025-11-12 03:15:00+00:00,continuous,103154.0,103218.7,103139.0,103200.9,8318651.231399996
2025-11-12 03:20:59.972000+00:00,2025-11-12 03:18:00+00:00,continuous,103200.9,103296.4,103200.8,103270.0,14302513.439199977
2025-11-12 03:23:59.828000+00:00,2025-11-12 03:21:00+00:00,continuous,103270.1,103312.7,103270.0,103312.5,12902239.820599988
2025-11-12 03:26:59.996000+00:00,2025-11-12 03:24:00+00:00,continuous,103312.5,103339.0,103302.0,103302.1,9543196.074600017
2025-11-12 03:29:59.968000+00:00,2025-11-12 03:27:00+00:00,continuous,103302.1,103302.1,103232.8,103288.0,6867056.773099986
2025-11-12 03:32:59.947000+00:00,2025-11-12 03:30:00+00:00,continuous,103288.0,103338.2,103268.1,103316.1,8795790.390100002
2025-11-12 03:35:59.471000+00:00,2025-11-12 03:33:00+00:00,continuous,103316.1,103335.5,103238.0,103264.6,8525858.278999986
2025-11-12 03:38:59.423000+00:00,2025-11-12 03:36:00+00:00,continuous,103264.5,103312.7,103262.0,103262.1,8097756.184200011
2025-11-12 03:41:59.980000+00:00,2025-11-12 03:39:00+00:00,continuous,103262.1,103312.1,103248.7,103291.7,7932420.428600002
2025-11-12 03:44:59.772000+00:00,2025-11-12 03:42:00+00:00,continuous,103291.7,103305.6,103243.5,103296.1,3972281.791900003
2025-11-12 03:47:59.571000+00:00,2025-11-12 03:45:00+00:00,continuous,103296.2,103312.8,103280.0,103295.1,5753639.005099996
2025-11-12 03:50:59.734000+00:00,2025-11-12 03:48:00+00:00,continuous,103295.1,103399.4,103295.0,103399.4,10041130.785100002
2025-11-12 03:53:59.901000+00:00,2025-11-12 03:51:00+00:00,continuous,103399.3,103399.4,103284.3,103340.5,10691445.096800009
2025-11-12 03:56:59.767000+00:00,2025-11-12 03:54:00+00:00,continuous,103340.4,103358.0,103231.3,103231.3,15318691.442600008
2025-11-12 03:59:59.902000+00:00,2025-11-12 03:57:00+00:00,continuous,103231.3,103267.2,103215.7,103267.2,12752727.81769998
2025-11-12 04:02:59.998000+00:00,2025-11-12 04:00:00+00:00,continuous,103267.2,103285.3,103192.0,103205.4,10256077.6677
2025-11-12 04:05:59.805000+00:00,2025-11-12 04:03:00+00:00,continuous,103205.4,103264.3,103202.1,103210.0,9341354.735900031
2025-11-12 04:08:59.813000+00:00,2025-11-12 04:06:00+00:00,continuous,103209.9,103368.0,103180.2,103338.9,13309514.401000002
2025-11-12 04:11:59.962000+00:00,2025-11-12 04:09:00+00:00,continuous,103338.9,103338.9,103285.5,103285.5,14084906.60679999
2025-11-12 04:14:59.829000+00:00,2025-11-12 04:12:00+00:00,continuous,103285.6,103400.0,103285.5,103400.0,9832051.505699996
2025-11-12 04:17:59.913000+00:00,2025-11-12 04:15:00+00:00,continuous,103400.0,103426.1,103340.8,103348.2,16520872.228399979
2025-11-12 04:20:58.520000+00:00,2025-11-12 04:18:00+00:00,continuous,103348.3,103353.4,103288.0,103296.1,7127477.79809999
2025-11-12 04:23:59.869000+00:00,2025-11-12 04:21:00+00:00,continuous,103296.0,103296.1,103207.8,103218.0,11377933.351800023
2025-11-12 04:26:59.714000+00:00,2025-11-12 04:24:00+00:00,continuous,103217.9,103285.0,103200.0,103221.8,11570975.7207
2025-11-12 04:29:59.720000+00:00,2025-11-12 04:27:00+00:00,continuous,103221.8,103221.9,103144.3,103161.6,10528798.993700022
2025-11-12 04:32:59.958000+00:00,2025-11-12 04:30:00+00:00,continuous,103161.7,103187.3,103142.9,103180.1,6029504.5967000015
2025-11-12 04:35:59.737000+00:00,2025-11-12 04:33:00+00:00,continuous,103180.0,103180.1,103095.0,103106.5,18056842.015800007
2025-11-12 04:38:59.744000+00:00,2025-11-12 04:36:00+00:00,continuous,103106.5,103127.3,103009.3,103086.7,18613748.74469996
2025-11-12 04:41:59.660000+00:00,2025-11-12 04:39:00+00:00,continuous,103086.7,103115.0,103064.0,103076.7,4245626.126299994
2025-11-12 04:44:59.996000+00:00,2025-11-12 04:42:00+00:00,continuous,103076.8,103076.8,102941.6,103031.4,25108554.998800024
2025-11-12 04:47:59.772000+00:00,2025-11-12 04:45:00+00:00,continuous,103031.4,103129.2,102986.1,103127.7,17015624.082000047
2025-11-12 04:50:59.775000+00:00,2025-11-12 04:48:00+00:00,continuous,103127.6,103158.2,103064.0,103064.1,8072245.907400005
2025-11-12 04:53:59.783000+00:00,2025-11-12 04:51:00+00:00,continuous,103064.0,103168.3,103064.0,103146.3,6835561.4484999925
2025-11-12 04:56:59.802000+00:00,2025-11-12 04:54:00+00:00,continuous,103146.3,103169.6,103107.8,103107.9,4456177.611500013
2025-11-12 04:59:59.964000+00:00,2025-11-12 04:57:00+00:00,continuous,103108.0,103200.0,103107.9,103199.9,5057735.789000006
2025-11-12 05:02:59.886000+00:00,2025-11-12 05:00:00+00:00,continuous,103200.0,103267.5,103188.1,103229.5,8889393.241600007
2025-11-12 05:05:59.853000+00:00,2025-11-12 05:03:00+00:00,continuous,103229.5,103269.8,103224.0,103249.1,7343466.538199994
2025-11-12 05:08:59.877000+00:00,2025-11-12 05:06:00+00:00,continuous,103249.1,103295.0,103249.0,103288.8,6101431.997600011
2025-11-12 05:11:59.466000+00:00,2025-11-12 05:09:00+00:00,continuous,103288.8,103290.0,103215.5,103285.0,6629009.113600016
2025-11-12 05:14:59.903000+00:00,2025-11-12 05:12:00+00:00,continuous,103285.0,103300.0,103232.6,103232.6,6693480.327699999
2025-11-12 05:17:59.937000+00:00,2025-11-12 05:15:00+00:00,continuous,103232.6,103300.0,103213.8,103284.9,4271810.597700002
2025-11-12 05:20:59.971000+00:00,2025-11-12 05:18:00+00:00,continuous,103284.9,103325.7,103258.6,103309.2,6498043.788799991
2025-11-12 05:23:59.829000+00:00,2025-11-12 05:21:00+00:00,continuous,103309.2,103358.0,103281.8,103358.0,9658059.734100003
2025-11-12 05:26:59.999000+00:00,2025-11-12 05:24:00+00:00,continuous,103358.0,103400.0,103313.9,103313.9,16196357.42720003
2025-11-12 05:29:59.012000+00:00,2025-11-12 05:27:00+00:00,continuous,103313.9,103339.0,103250.0,103314.4,5905002.942000002
2025-11-12 05:32:59.028000+00:00,2025-11-12 05:30:00+00:00,continuous,103314.3,103330.9,103265.4,103265.5,5933460.241900009
2025-11-12 05:35:59.320000+00:00,2025-11-12 05:33:00+00:00,continuous,103265.4,103300.1,103234.2,103236.6,6147310.01999999
2025-11-12 05:38:59.975000+00:00,2025-11-12 05:36:00+00:00,continuous,103236.6,103278.0,103232.8,103245.2,5126984.834400005
2025-11-12 05:41:59.979000+00:00,2025-11-12 05:39:00+00:00,continuous,103245.3,103315.5,103220.3,103238.6,6867316.844600009
2025-11-12 05:44:59.549000+00:00,2025-11-12 05:42:00+00:00,continuous,103238.5,103344.7,103238.5,103342.1,5538802.722400001
2025-11-12 05:47:59.916000+00:00,2025-11-12 05:45:00+00:00,continuous,103342.1,103350.0,103238.1,103256.1,5059577.697099993
2025-11-12 05:50:59.940000+00:00,2025-11-12 05:48:00+00:00,continuous,103256.1,103334.0,103256.0,103334.0,3830609.6821999936
2025-11-12 05:53:59.806000+00:00,2025-11-12 05:51:00+00:00,continuous,103333.9,103423.6,103314.2,103400.1,16395362.235200018
2025-11-12 05:56:59.783000+00:00,2025-11-12 05:54:00+00:00,continuous,103400.0,103411.0,103286.3,103332.3,11270260.49550003
2025-11-12 05:59:59.141000+00:00,2025-11-12 05:57:00+00:00,continuous,103332.3,103350.0,103302.8,103350.0,8633298.884399978
2025-11-12 06:02:59.225000+00:00,2025-11-12 06:00:00+00:00,continuous,103350.0,103350.0,103311.2,103341.9,9350936.437400028
2025-11-12 06:05:59.719000+00:00,2025-11-12 06:03:00+00:00,continuous,103342.0,103420.0,103341.9,103383.4,14538404.543199986
2025-11-12 06:08:59.920000+00:00,2025-11-12 06:06:00+00:00,continuous,103383.4,103444.0,103363.8,103441.7,29023928.159900025
2025-11-12 06:11:59.860000+00:00,2025-11-12 06:09:00+00:00,continuous,103441.6,103518.0,103430.0,103517.9,26498866.841599993
2025-11-12 06:14:59.939000+00:00,2025-11-12 06:12:00+00:00,continuous,103518.0,103585.4,103470.0,103500.0,24937068.414000027
2025-11-12 06:17:59.903000+00:00,2025-11-12 06:15:00+00:00,continuous,103499.9,103499.9,103427.2,103466.0,11498764.049400024
2025-11-12 06:20:59.856000+00:00,2025-11-12 06:18:00+00:00,continuous,103466.1,103605.0,103466.0,103507.8,31059557.296300028
2025-11-12 06:23:59.908000+00:00,2025-11-12 06:21:00+00:00,continuous,103507.8,103543.3,103436.7,103527.6,11158985.633199995
2025-11-12 06:26:59.839000+00:00,2025-11-12 06:24:00+00:00,continuous,103527.6,103536.8,103487.6,103489.0,12754395.7057
2025-11-12 06:29:59.390000+00:00,2025-11-12 06:27:00+00:00,continuous,103489.0,103525.2,103469.0,103469.0,9353716.368999982
2025-11-12 06:32:59.939000+00:00,2025-11-12 06:30:00+00:00,continuous,103469.0,103472.7,103407.6,103425.3,13894483.017399995
2025-11-12 06:35:59.505000+00:00,2025-11-12 06:33:00+00:00,continuous,103425.5,103469.0,103418.8,103454.6,7491693.366300009
2025-11-12 06:38:59.855000+00:00,2025-11-12 06:36:00+00:00,continuous,103454.7,103500.0,103435.7,103446.3,9893838.767699987
2025-11-12 06:41:59.916000+00:00,2025-11-12 06:39:00+00:00,continuous,103446.3,103446.4,103331.7,103403.1,7892132.884699997
2025-11-12 06:44:59.807000+00:00,2025-11-12 06:42:00+00:00,continuous,103403.2,103420.0,103374.5,103384.0,5152778.693999989
2025-11-12 06:47:59.487000+00:00,2025-11-12 06:45:00+00:00,continuous,103384.0,103394.4,103367.4,103367.9,5787158.580700013
2025-11-12 06:50:59.506000+00:00,2025-11-12 06:48:00+00:00,continuous,103367.8,103408.2,103332.7,103385.5,7381786.1177
2025-11-12 06:53:59.433000+00:00,2025-11-12 06:51:00+00:00,continuous,103385.6,103412.4,103358.3,103407.1,5169607.611399983
2025-11-12 06:56:59.957000+00:00,2025-11-12 06:54:00+00:00,continuous,103407.2,103420.7,103314.8,103324.3,13312926.533399988
2025-11-12 06:59:59.859000+00:00,2025-11-12 06:57:00+00:00,continuous,103324.3,103330.0,103290.0,103305.9,14661695.524500007
2025-11-12 07:02:59.984000+00:00,2025-11-12 07:00:00+00:00,continuous,103305.9,103350.0,103291.8,103343.3,10781786.976499988
2025-11-12 07:05:59.549000+00:00,2025-11-12 07:03:00+00:00,continuous,103343.2,103343.3,103280.9,103340.2,13389452.07960001
2025-11-12 07:08:59.814000+00:00,2025-11-12 07:06:00+00:00,continuous,103340.1,103400.0,103329.2,103400.0,6088296.917000004
2025-11-12 07:11:59.575000+00:00,2025-11-12 07:09:00+00:00,continuous,103400.0,103487.1,103399.9,103479.7,9858883.283499999
2025-11-12 07:14:59.800000+00:00,2025-11-12 07:12:00+00:00,continuous,103479.6,103479.7,103446.3,103455.0,10841466.562400006
2025-11-12 07:17:59.752000+00:00,2025-11-12 07:15:00+00:00,continuous,103455.1,103496.9,103420.2,103427.6,8261949.454600001
2025-11-12 07:20:59.954000+00:00,2025-11-12 07:18:00+00:00,continuous,103427.6,103453.7,103389.2,103436.8,6448676.299699995
2025-11-12 07:23:59.597000+00:00,2025-11-12 07:21:00+00:00,continuous,103436.8,103455.0,103428.0,103432.7,4254116.074199992
2025-11-12 07:26:59.995000+00:00,2025-11-12 07:24:00+00:00,continuous,103432.6,103449.0,103400.0,103426.3,6885789.968399994
2025-11-12 07:29:59.937000+00:00,2025-11-12 07:27:00+00:00,continuous,103425.6,103425.6,103371.4,103380.2,6327248.696999982
2025-11-12 07:32:59.811000+00:00,2025-11-12 07:30:00+00:00,continuous,103380.2,103407.5,103313.7,103407.5,20570275.221999936
2025-11-12 07:35:59.712000+00:00,2025-11-12 07:33:00+00:00,continuous,103407.4,103448.4,103377.7,103402.0,8918131.594799986
2025-11-12 07:38:59.831000+00:00,2025-11-12 07:36:00+00:00,continuous,103401.9,103443.8,103363.0,103421.5,7331346.4111000085
2025-11-12 07:41:59.726000+00:00,2025-11-12 07:39:00+00:00,continuous,103421.4,103470.6,103420.0,103435.8,5692752.269300001
2025-11-12 07:44:59.912000+00:00,2025-11-12 07:42:00+00:00,continuous,103435.8,103435.9,103346.1,103346.1,4390388.142599999
2025-11-12 07:47:59.326000+00:00,2025-11-12 07:45:00+00:00,continuous,103346.2,103346.2,103249.7,103260.8,19564560.4115
2025-11-12 07:50:59.759000+00:00,2025-11-12 07:48:00+00:00,continuous,103260.9,103265.4,103245.0,103245.0,6904264.356099983
2025-11-12 07:53:59.684000+00:00,2025-11-12 07:51:00+00:00,continuous,103245.1,103271.1,103123.9,103201.8,27544769.805299994
2025-11-12 07:56:59.880000+00:00,2025-11-12 07:54:00+00:00,continuous,103201.7,103239.6,103100.0,103115.7,33143480.20820009
2025-11-12 07:59:59.924000+00:00,2025-11-12 07:57:00+00:00,continuous,103115.7,103124.3,103001.0,103066.7,43202804.19800007
2025-11-12 08:02:59.619000+00:00,2025-11-12 08:00:00+00:00,continuous,103066.7,103145.6,103066.7,103138.1,18347682.36359999
2025-11-12 08:05:59.955000+00:00,2025-11-12 08:03:00+00:00,continuous,103138.1,103213.3,103113.8,103163.4,24968406.783300012
2025-11-12 08:08:59.191000+00:00,2025-11-12 08:06:00+00:00,continuous,103163.5,103241.1,103163.4,103175.3,13554033.191599995
2025-11-12 08:11:59.682000+00:00,2025-11-12 08:09:00+00:00,continuous,103175.3,103271.9,103175.2,103258.8,12409110.375400005
2025-11-12 08:14:59.902000+00:00,2025-11-12 08:12:00+00:00,continuous,103258.8,103269.1,103208.5,103239.9,12876107.008599995
2025-11-12 08:17:59.845000+00:00,2025-11-12 08:15:00+00:00,continuous,103239.9,103433.4,103239.8,103318.2,24692046.261400007
2025-11-12 08:20:59.873000+00:00,2025-11-12 08:18:00+00:00,continuous,103318.2,103520.7,103318.1,103511.0,28478794.469900023
2025-11-12 08:23:59.857000+00:00,2025-11-12 08:21:00+00:00,continuous,103511.0,103598.0,103500.0,103594.8,30586650.59640008
2025-11-12 08:26:59.908000+00:00,2025-11-12 08:24:00+00:00,continuous,103594.8,103774.4,103594.8,103680.5,80523079.32850008
2025-11-12 08:29:59.965000+00:00,2025-11-12 08:27:00+00:00,continuous,103680.4,103886.8,103630.1,103809.2,88755309.40940014
2025-11-12 08:32:59.484000+00:00,2025-11-12 08:30:00+00:00,continuous,103809.3,103888.0,103689.2,103749.6,60075982.29929966
2025-11-12 08:35:59.563000+00:00,2025-11-12 08:33:00+00:00,continuous,103749.7,103951.0,103749.6,103866.5,68054565.3766999
2025-11-12 08:38:59.963000+00:00,2025-11-12 08:36:00+00:00,continuous,103866.5,104149.4,103865.5,104142.1,104023464.86690025
2025-11-12 08:41:59.902000+00:00,2025-11-12 08:39:00+00:00,continuous,104142.0,104188.0,103983.1,104019.1,51616337.58790005
2025-11-12 08:44:59.992000+00:00,2025-11-12 08:42:00+00:00,continuous,104019.1,104059.1,103948.4,104004.7,27582723.05229998
2025-11-12 08:47:59.892000+00:00,2025-11-12 08:45:00+00:00,continuous,104004.6,104083.3,103938.0,104078.1,30554042.66229999
2025-11-12 08:50:59.780000+00:00,2025-11-12 08:48:00+00:00,continuous,104078.1,104144.7,104046.7,104100.0,28081229.914700024
2025-11-12 08:53:59.948000+00:00,2025-11-12 08:51:00+00:00,continuous,104100.1,104165.5,104060.9,104075.3,28523608.268299863
2025-11-12 08:56:59.957000+00:00,2025-11-12 08:54:00+00:00,continuous,104075.3,104152.1,104015.8,104029.2,21731182.6954
2025-11-12 08:59:59.887000+00:00,2025-11-12 08:57:00+00:00,continuous,104029.1,104133.0,104029.1,104100.0,12296261.853499996
2025-11-12 09:02:59.672000+00:00,2025-11-12 09:00:00+00:00,continuous,104100.0,104185.6,104090.0,104148.1,25969395.657900125
2025-11-12 09:05:59.998000+00:00,2025-11-12 09:03:00+00:00,continuous,104148.1,104269.4,104143.1,104255.1,45603448.99940002
2025-11-12 09:08:59.986000+00:00,2025-11-12 09:06:00+00:00,continuous,104255.1,104347.4,104245.1,104347.4,51099983.45619989
2025-11-12 09:11:59.972000+00:00,2025-11-12 09:09:00+00:00,continuous,104347.3,104878.2,104330.2,104823.7,254670067.92550042
2025-11-12 09:14:59.890000+00:00,2025-11-12 09:12:00+00:00,continuous,104823.6,104823.7,104669.0,104753.6,117572480.89890063
2025-11-12 09:17:59.967000+00:00,2025-11-12 09:15:00+00:00,continuous,104753.7,104914.5,104753.6,104900.0,83908034.90939984
2025-11-12 09:20:59.994000+00:00,2025-11-12 09:18:00+00:00,continuous,104899.9,104979.5,104854.6,104976.1,69506443.21189994
2025-11-12 09:23:59.929000+00:00,2025-11-12 09:21:00+00:00,continuous,104976.0,104979.5,104860.2,104971.6,76958859.04439999
2025-11-12 09:26:59.939000+00:00,2025-11-12 09:24:00+00:00,continuous,104971.8,105044.2,104740.0,104753.0,92595412.35890034
2025-11-12 09:29:59.903000+00:00,2025-11-12 09:27:00+00:00,continuous,104753.0,104783.0,104668.6,104715.0,44368862.40270008
2025-11-12 09:32:59.891000+00:00,2025-11-12 09:30:00+00:00,continuous,104714.9,104820.0,104570.8,104570.9,65934966.94480009
2025-11-12 09:35:59.719000+00:00,2025-11-12 09:33:00+00:00,continuous,104570.9,104603.2,104381.7,104460.1,67996821.2326999
2025-11-12 09:38:59.743000+00:00,2025-11-12 09:36:00+00:00,continuous,104460.0,104649.9,104366.0,104592.0,54264342.485100046
2025-11-12 09:41:59.796000+00:00,2025-11-12 09:39:00+00:00,continuous,104592.0,104599.8,104457.0,104519.7,18001128.267600026
2025-11-12 09:44:59.770000+00:00,2025-11-12 09:42:00+00:00,continuous,104519.7,104639.8,104513.9,104543.1,27670446.600900058
2025-11-12 09:47:59.952000+00:00,2025-11-12 09:45:00+00:00,continuous,104543.1,104543.1,104429.3,104463.3,23443720.368200015
2025-11-12 09:50:59.963000+00:00,2025-11-12 09:48:00+00:00,continuous,104463.4,104532.0,104430.0,104515.4,27281133.78639993
2025-11-12 09:53:59.820000+00:00,2025-11-12 09:51:00+00:00,continuous,104515.4,104515.4,104404.6,104447.0,20840881.336100023
2025-11-12 09:56:59.915000+00:00,2025-11-12 09:54:00+00:00,continuous,104447.1,104502.2,104441.1,104502.2,12905298.46950001
2025-11-12 09:59:59.957000+00:00,2025-11-12 09:57:00+00:00,continuous,104502.1,104506.8,104431.2,104475.4,17672579.723199967
2025-11-12 10:02:59.986000+00:00,2025-11-12 10:00:00+00:00,continuous,104475.4,104623.0,104462.9,104623.0,30763216.706099954
2025-11-12 10:05:59.771000+00:00,2025-11-12 10:03:00+00:00,continuous,104622.9,104625.4,104579.1,104579.1,23596786.438800044
2025-11-12 10:08:59.849000+00:00,2025-11-12 10:06:00+00:00,continuous,104579.2,104698.5,104557.7,104692.6,19905362.648800038
2025-11-12 10:11:59.867000+00:00,2025-11-12 10:09:00+00:00,continuous,104692.5,104719.6,104604.4,104611.2,21488114.606700007
2025-11-12 10:14:59.801000+00:00,2025-11-12 10:12:00+00:00,continuous,104611.2,104796.2,104562.1,104750.0,35538766.599699914
2025-11-12 10:17:59.672000+00:00,2025-11-12 10:15:00+00:00,continuous,104750.0,104750.0,104651.5,104656.2,21853050.381300047
2025-11-12 10:20:59.672000+00:00,2025-11-12 10:18:00+00:00,continuous,104656.1,104675.9,104632.1,104654.9,8594632.59760001
2025-11-12 10:23:59.772000+00:00,2025-11-12 10:21:00+00:00,continuous,104654.8,104777.9,104627.2,104714.0,17724057.27999997
2025-11-12 10:26:59.670000+00:00,2025-11-12 10:24:00+00:00,continuous,104714.0,104810.2,104678.4,104692.6,20667176.870799962
2025-11-12 10:29:59.900000+00:00,2025-11-12 10:27:00+00:00,continuous,104692.6,104743.8,104663.9,104685.7,14269125.474200014
2025-11-12 10:32:59.838000+00:00,2025-11-12 10:30:00+00:00,continuous,104685.7,104786.2,104657.1,104730.4,27431239.49089998
2025-11-12 10:35:59.937000+00:00,2025-11-12 10:33:00+00:00,continuous,104730.5,104976.8,104724.7,104945.5,58761407.20170005
2025-11-12 10:38:59.723000+00:00,2025-11-12 10:36:00+00:00,continuous,104945.6,104999.0,104764.0,104795.5,30614493.290700123
2025-11-12 10:41:59.671000+00:00,2025-11-12 10:39:00+00:00,continuous,104795.6,104850.0,104687.7,104831.5,17998152.813000005
2025-11-12 10:44:59.944000+00:00,2025-11-12 10:42:00+00:00,continuous,104831.4,104831.5,104763.2,104779.9,9846888.659799973
2025-11-12 10:47:59.687000+00:00,2025-11-12 10:45:00+00:00,continuous,104779.9,104858.9,104770.0,104833.8,11058308.291699996
2025-11-12 10:50:59.908000+00:00,2025-11-12 10:48:00+00:00,continuous,104833.8,104846.7,104783.1,104812.7,10325898.546099989
2025-11-12 10:53:59.827000+00:00,2025-11-12 10:51:00+00:00,continuous,104812.8,104882.6,104739.1,104880.1,15916046.549800016
2025-11-12 10:56:59.732000+00:00,2025-11-12 10:54:00+00:00,continuous,104880.1,104907.6,104814.5,104821.1,13572118.842400022
2025-11-12 10:59:59.981000+00:00,2025-11-12 10:57:00+00:00,continuous,104821.1,104860.0,104807.9,104844.9,9115951.443199987
2025-11-12 11:02:59.763000+00:00,2025-11-12 11:00:00+00:00,continuous,104844.8,104975.0,104835.7,104974.9,21947864.71630008
2025-11-12 11:05:59.937000+00:00,2025-11-12 11:03:00+00:00,continuous,104975.0,104988.0,104824.9,104947.1,21711002.074900012
2025-11-12 11:08:59.970000+00:00,2025-11-12 11:06:00+00:00,continuous,104947.1,105147.2,104947.1,105102.2,81933563.38130023
2025-11-12 11:11:59.755000+00:00,2025-11-12 11:09:00+00:00,continuous,105102.4,105162.6,105035.8,105131.3,35609839.422100015
2025-11-12 11:14:59.636000+00:00,2025-11-12 11:12:00+00:00,continuous,105131.3,105131.4,105007.6,105023.4,18567482.68920002
2025-11-12 11:17:59.994000+00:00,2025-11-12 11:15:00+00:00,continuous,105023.4,105122.1,104970.7,105025.4,27565018.08880002
2025-11-12 11:20:59.958000+00:00,2025-11-12 11:18:00+00:00,continuous,105025.4,105100.0,105025.4,105038.0,12806439.250100022
2025-11-12 11:23:59.852000+00:00,2025-11-12 11:21:00+00:00,continuous,105037.9,105051.1,104829.4,104910.7,31440249.428700052
2025-11-12 11:26:59.858000+00:00,2025-11-12 11:24:00+00:00,continuous,104910.7,104983.1,104886.5,104886.5,19901353.96179997
2025-11-12 11:29:59.862000+00:00,2025-11-12 11:27:00+00:00,continuous,104886.5,104886.6,104728.3,104741.1,36865143.45420005
2025-11-12 11:32:59.890000+00:00,2025-11-12 11:30:00+00:00,continuous,104741.1,104873.2,104733.0,104866.6,21745250.330399975
2025-11-12 11:35:59.912000+00:00,2025-11-12 11:33:00+00:00,continuous,104866.6,104888.7,104831.5,104864.0,11332597.50359998
2025-11-12 11:38:59.814000+00:00,2025-11-12 11:36:00+00:00,continuous,104864.0,104918.8,104777.0,104777.0,16625035.731600009
2025-11-12 11:41:59.907000+00:00,2025-11-12 11:39:00+00:00,continuous,104777.1,104800.0,104712.0,104717.2,14779423.577900006
2025-11-12 11:44:59.918000+00:00,2025-11-12 11:42:00+00:00,continuous,104717.2,104748.0,104703.0,104708.8,17004076.54790002
2025-11-12 11:47:59.930000+00:00,2025-11-12 11:45:00+00:00,continuous,104708.7,104800.0,104693.4,104798.1,18634253.896500047
2025-11-12 11:50:59.942000+00:00,2025-11-12 11:48:00+00:00,continuous,104798.1,104831.9,104766.6,104828.9,18168970.990800038
2025-11-12 11:53:59.950000+00:00,2025-11-12 11:51:00+00:00,continuous,104829.0,104982.0,104828.9,104949.5,25966298.07510007
2025-11-12 11:56:59.989000+00:00,2025-11-12 11:54:00+00:00,continuous,104949.5,104949.5,104886.3,104904.0,10924885.998100005
2025-11-12 11:59:59.981000+00:00,2025-11-12 11:57:00+00:00,continuous,104903.9,104982.4,104903.9,104979.9,14325493.885300007
2025-11-12 12:02:59.994000+00:00,2025-11-12 12:00:00+00:00,continuous,104979.9,104987.6,104894.8,104912.3,15273017.466199996
2025-11-12 12:05:59.998000+00:00,2025-11-12 12:03:00+00:00,continuous,104912.2,104977.2,104827.6,104901.5,21741745.327899948
2025-11-12 12:08:59.936000+00:00,2025-11-12 12:06:00+00:00,continuous,104901.4,104971.7,104825.2,104971.6,21969456.139499977
2025-11-12 12:11:59.950000+00:00,2025-11-12 12:09:00+00:00,continuous,104971.6,105124.8,104945.4,105110.8,36062059.97470005
2025-11-12 12:14:59.807000+00:00,2025-11-12 12:12:00+00:00,continuous,105110.9,105137.9,105033.4,105103.7,46038348.403300144
2025-11-12 12:17:59.937000+00:00,2025-11-12 12:15:00+00:00,continuous,105103.7,105121.9,104974.7,105057.4,21829865.298100047
2025-11-12 12:20:59.819000+00:00,2025-11-12 12:18:00+00:00,continuous,105057.4,105281.7,105029.4,105268.4,59450985.35609993
2025-11-12 12:23:59.854000+00:00,2025-11-12 12:21:00+00:00,continuous,105268.3,105297.0,105124.6,105150.9,34800467.865000084
2025-11-12 12:26:59.661000+00:00,2025-11-12 12:24:00+00:00,continuous,105150.9,105194.5,105069.2,105077.8,30413010.929699898
2025-11-12 12:29:59.725000+00:00,2025-11-12 12:27:00+00:00,continuous,105077.8,105115.0,104917.7,104922.1,28748033.282300036
2025-11-12 12:32:59.704000+00:00,2025-11-12 12:30:00+00:00,continuous,104922.0,104937.6,104868.0,104912.4,25926587.701000124
2025-11-12 12:35:59.676000+00:00,2025-11-12 12:33:00+00:00,continuous,104912.3,104976.3,104910.9,104976.3,12038979.399600001
2025-11-12 12:38:59.907000+00:00,2025-11-12 12:36:00+00:00,continuous,104976.3,105020.0,104906.6,104906.6,14754894.17410001
2025-11-12 12:41:59.780000+00:00,2025-11-12 12:39:00+00:00,continuous,104906.6,104906.7,104778.2,104796.1,25896671.422899973
2025-11-12 12:44:59.964000+00:00,2025-11-12 12:42:00+00:00,continuous,104796.1,104859.3,104785.0,104817.2,20119192.5952
2025-11-12 12:47:59.885000+00:00,2025-11-12 12:45:00+00:00,continuous,104817.2,104952.8,104809.5,104941.2,20395805.844899938
2025-11-12 12:50:59.927000+00:00,2025-11-12 12:48:00+00:00,continuous,104941.2,105054.1,104941.1,105042.0,16875942.86019997
2025-11-12 12:53:59.849000+00:00,2025-11-12 12:51:00+00:00,continuous,105041.9,105050.0,104976.3,104976.3,13049731.909300001
2025-11-12 12:56:59.945000+00:00,2025-11-12 12:54:00+00:00,continuous,104976.3,105011.6,104949.4,105000.0,10586995.030199997
2025-11-12 12:59:59.740000+00:00,2025-11-12 12:57:00+00:00,continuous,105000.0,105032.9,104938.9,104947.8,9742500.618100008
2025-11-12 13:02:59.977000+00:00,2025-11-12 13:00:00+00:00,continuous,104947.8,104995.0,104799.7,104810.1,24731924.53779999
2025-11-12 13:05:59.875000+00:00,2025-11-12 13:03:00+00:00,continuous,104810.2,104883.8,104742.2,104801.4,43338483.013799906
2025-11-12 13:08:59.599000+00:00,2025-11-12 13:06:00+00:00,continuous,104801.7,104900.1,104794.1,104847.8,21661290.364200067
2025-11-12 13:11:59.625000+00:00,2025-11-12 13:09:00+00:00,continuous,104847.8,104897.6,104787.0,104816.2,38569646.70620003
2025-11-12 13:14:59.324000+00:00,2025-11-12 13:12:00+00:00,continuous,104816.3,104850.0,104800.0,104838.6,13917400.09599998
2025-11-12 13:17:59.967000+00:00,2025-11-12 13:15:00+00:00,continuous,104838.6,104895.1,104770.2,104770.3,20386174.396799978
2025-11-12 13:20:59.923000+00:00,2025-11-12 13:18:00+00:00,continuous,104770.2,104770.3,104556.6,104696.4,75113835.99080028
2025-11-12 13:23:59.868000+00:00,2025-11-12 13:21:00+00:00,continuous,104696.5,104808.7,104696.4,104747.5,24083344.923999973
2025-11-12 13:26:59.922000+00:00,2025-11-12 13:24:00+00:00,continuous,104747.6,104780.0,104679.9,104762.5,16601919.41200001
2025-11-12 13:29:59.861000+00:00,2025-11-12 13:27:00+00:00,continuous,104762.6,104950.0,104762.6,104926.6,26984859.732400008
2025-11-12 13:32:59.898000+00:00,2025-11-12 13:30:00+00:00,continuous,104926.5,104970.2,104877.4,104952.7,25278195.081499945
2025-11-12 13:35:59.636000+00:00,2025-11-12 13:33:00+00:00,continuous,104952.6,104952.7,104784.3,104805.7,17612029.12719994
2025-11-12 13:38:59.887000+00:00,2025-11-12 13:36:00+00:00,continuous,104805.7,105008.2,104805.6,104987.3,23654482.89990004
2025-11-12 13:41:59.630000+00:00,2025-11-12 13:39:00+00:00,continuous,104987.3,105132.1,104941.3,105082.6,28055337.56220001
2025-11-12 13:44:59.936000+00:00,2025-11-12 13:42:00+00:00,continuous,105082.6,105114.8,104969.2,105028.6,34351435.85190008
2025-11-12 13:47:59.780000+00:00,2025-11-12 13:45:00+00:00,continuous,105028.7,105081.9,104975.9,105063.7,15214776.189699981
2025-11-12 13:50:59.710000+00:00,2025-11-12 13:48:00+00:00,continuous,105063.7,105135.9,105052.2,105064.9,15109463.989000024
2025-11-12 13:53:59.945000+00:00,2025-11-12 13:51:00+00:00,continuous,105065.0,105079.7,104950.9,104988.6,16363659.481200017
2025-11-12 13:56:59.894000+00:00,2025-11-12 13:54:00+00:00,continuous,104988.6,105009.3,104960.0,104985.0,7397047.542700005
2025-11-12 13:59:59.613000+00:00,2025-11-12 13:57:00+00:00,continuous,104985.1,105018.0,104974.7,104993.8,10187694.993900036
2025-11-12 14:02:59.917000+00:00,2025-11-12 14:00:00+00:00,continuous,104993.7,104993.8,104706.9,104785.6,78136135.33149993
2025-11-12 14:05:59.982000+00:00,2025-11-12 14:03:00+00:00,continuous,104785.6,104844.6,104728.2,104739.9,31756913.16059995
2025-11-12 14:08:59.863000+00:00,2025-11-12 14:06:00+00:00,continuous,104739.8,104791.7,104693.0,104791.5,24548204.30010004
2025-11-12 14:11:59.739000+00:00,2025-11-12 14:09:00+00:00,continuous,104791.6,104882.7,104775.6,104856.3,20389476.12310002
2025-11-12 14:14:59.903000+00:00,2025-11-12 14:12:00+00:00,continuous,104856.4,104929.4,104828.6,104875.0,8421937.384799998
2025-11-12 14:17:59.758000+00:00,2025-11-12 14:15:00+00:00,continuous,104875.1,104915.4,104815.1,104885.3,9755002.341300007
2025-11-12 14:20:59.875000+00:00,2025-11-12 14:18:00+00:00,continuous,104885.2,104919.3,104850.0,104873.1,7999395.599300005
2025-11-12 14:23:59.957000+00:00,2025-11-12 14:21:00+00:00,continuous,104873.0,104918.0,104766.7,104774.2,19751111.47220002
2025-11-12 14:26:59.785000+00:00,2025-11-12 14:24:00+00:00,continuous,104774.1,104811.1,104715.7,104734.3,14517331.217400003
2025-11-12 14:29:59.940000+00:00,2025-11-12 14:27:00+00:00,continuous,104734.3,104751.5,104700.0,104720.0,21502650.632199958
2025-11-12 14:32:59.974000+00:00,2025-11-12 14:30:00+00:00,continuous,104719.9,104801.7,104644.5,104786.2,29787782.050999906
2025-11-12 14:35:59.898000+00:00,2025-11-12 14:33:00+00:00,continuous,104786.3,104851.0,104611.0,104644.7,35019356.325
2025-11-12 14:38:59.972000+00:00,2025-11-12 14:36:00+00:00,continuous,104644.6,104665.2,104551.0,104660.4,51210287.92670004
2025-11-12 14:41:59.974000+00:00,2025-11-12 14:39:00+00:00,continuous,104660.3,104681.5,104454.0,104597.9,72241108.57180022
2025-11-12 14:44:59.995000+00:00,2025-11-12 14:42:00+00:00,continuous,104597.9,104694.2,104524.9,104653.8,33258708.383599933
2025-11-12 14:47:59.975000+00:00,2025-11-12 14:45:00+00:00,continuous,104653.7,104820.9,104204.5,104227.3,163046895.42089987
2025-11-12 14:50:59.913000+00:00,2025-11-12 14:48:00+00:00,continuous,104226.8,104307.5,103508.8,104060.0,424023743.7158971
2025-11-12 14:53:59.968000+00:00,2025-11-12 14:51:00+00:00,continuous,104059.9,104133.7,103713.8,104070.6,115243960.72889994
2025-11-12 14:56:59.670000+00:00,2025-11-12 14:54:00+00:00,continuous,104070.6,104220.0,103911.1,103999.2,70494762.72319992
2025-11-12 14:59:59.971000+00:00,2025-11-12 14:57:00+00:00,continuous,103999.1,104032.9,103856.9,103948.5,54754426.30749994
2025-11-12 15:02:59.979000+00:00,2025-11-12 15:00:00+00:00,continuous,103948.5,104065.8,103800.0,103943.1,63600901.06740008
2025-11-12 15:05:59.929000+00:00,2025-11-12 15:03:00+00:00,continuous,103943.0,104275.8,103867.6,104000.0,77154792.16630012
2025-11-12 15:08:59.924000+00:00,2025-11-12 15:06:00+00:00,continuous,104000.0,104113.6,103907.4,103947.8,57383471.725200094
2025-11-12 15:11:59.885000+00:00,2025-11-12 15:09:00+00:00,continuous,103947.8,104227.4,103943.2,104209.8,29819987.478099976
2025-11-12 15:14:59.954000+00:00,2025-11-12 15:12:00+00:00,continuous,104209.9,104209.9,103668.7,103684.9,68784694.98550001
2025-11-12 15:17:59.950000+00:00,2025-11-12 15:15:00+00:00,continuous,103685.0,103878.0,103630.6,103751.8,77039660.01169987
2025-11-12 15:20:59.995000+00:00,2025-11-12 15:18:00+00:00,continuous,103751.7,103795.2,103300.0,103510.0,119878359.82900015
2025-11-12 15:23:59.922000+00:00,2025-11-12 15:21:00+00:00,continuous,103509.9,103638.8,103305.4,103613.3,82994582.70830013
2025-11-12 15:26:59.956000+00:00,2025-11-12 15:24:00+00:00,continuous,103613.4,103662.8,103358.4,103400.1,49083183.94569997
2025-11-12 15:29:59.997000+00:00,2025-11-12 15:27:00+00:00,continuous,103400.0,103533.3,103226.1,103417.0,67045409.39459978
2025-11-12 15:32:59.937000+00:00,2025-11-12 15:30:00+00:00,continuous,103417.0,103657.0,103385.0,103606.5,82003786.54739986
2025-11-12 15:35:59.919000+00:00,2025-11-12 15:33:00+00:00,continuous,103606.7,103665.0,103320.0,103354.6,53093159.1161999
2025-11-12 15:38:59.956000+00:00,2025-11-12 15:36:00+00:00,continuous,103354.6,103372.6,102809.6,102832.1,273763718.16069865
2025-11-12 15:41:59.986000+00:00,2025-11-12 15:39:00+00:00,continuous,102832.0,102910.7,102678.9,102752.1,142964074.27000055
2025-11-12 15:44:59.894000+00:00,2025-11-12 15:42:00+00:00,continuous,102752.2,102834.8,102608.3,102741.8,79740169.14360003
2025-11-12 15:47:59.891000+00:00,2025-11-12 15:45:00+00:00,continuous,102741.7,102789.4,102518.8,102558.6,94773869.32820033
2025-11-12 15:50:59.854000+00:00,2025-11-12 15:48:00+00:00,continuous,102558.5,102683.4,102448.2,102533.7,98590726.73259947
2025-11-12 15:53:59.984000+00:00,2025-11-12 15:51:00+00:00,continuous,102533.6,102600.0,101900.0,101946.3,324416110.56489986
2025-11-12 15:56:59.911000+00:00,2025-11-12 15:54:00+00:00,continuous,101946.4,102230.9,101937.1,102146.4,161732152.64089927
2025-11-12 15:59:59.852000+00:00,2025-11-12 15:57:00+00:00,continuous,102146.3,102216.6,102024.0,102124.9,78950760.68920001
2025-11-12 16:02:59.882000+00:00,2025-11-12 16:00:00+00:00,continuous,102124.9,102249.2,101943.9,102051.4,117798353.5596998
2025-11-12 16:05:59.988000+00:00,2025-11-12 16:03:00+00:00,continuous,102051.3,102187.9,101737.7,101962.4,149259602.76210132
2025-11-12 16:08:59.999000+00:00,2025-11-12 16:06:00+00:00,continuous,101962.3,102076.3,101770.1,101800.7,58890224.12030005
2025-11-12 16:11:59.972000+00:00,2025-11-12 16:09:00+00:00,continuous,101801.2,101898.3,101400.1,101415.7,206421010.74239987
2025-11-12 16:14:59.979000+00:00,2025-11-12 16:12:00+00:00,continuous,101415.6,101628.9,101274.8,101473.9,182351780.25420064
2025-11-12 16:17:59.961000+00:00,2025-11-12 16:15:00+00:00,continuous,101473.8,101816.9,101417.6,101732.3,127068502.65639973
2025-11-12 16:20:59.916000+00:00,2025-11-12 16:18:00+00:00,continuous,101732.2,101828.7,101575.0,101820.9,78089644.72420014
2025-11-12 16:23:59.995000+00:00,2025-11-12 16:21:00+00:00,continuous,101820.8,101871.4,101570.4,101570.4,57106830.77530032
2025-11-12 16:26:59.909000+00:00,2025-11-12 16:24:00+00:00,continuous,101570.5,101744.7,101499.0,101530.8,80414576.16670004
2025-11-12 16:29:59.997000+00:00,2025-11-12 16:27:00+00:00,continuous,101530.9,101790.4,101513.4,101750.3,44267766.10060006
2025-11-12 16:32:59.897000+00:00,2025-11-12 16:30:00+00:00,continuous,101750.2,102034.0,101581.1,102005.0,105990865.40339999
2025-11-12 16:35:59.944000+00:00,2025-11-12 16:33:00+00:00,continuous,102005.0,102069.4,101905.0,101950.0,83674126.27469985
2025-11-12 16:38:59.915000+00:00,2025-11-12 16:36:00+00:00,continuous,101950.1,102000.0,101799.9,101818.0,53502211.2438
2025-11-12 16:41:59.990000+00:00,2025-11-12 16:39:00+00:00,continuous,101818.0,101880.0,101672.1,101715.9,49975919.755700074
2025-11-12 16:44:59.856000+00:00,2025-11-12 16:42:00+00:00,continuous,101715.8,101823.2,101610.9,101653.8,33848829.39279996
2025-11-12 16:47:59.982000+00:00,2025-11-12 16:45:00+00:00,continuous,101653.8,101768.1,101446.0,101502.5,59728007.81149979
2025-11-12 16:50:59.979000+00:00,2025-11-12 16:48:00+00:00,continuous,101502.5,101579.7,101401.3,101515.2,54854177.07079995
2025-11-12 16:53:59.798000+00:00,2025-11-12 16:51:00+00:00,continuous,101515.4,101517.9,101402.1,101451.1,35208640.42810001
2025-11-12 16:56:59.955000+00:00,2025-11-12 16:54:00+00:00,continuous,101451.1,101690.7,101361.1,101648.5,62786905.875199854
2025-11-12 16:59:59.956000+00:00,2025-11-12 16:57:00+00:00,continuous,101648.6,101648.6,101344.0,101393.1,57883657.01240006
2025-11-12 17:02:59.842000+00:00,2025-11-12 17:00:00+00:00,continuous,101393.1,101500.6,101354.6,101446.2,37058008.45869997
2025-11-12 17:05:59.632000+00:00,2025-11-12 17:03:00+00:00,continuous,101446.2,101568.4,101405.7,101509.6,38303798.3420001
2025-11-12 17:08:59.964000+00:00,2025-11-12 17:06:00+00:00,continuous,101509.5,101735.0,101509.5,101681.8,49137255.71669979
2025-11-12 17:11:59.850000+00:00,2025-11-12 17:09:00+00:00,continuous,101681.8,101770.0,101510.3,101585.1,49129060.66529979
2025-11-12 17:14:59.983000+00:00,2025-11-12 17:12:00+00:00,continuous,101585.1,101628.0,101475.0,101489.7,24030013.1814
2025-11-12 17:17:59.960000+00:00,2025-11-12 17:15:00+00:00,continuous,101489.6,101580.2,101367.1,101382.5,29518925.40189998
2025-11-12 17:20:59.606000+00:00,2025-11-12 17:18:00+00:00,continuous,101382.6,101541.7,101359.0,101516.5,32477012.74459999
2025-11-12 17:23:59.857000+00:00,2025-11-12 17:21:00+00:00,continuous,101516.4,101526.6,101406.8,101446.3,23541979.100499965
2025-11-12 17:26:59.813000+00:00,2025-11-12 17:24:00+00:00,continuous,101446.3,101598.9,101439.0,101541.5,18910679.622600067
2025-11-12 17:29:59.626000+00:00,2025-11-12 17:27:00+00:00,continuous,101541.5,101610.3,101486.4,101548.9,19219410.71879997
2025-11-12 17:32:59.780000+00:00,2025-11-12 17:30:00+00:00,continuous,101548.9,101658.3,101489.3,101599.8,19719944.82609998
2025-11-12 17:35:59.957000+00:00,2025-11-12 17:33:00+00:00,continuous,101599.7,101735.2,101589.4,101692.3,28275001.144999936
2025-11-12 17:38:59.998000+00:00,2025-11-12 17:36:00+00:00,continuous,101692.2,101923.6,101586.4,101917.8,63590731.63889984
2025-11-12 17:41:59.739000+00:00,2025-11-12 17:39:00+00:00,continuous,101917.9,102100.0,101917.8,101968.6,112313767.9018002
2025-11-12 17:44:59.989000+00:00,2025-11-12 17:42:00+00:00,continuous,101968.6,102019.1,101759.2,101803.2,34337921.07900007
2025-11-12 17:47:59.965000+00:00,2025-11-12 17:45:00+00:00,continuous,101803.3,101813.3,101636.4,101664.1,37050936.496099815
2025-11-12 17:50:59.209000+00:00,2025-11-12 17:48:00+00:00,continuous,101664.0,101664.1,101503.3,101548.9,33368489.03359995
2025-11-12 17:53:59.596000+00:00,2025-11-12 17:51:00+00:00,continuous,101548.9,101708.3,101540.8,101663.0,20724650.46739996
2025-11-12 17:56:59.964000+00:00,2025-11-12 17:54:00+00:00,continuous,101663.0,101802.8,101663.0,101737.7,20731628.921500012
2025-11-12 17:59:59.508000+00:00,2025-11-12 17:57:00+00:00,continuous,101737.6,101763.6,101617.0,101700.0,25248239.520599976
2025-11-12 18:02:59.693000+00:00,2025-11-12 18:00:00+00:00,continuous,101700.0,101847.6,101697.5,101813.1,28939620.11990001
2025-11-12 18:05:59.786000+00:00,2025-11-12 18:03:00+00:00,continuous,101813.1,101910.0,101725.8,101736.2,35017959.063900046
2025-11-12 18:08:59.854000+00:00,2025-11-12 18:06:00+00:00,continuous,101736.3,101842.6,101582.5,101611.3,32967067.063700013
2025-11-12 18:11:59.977000+00:00,2025-11-12 18:09:00+00:00,continuous,101611.3,101625.1,101538.0,101544.5,19114997.061800033
2025-11-12 18:14:59.895000+00:00,2025-11-12 18:12:00+00:00,continuous,101544.6,101625.1,101544.5,101615.8,12020118.179000018
2025-11-12 18:17:59.853000+00:00,2025-11-12 18:15:00+00:00,continuous,101615.8,101698.6,101600.8,101634.8,13538525.828199964
2025-11-12 18:20:59.868000+00:00,2025-11-12 18:18:00+00:00,continuous,101634.8,101634.8,101533.8,101556.1,16761617.565200023
2025-11-12 18:23:59.605000+00:00,2025-11-12 18:21:00+00:00,continuous,101556.0,101694.8,101550.0,101645.2,17947121.74020007
2025-11-12 18:26:59.940000+00:00,2025-11-12 18:24:00+00:00,continuous,101645.2,101762.5,101630.0,101630.0,14380934.039199997
2025-11-12 18:29:59.996000+00:00,2025-11-12 18:27:00+00:00,continuous,101629.9,101640.8,101550.0,101563.0,16037448.057100011
2025-11-12 18:32:59.973000+00:00,2025-11-12 18:30:00+00:00,continuous,101562.9,101562.9,101421.0,101502.2,51989318.897400096
2025-11-12 18:35:59.797000+00:00,2025-11-12 18:33:00+00:00,continuous,101502.2,101687.0,101493.4,101683.4,19985216.19470005
2025-11-12 18:38:59.863000+00:00,2025-11-12 18:36:00+00:00,continuous,101683.4,101761.4,101655.3,101761.4,30378366.814600002
2025-11-12 18:41:59.967000+00:00,2025-11-12 18:39:00+00:00,continuous,101761.4,101800.1,101608.8,101608.8,23899393.347300004
2025-11-12 18:44:59.795000+00:00,2025-11-12 18:42:00+00:00,continuous,101608.8,101639.8,101450.0,101450.2,39165394.150400065
2025-11-12 18:47:59.758000+00:00,2025-11-12 18:45:00+00:00,continuous,101450.2,101482.0,101408.1,101465.1,31509572.22450002
2025-11-12 18:50:59.938000+00:00,2025-11-12 18:48:00+00:00,continuous,101465.1,101535.9,101360.4,101390.1,31831159.94669995
2025-11-12 18:53:59.919000+00:00,2025-11-12 18:51:00+00:00,continuous,101390.0,101452.0,101370.4,101440.3,13393786.249199998
2025-11-12 18:56:59.686000+00:00,2025-11-12 18:54:00+00:00,continuous,101440.3,101552.5,101424.5,101523.4,12927685.268899972
2025-11-12 18:59:59.425000+00:00,2025-11-12 18:57:00+00:00,continuous,101523.4,101559.8,101493.5,101493.6,11073634.112599991
2025-11-12 19:02:59.892000+00:00,2025-11-12 19:00:00+00:00,continuous,101493.6,101523.0,101430.0,101472.4,16647362.772399994
2025-11-12 19:05:59.935000+00:00,2025-11-12 19:03:00+00:00,continuous,101472.4,101519.7,101300.1,101372.8,34911162.63040005
2025-11-12 19:08:59.959000+00:00,2025-11-12 19:06:00+00:00,continuous,101372.8,101384.2,101000.0,101268.4,211014800.25920025
2025-11-12 19:11:59.492000+00:00,2025-11-12 19:09:00+00:00,continuous,101268.4,101360.1,101158.0,101199.0,65159465.988199905
2025-11-12 19:14:59.937000+00:00,2025-11-12 19:12:00+00:00,continuous,101198.9,101200.0,101052.3,101114.1,31553191.368600007
2025-11-12 19:17:59.984000+00:00,2025-11-12 19:15:00+00:00,continuous,101114.3,101271.9,101053.3,101165.7,27160871.926700015
2025-11-12 19:20:59.754000+00:00,2025-11-12 19:18:00+00:00,continuous,101165.7,101200.0,101072.7,101090.7,23417007.70609998
2025-11-12 19:23:59.893000+00:00,2025-11-12 19:21:00+00:00,continuous,101090.7,101183.7,101066.7,101182.3,18899701.66040002
2025-11-12 19:26:59.556000+00:00,2025-11-12 19:24:00+00:00,continuous,101182.3,101190.8,101094.7,101133.0,12270665.176999958
2025-11-12 19:29:59.990000+00:00,2025-11-12 19:27:00+00:00,continuous,101133.1,101151.6,100711.0,101040.0,197166806.16439927
2025-11-12 19:32:59.958000+00:00,2025-11-12 19:30:00+00:00,continuous,101040.0,101164.9,100810.0,100901.1,70156289.59720017
2025-11-12 19:35:59.932000+00:00,2025-11-12 19:33:00+00:00,continuous,100901.0,101072.1,100851.8,100945.6,31774806.723300118
2025-11-12 19:38:59.792000+00:00,2025-11-12 19:36:00+00:00,continuous,100945.7,101060.7,100945.7,101057.3,20223590.269300003
2025-11-12 19:41:59.683000+00:00,2025-11-12 19:39:00+00:00,continuous,101057.3,101327.4,101031.0,101258.7,41074178.13660006
2025-11-12 19:44:59.996000+00:00,2025-11-12 19:42:00+00:00,continuous,101258.7,101498.3,101214.0,101359.5,60342932.01509996
2025-11-12 19:47:59.945000+00:00,2025-11-12 19:45:00+00:00,continuous,101359.4,101376.2,101234.1,101234.2,27774877.757199958
2025-11-12 19:50:59.894000+00:00,2025-11-12 19:48:00+00:00,continuous,101234.1,101283.1,101164.6,101185.7,13241721.665600007
2025-11-12 19:53:59.893000+00:00,2025-11-12 19:51:00+00:00,continuous,101185.6,101333.0,101180.0,101289.9,19051393.235399988
2025-11-12 19:56:59.773000+00:00,2025-11-12 19:54:00+00:00,continuous,101289.9,101308.2,101226.9,101269.7,18439091.58699999
2025-11-12 19:59:59.631000+00:00,2025-11-12 19:57:00+00:00,continuous,101269.7,101316.9,101222.7,101245.4,11871327.24129999
2025-11-12 20:02:59.877000+00:00,2025-11-12 20:00:00+00:00,continuous,101245.3,101267.5,101087.8,101115.8,26388945.201900013
2025-11-12 20:05:59.509000+00:00,2025-11-12 20:03:00+00:00,continuous,101115.9,101351.3,101115.8,101300.0,31461400.502100047
2025-11-12 20:08:59.946000+00:00,2025-11-12 20:06:00+00:00,continuous,101300.1,101409.9,101242.0,101370.1,31636604.08109996
2025-11-12 20:11:59.902000+00:00,2025-11-12 20:09:00+00:00,continuous,101370.1,101505.9,101363.0,101470.8,30285379.195400026
2025-11-12 20:14:59.034000+00:00,2025-11-12 20:12:00+00:00,continuous,101470.9,101486.8,101311.3,101389.2,16502420.930799983
2025-11-12 20:17:59.658000+00:00,2025-11-12 20:15:00+00:00,continuous,101389.1,101600.0,101378.1,101533.8,28996089.631799985
2025-11-12 20:20:59.899000+00:00,2025-11-12 20:18:00+00:00,continuous,101533.7,101586.5,101525.0,101560.4,16454518.084400006
2025-11-12 20:23:59.818000+00:00,2025-11-12 20:21:00+00:00,continuous,101560.5,101673.4,101480.0,101523.7,25225287.939400073
2025-11-12 20:26:59.960000+00:00,2025-11-12 20:24:00+00:00,continuous,101523.7,101736.3,101482.2,101690.0,31257638.212100033
2025-11-12 20:29:59.770000+00:00,2025-11-12 20:27:00+00:00,continuous,101689.9,101692.4,101611.3,101671.9,17785442.07050003
2025-11-12 20:32:59.989000+00:00,2025-11-12 20:30:00+00:00,continuous,101671.8,101729.4,101642.9,101722.5,15381972.678799989
2025-11-12 20:35:59.946000+00:00,2025-11-12 20:33:00+00:00,continuous,101722.4,101795.3,101642.7,101689.9,21209815.895900022
2025-11-12 20:38:59.808000+00:00,2025-11-12 20:36:00+00:00,continuous,101689.8,101693.5,101575.9,101604.9,13566280.146999966
2025-11-12 20:41:59.477000+00:00,2025-11-12 20:39:00+00:00,continuous,101604.9,101683.1,101570.0,101601.7,9208324.768400002
2025-11-12 20:44:58.195000+00:00,2025-11-12 20:42:00+00:00,continuous,101601.8,101722.2,101570.8,101636.9,14142969.092000019
2025-11-12 20:47:59.629000+00:00,2025-11-12 20:45:00+00:00,continuous,101636.9,101662.2,101594.0,101598.6,7847342.592800015
2025-11-12 20:50:59.893000+00:00,2025-11-12 20:48:00+00:00,continuous,101598.6,101643.6,101558.0,101558.1,13108157.185100019
2025-11-12 20:53:59.712000+00:00,2025-11-12 20:51:00+00:00,continuous,101558.0,101671.8,101541.8,101644.6,15758501.570600003
2025-11-12 20:56:59.571000+00:00,2025-11-12 20:54:00+00:00,continuous,101644.5,101649.9,101534.3,101535.4,9834382.61189998
2025-11-12 20:59:59.783000+00:00,2025-11-12 20:57:00+00:00,continuous,101535.3,101535.4,101440.4,101494.9,14744399.8841
2025-11-12 21:02:59.846000+00:00,2025-11-12 21:00:00+00:00,continuous,101494.9,101600.1,101494.9,101600.0,12466687.919000003
2025-11-12 21:05:59.893000+00:00,2025-11-12 21:03:00+00:00,continuous,101600.0,101600.0,101467.1,101512.9,9347452.366200007
2025-11-12 21:08:59.618000+00:00,2025-11-12 21:06:00+00:00,continuous,101512.9,101592.3,101481.6,101579.5,6439569.654700008
2025-11-12 21:11:59.981000+00:00,2025-11-12 21:09:00+00:00,continuous,101579.6,101784.4,101579.5,101777.2,29926585.74709999
2025-11-12 21:14:59.900000+00:00,2025-11-12 21:12:00+00:00,continuous,101777.2,101860.0,101770.0,101846.0,27117953.663900074
2025-11-12 21:17:59.979000+00:00,2025-11-12 21:15:00+00:00,continuous,101845.9,101845.9,101727.4,101754.9,15401739.940099996
2025-11-12 21:20:59.925000+00:00,2025-11-12 21:18:00+00:00,continuous,101754.9,101783.6,101714.3,101714.4,7461917.092599996
2025-11-12 21:23:59.897000+00:00,2025-11-12 21:21:00+00:00,continuous,101714.3,101724.5,101662.0,101697.8,13457223.21939998
2025-11-12 21:26:59.659000+00:00,2025-11-12 21:24:00+00:00,continuous,101697.8,101706.4,101631.4,101677.3,12862055.059699971
2025-11-12 21:29:59.979000+00:00,2025-11-12 21:27:00+00:00,continuous,101677.3,101690.3,101633.1,101663.2,7649047.2444
2025-11-12 21:32:59.843000+00:00,2025-11-12 21:30:00+00:00,continuous,101663.2,101757.2,101663.1,101750.0,7404939.540299994
2025-11-12 21:35:59.849000+00:00,2025-11-12 21:33:00+00:00,continuous,101750.0,101815.6,101739.8,101810.8,14243215.376399996
2025-11-12 21:38:59.874000+00:00,2025-11-12 21:36:00+00:00,continuous,101810.8,101821.3,101790.7,101816.1,8279356.285199998
2025-11-12 21:41:59.837000+00:00,2025-11-12 21:39:00+00:00,continuous,101816.1,101864.8,101751.4,101788.6,13351530.808200015
2025-11-12 21:44:59.786000+00:00,2025-11-12 21:42:00+00:00,continuous,101788.5,101788.5,101741.1,101750.7,7500551.6714
2025-11-12 21:47:59.851000+00:00,2025-11-12 21:45:00+00:00,continuous,101750.7,101750.7,101674.3,101703.7,9238555.96160001
2025-11-12 21:50:59.955000+00:00,2025-11-12 21:48:00+00:00,continuous,101703.8,101767.5,101676.6,101760.0,7030831.754699995
2025-11-12 21:53:59.784000+00:00,2025-11-12 21:51:00+00:00,continuous,101760.0,101814.3,101728.5,101810.6,5411616.0542
2025-11-12 21:56:59.461000+00:00,2025-11-12 21:54:00+00:00,continuous,101810.6,101836.1,101712.7,101832.2,9826201.7967
2025-11-12 21:59:59.945000+00:00,2025-11-12 21:57:00+00:00,continuous,101832.2,101880.1,101782.2,101880.1,11634690.30150001
2025-11-12 22:02:59.883000+00:00,2025-11-12 22:00:00+00:00,continuous,101880.0,101880.1,101735.7,101777.6,13111777.958499992
2025-11-12 22:05:59.460000+00:00,2025-11-12 22:03:00+00:00,continuous,101777.7,101805.0,101723.4,101723.6,9213693.929799998
2025-11-12 22:08:59.750000+00:00,2025-11-12 22:06:00+00:00,continuous,101723.6,101723.6,101581.5,101585.3,14852299.759599984
2025-11-12 22:11:59.928000+00:00,2025-11-12 22:09:00+00:00,continuous,101585.3,101637.1,101581.5,101637.1,8898366.734799992
2025-11-12 22:14:59.728000+00:00,2025-11-12 22:12:00+00:00,continuous,101637.1,101647.8,101400.0,101422.6,21338078.519800033
2025-11-12 22:17:59.958000+00:00,2025-11-12 22:15:00+00:00,continuous,101422.7,101559.4,101408.3,101522.6,13930672.463800015
2025-11-12 22:20:59.622000+00:00,2025-11-12 22:18:00+00:00,continuous,101522.6,101550.0,101508.5,101550.0,4989830.139999996
2025-11-12 22:23:59.816000+00:00,2025-11-12 22:21:00+00:00,continuous,101550.0,101683.8,101522.6,101671.2,15361993.256199982
2025-11-12 22:26:58.885000+00:00,2025-11-12 22:24:00+00:00,continuous,101671.2,101698.6,101614.6,101627.8,8999696.69189999
2025-11-12 22:29:59.847000+00:00,2025-11-12 22:27:00+00:00,continuous,101627.8,101680.3,101620.7,101656.4,5552021.404699995
2025-11-12 22:32:59.510000+00:00,2025-11-12 22:30:00+00:00,continuous,101656.4,101685.7,101578.8,101583.7,11257552.217800003
2025-11-12 22:35:59.786000+00:00,2025-11-12 22:33:00+00:00,continuous,101583.7,101619.0,101558.1,101619.0,5483701.113100005
2025-11-12 22:38:59.868000+00:00,2025-11-12 22:36:00+00:00,continuous,101619.0,101679.8,101618.9,101679.8,7589243.492500003
2025-11-12 22:41:59.653000+00:00,2025-11-12 22:39:00+00:00,continuous,101679.8,101756.0,101679.7,101740.9,12771554.227800015
2025-11-12 22:44:59.783000+00:00,2025-11-12 22:42:00+00:00,continuous,101741.0,101771.5,101740.9,101771.5,4637765.6620999975
2025-11-12 22:47:59.560000+00:00,2025-11-12 22:45:00+00:00,continuous,101771.4,101846.6,101771.4,101815.2,16081254.176700026
2025-11-12 22:50:59.832000+00:00,2025-11-12 22:48:00+00:00,continuous,101815.2,101831.0,101725.0,101738.4,8876142.42459999
2025-11-12 22:53:59.224000+00:00,2025-11-12 22:51:00+00:00,continuous,101738.5,101873.6,101738.4,101873.5,9417458.155300012
2025-11-12 22:56:59.719000+00:00,2025-11-12 22:54:00+00:00,continuous,101873.5,101930.0,101840.1,101929.9,13578026.5131
2025-11-12 22:59:59.848000+00:00,2025-11-12 22:57:00+00:00,continuous,101929.9,101951.0,101889.9,101922.6,27523600.488400046
2025-11-12 23:02:59.113000+00:00,2025-11-12 23:00:00+00:00,continuous,101922.5,101922.6,101728.4,101798.2,24443727.975799922
2025-11-12 23:05:59.901000+00:00,2025-11-12 23:03:00+00:00,continuous,101798.8,101823.4,101532.2,101611.8,22285149.61269997
2025-11-12 23:08:59.859000+00:00,2025-11-12 23:06:00+00:00,continuous,101611.7,101704.6,101609.9,101688.2,8722043.787699992
2025-11-12 23:11:59.799000+00:00,2025-11-12 23:09:00+00:00,continuous,101688.3,101800.0,101650.7,101786.0,7183460.5184
2025-11-12 23:14:59.996000+00:00,2025-11-12 23:12:00+00:00,continuous,101786.0,101790.4,101710.2,101751.3,7475728.411400015
2025-11-12 23:17:59.338000+00:00,2025-11-12 23:15:00+00:00,continuous,101751.3,101866.4,101727.2,101801.1,8961625.65840001
2025-11-12 23:20:59.560000+00:00,2025-11-12 23:18:00+00:00,continuous,101801.1,101840.0,101740.0,101831.7,10379118.547200013
2025-11-12 23:23:59.937000+00:00,2025-11-12 23:21:00+00:00,continuous,101831.8,101959.5,101831.8,101871.0,25347228.919200007
2025-11-12 23:26:59.868000+00:00,2025-11-12 23:24:00+00:00,continuous,101871.0,101964.5,101795.0,101805.3,38502853.362899944
2025-11-12 23:29:59.783000+00:00,2025-11-12 23:27:00+00:00,continuous,101805.3,101922.7,101805.2,101835.8,19952014.401000004
2025-11-12 23:32:59.763000+00:00,2025-11-12 23:30:00+00:00,continuous,101835.8,101886.9,101800.0,101815.3,10931717.49260003
2025-11-12 23:35:59.998000+00:00,2025-11-12 23:33:00+00:00,continuous,101815.2,101879.1,101672.0,101672.0,12241913.211099988
2025-11-12 23:38:59.994000+00:00,2025-11-12 23:36:00+00:00,continuous,101671.9,101686.3,101585.0,101639.4,23945489.0814
2025-11-12 23:41:59.782000+00:00,2025-11-12 23:39:00+00:00,continuous,101639.4,101657.2,101577.6,101577.6,8434557.572699994
2025-11-12 23:44:59.899000+00:00,2025-11-12 23:42:00+00:00,continuous,101577.6,101591.6,101488.1,101506.2,24817268.198699925
2025-11-12 23:47:59.906000+00:00,2025-11-12 23:45:00+00:00,continuous,101506.2,101563.8,101485.0,101563.7,14973149.371500015
2025-11-12 23:50:59.963000+00:00,2025-11-12 23:48:00+00:00,continuous,101563.7,101571.4,101488.0,101544.3,11737179.97659998
2025-11-12 23:53:59.945000+00:00,2025-11-12 23:51:00+00:00,continuous,101544.2,101544.3,101409.8,101457.2,17667234.845399994
2025-11-12 23:56:59.811000+00:00,2025-11-12 23:54:00+00:00,continuous,101457.2,101555.0,101457.2,101549.8,13907467.241999991
2025-11-12 23:59:59.795000+00:00,2025-11-12 23:57:00+00:00,continuous,101549.8,101645.6,101549.7,101605.8,23228996.79930003
2025-11-13 00:02:59.847000+00:00,2025-11-13 00:00:00+00:00,continuous,101605.8,101642.1,101549.6,101642.0,15533937.68549999
2025-11-13 00:05:59.691000+00:00,2025-11-13 00:03:00+00:00,continuous,101642.1,101694.3,101628.0,101631.4,25909285.48600001
2025-11-13 00:08:59.997000+00:00,2025-11-13 00:06:00+00:00,continuous,101631.3,101740.1,101630.0,101740.1,11294539.93150002
2025-11-13 00:11:59.518000+00:00,2025-11-13 00:09:00+00:00,continuous,101740.0,101750.8,101707.5,101726.3,20308514.414699964
2025-11-13 00:14:59.465000+00:00,2025-11-13 00:12:00+00:00,continuous,101726.3,101734.7,101560.6,101675.2,16861856.867400013
2025-11-13 00:17:59.989000+00:00,2025-11-13 00:15:00+00:00,continuous,101675.2,101784.6,101645.3,101772.0,10753230.113699969
2025-11-13 00:20:59.964000+00:00,2025-11-13 00:18:00+00:00,continuous,101772.0,101793.4,101654.0,101654.0,12731451.585700022
2025-11-13 00:23:59.986000+00:00,2025-11-13 00:21:00+00:00,continuous,101654.1,101654.1,101500.0,101521.6,15302688.450499997
2025-11-13 00:26:59.813000+00:00,2025-11-13 00:24:00+00:00,continuous,101521.5,101521.6,101412.0,101459.0,15198690.993100028
2025-11-13 00:29:59.964000+00:00,2025-11-13 00:27:00+00:00,continuous,101459.1,101528.9,101431.6,101434.1,13442837.747199975
2025-11-13 00:32:59.860000+00:00,2025-11-13 00:30:00+00:00,continuous,101434.0,101546.7,101434.0,101527.2,9546291.818399983
2025-11-13 00:35:59.937000+00:00,2025-11-13 00:33:00+00:00,continuous,101527.2,101850.0,101527.2,101808.3,22466501.977300018
2025-11-13 00:38:59.580000+00:00,2025-11-13 00:36:00+00:00,continuous,101807.8,102020.0,101806.2,101885.9,50289368.49860009
2025-11-13 00:41:59.918000+00:00,2025-11-13 00:39:00+00:00,continuous,101886.0,101914.7,101768.2,101772.9,25346989.142700102
2025-11-13 00:44:59.969000+00:00,2025-11-13 00:42:00+00:00,continuous,101772.8,101819.2,101635.3,101800.0,16982556.729799986
2025-11-13 00:47:59.686000+00:00,2025-11-13 00:45:00+00:00,continuous,101800.0,101843.6,101755.0,101755.0,12401742.303000038
2025-11-13 00:50:59.873000+00:00,2025-11-13 00:48:00+00:00,continuous,101755.1,101819.8,101729.0,101802.2,9767484.401399992
2025-11-13 00:53:59.917000+00:00,2025-11-13 00:51:00+00:00,continuous,101802.3,101880.3,101769.2,101880.2,12283862.545099998
2025-11-13 00:56:59.783000+00:00,2025-11-13 00:54:00+00:00,continuous,101880.3,101906.6,101796.3,101796.4,8374995.672399999
2025-11-13 00:59:59.911000+00:00,2025-11-13 00:57:00+00:00,continuous,101796.3,101813.2,101760.0,101813.1,5583124.8592000045
2025-11-13 01:02:59.771000+00:00,2025-11-13 01:00:00+00:00,continuous,101813.1,101889.2,101782.7,101889.1,10835737.5831
2025-11-13 01:05:59.777000+00:00,2025-11-13 01:03:00+00:00,continuous,101889.2,101987.6,101869.7,101890.1,30404607.72459995
2025-11-13 01:08:59.941000+00:00,2025-11-13 01:06:00+00:00,continuous,101890.0,101946.3,101824.8,101875.0,23682727.39699999
2025-11-13 01:11:59.975000+00:00,2025-11-13 01:09:00+00:00,continuous,101875.1,102367.7,101875.1,102356.9,141656409.71960053
2025-11-13 01:14:59.753000+00:00,2025-11-13 01:12:00+00:00,continuous,102356.8,102581.7,102318.1,102352.1,133873548.82129976
2025-11-13 01:17:59.958000+00:00,2025-11-13 01:15:00+00:00,continuous,102352.0,102352.0,102116.7,102289.6,60867383.448200345
2025-11-13 01:20:59.862000+00:00,2025-11-13 01:18:00+00:00,continuous,102289.5,102432.4,102100.1,102200.5,45321805.360099874
2025-11-13 01:23:59.975000+00:00,2025-11-13 01:21:00+00:00,continuous,102200.6,102236.3,102107.0,102164.9,28404465.674899973
2025-11-13 01:26:59.873000+00:00,2025-11-13 01:24:00+00:00,continuous,102165.0,102165.0,101957.7,102052.2,48716691.99989981
2025-11-13 01:29:59.951000+00:00,2025-11-13 01:27:00+00:00,continuous,102052.2,102056.5,101815.4,101950.9,24752179.6274
2025-11-13 01:32:59.569000+00:00,2025-11-13 01:30:00+00:00,continuous,101950.9,102237.7,101908.1,102125.3,29603149.742099967
2025-11-13 01:35:59.893000+00:00,2025-11-13 01:33:00+00:00,continuous,102125.3,102234.8,102100.3,102223.1,16428320.668099968
2025-11-13 01:38:59.836000+00:00,2025-11-13 01:36:00+00:00,continuous,102223.1,102307.0,102196.0,102271.2,17383416.739200015
2025-11-13 01:41:59.934000+00:00,2025-11-13 01:39:00+00:00,continuous,102271.3,102356.4,102241.5,102298.0,12998897.752700025
2025-11-13 01:44:59.892000+00:00,2025-11-13 01:42:00+00:00,continuous,102298.0,102393.7,102274.8,102372.5,17848435.18930001
2025-11-13 01:47:59.952000+00:00,2025-11-13 01:45:00+00:00,continuous,102372.4,102410.0,102185.2,102186.7,24654202.78609995
2025-11-13 01:50:59.859000+00:00,2025-11-13 01:48:00+00:00,continuous,102186.8,102200.0,102050.0,102050.0,23967788.09649992
2025-11-13 01:53:59.814000+00:00,2025-11-13 01:51:00+00:00,continuous,102050.0,102085.2,101926.5,101965.1,25350871.40220006
2025-11-13 01:56:59.862000+00:00,2025-11-13 01:54:00+00:00,continuous,101965.0,102026.7,101895.9,101938.7,16588532.207100008
2025-11-13 01:59:59.954000+00:00,2025-11-13 01:57:00+00:00,continuous,101938.7,101980.6,101890.5,101960.1,9900844.745800009
2025-11-13 02:02:59.879000+00:00,2025-11-13 02:00:00+00:00,continuous,101960.1,101992.5,101921.1,101975.7,21150160.19840001
2025-11-13 02:05:59.861000+00:00,2025-11-13 02:03:00+00:00,continuous,101975.8,102119.9,101940.5,102103.8,21594879.04709996
2025-11-13 02:08:59.825000+00:00,2025-11-13 02:06:00+00:00,continuous,102103.8,102148.4,102058.2,102094.9,11514365.739199996
2025-11-13 02:11:59.864000+00:00,2025-11-13 02:09:00+00:00,continuous,102094.8,102164.1,102035.0,102056.0,12469305.834000025
2025-11-13 02:14:59.968000+00:00,2025-11-13 02:12:00+00:00,continuous,102056.1,102172.9,102016.6,102138.1,10067359.372399958
2025-11-13 02:17:59.444000+00:00,2025-11-13 02:15:00+00:00,continuous,102138.1,102224.8,102095.4,102208.1,9205750.652000008
2025-11-13 02:20:59.789000+00:00,2025-11-13 02:18:00+00:00,continuous,102208.6,102260.0,102190.7,102259.8,7400392.1111999955
2025-11-13 02:23:58.986000+00:00,2025-11-13 02:21:00+00:00,continuous,102259.8,102284.3,102116.5,102152.8,17259465.937399995
2025-11-13 02:26:59.949000+00:00,2025-11-13 02:24:00+00:00,continuous,102152.7,102159.0,102022.0,102095.4,13628493.776199978
2025-11-13 02:29:59.792000+00:00,2025-11-13 02:27:00+00:00,continuous,102095.3,102095.4,101934.9,101950.8,17636111.22259998
2025-11-13 02:32:59.542000+00:00,2025-11-13 02:30:00+00:00,continuous,101950.7,102129.0,101937.2,102129.0,12281155.012899961
2025-11-13 02:35:59.151000+00:00,2025-11-13 02:33:00+00:00,continuous,102129.0,102250.0,102129.0,102249.9,11844769.646000013
2025-11-13 02:38:59.472000+00:00,2025-11-13 02:36:00+00:00,continuous,102250.0,102300.0,102121.0,102153.6,20402059.375400007
2025-11-13 02:41:59.829000+00:00,2025-11-13 02:39:00+00:00,continuous,102153.7,102206.0,102102.7,102151.2,13537707.436200036
2025-11-13 02:44:59.978000+00:00,2025-11-13 02:42:00+00:00,continuous,102151.3,102216.2,102073.2,102073.2,15038756.965999996
2025-11-13 02:47:59.733000+00:00,2025-11-13 02:45:00+00:00,continuous,102072.9,102072.9,101973.2,102052.9,16677412.13909999
2025-11-13 02:50:59.440000+00:00,2025-11-13 02:48:00+00:00,continuous,102052.9,102103.0,102045.1,102063.9,8431878.815500012
2025-11-13 02:53:59.963000+00:00,2025-11-13 02:51:00+00:00,continuous,102063.9,102074.3,101964.4,101964.4,8121086.759700008
2025-11-13 02:56:59.918000+00:00,2025-11-13 02:54:00+00:00,continuous,101964.4,102067.8,101964.4,102030.1,9746579.0448
2025-11-13 02:59:59.811000+00:00,2025-11-13 02:57:00+00:00,continuous,102029.6,102050.0,101999.2,102015.0,6929947.673800013
2025-11-13 03:02:59.257000+00:00,2025-11-13 03:00:00+00:00,continuous,102015.0,102050.9,101973.0,101974.1,10375138.211999964
2025-11-13 03:05:59.310000+00:00,2025-11-13 03:03:00+00:00,continuous,101974.1,102034.6,101950.0,101980.6,13249513.728199983
2025-11-13 03:08:59.130000+00:00,2025-11-13 03:06:00+00:00,continuous,101980.6,102019.7,101950.0,101950.0,5873158.925100003
2025-11-13 03:11:59.678000+00:00,2025-11-13 03:09:00+00:00,continuous,101950.0,101950.1,101562.0,101708.8,81574149.47489971
2025-11-13 03:14:59.981000+00:00,2025-11-13 03:12:00+00:00,continuous,101708.8,101708.8,101243.3,101298.8,109235045.25009988
2025-11-13 03:17:59.918000+00:00,2025-11-13 03:15:00+00:00,continuous,101298.7,101571.4,100850.0,101454.7,209904695.90139952
2025-11-13 03:20:59.820000+00:00,2025-11-13 03:18:00+00:00,continuous,101454.6,101737.6,101454.6,101687.5,57877319.53040012
2025-11-13 03:23:59.991000+00:00,2025-11-13 03:21:00+00:00,continuous,101687.5,101755.3,101553.1,101720.1,29620548.71730006
2025-11-13 03:26:59.953000+00:00,2025-11-13 03:24:00+00:00,continuous,101720.2,102130.9,101679.9,102027.2,79445149.195
2025-11-13 03:29:59.887000+00:00,2025-11-13 03:27:00+00:00,continuous,102027.3,102100.0,101879.0,102085.8,35805407.52999992
2025-11-13 03:32:59.998000+00:00,2025-11-13 03:30:00+00:00,continuous,102085.8,102447.0,102085.7,102264.8,81327965.65569988
2025-11-13 03:35:59.957000+00:00,2025-11-13 03:33:00+00:00,continuous,102264.8,102391.2,102130.7,102186.0,32136859.802600045
2025-11-13 03:38:59.855000+00:00,2025-11-13 03:36:00+00:00,continuous,102186.1,102337.0,102111.5,102278.7,23144437.882899992
2025-11-13 03:41:59.882000+00:00,2025-11-13 03:39:00+00:00,continuous,102278.6,102499.0,102270.0,102341.6,36408790.11440001
2025-11-13 03:44:59.927000+00:00,2025-11-13 03:42:00+00:00,continuous,102341.6,102525.1,102334.7,102389.9,29615650.233200036
2025-11-13 03:47:59.892000+00:00,2025-11-13 03:45:00+00:00,continuous,102389.9,102424.0,102245.1,102276.4,27067094.404499937
2025-11-13 03:50:59.981000+00:00,2025-11-13 03:48:00+00:00,continuous,102276.3,102512.2,102270.0,102404.1,28382203.050800003
2025-11-13 03:53:59.475000+00:00,2025-11-13 03:51:00+00:00,continuous,102405.9,102431.5,102189.7,102231.2,38595310.72239998
2025-11-13 03:56:59.820000+00:00,2025-11-13 03:54:00+00:00,continuous,102231.2,102287.0,102223.4,102250.6,12015928.2078
2025-11-13 03:59:59.922000+00:00,2025-11-13 03:57:00+00:00,continuous,102250.7,102324.9,102081.0,102088.1,27777154.447600093
2025-11-13 04:02:59.793000+00:00,2025-11-13 04:00:00+00:00,continuous,102088.0,102150.0,101854.9,101910.7,48435285.07429994
2025-11-13 04:05:59.966000+00:00,2025-11-13 04:03:00+00:00,continuous,101910.7,101950.0,101649.8,101687.9,60720392.07290007
2025-11-13 04:08:59.746000+00:00,2025-11-13 04:06:00+00:00,continuous,101688.0,101834.3,101602.2,101769.2,32649877.90540003
2025-11-13 04:11:59.964000+00:00,2025-11-13 04:09:00+00:00,continuous,101769.2,101861.2,101720.0,101810.1,18952230.049000002
2025-11-13 04:14:59.730000+00:00,2025-11-13 04:12:00+00:00,continuous,101810.0,101967.8,101733.9,101966.1,30742505.005400073
2025-11-13 04:17:59.934000+00:00,2025-11-13 04:15:00+00:00,continuous,101966.0,102146.3,101790.3,102146.3,33656022.67109996
2025-11-13 04:20:59.950000+00:00,2025-11-13 04:18:00+00:00,continuous,102146.2,102150.5,102037.0,102090.8,32675042.08819999
2025-11-13 04:23:59.976000+00:00,2025-11-13 04:21:00+00:00,continuous,102090.7,102308.1,102074.7,102300.1,33335863.10149993
2025-11-13 04:26:59.923000+00:00,2025-11-13 04:24:00+00:00,continuous,102300.2,102391.0,102240.5,102317.6,46366957.83360011
2025-11-13 04:29:59.466000+00:00,2025-11-13 04:27:00+00:00,continuous,102317.5,102317.5,102093.0,102093.0,23578736.165999997
2025-11-13 04:32:59.676000+00:00,2025-11-13 04:30:00+00:00,continuous,102093.0,102145.7,102009.9,102112.2,15424991.847299939
2025-11-13 04:35:59.931000+00:00,2025-11-13 04:33:00+00:00,continuous,102112.2,102177.0,101928.9,101977.8,16473817.226200001
2025-11-13 04:38:59.704000+00:00,2025-11-13 04:36:00+00:00,continuous,101977.8,101990.0,101869.3,101927.4,17064198.30260002
2025-11-13 04:41:59.835000+00:00,2025-11-13 04:39:00+00:00,continuous,101927.4,102027.2,101920.4,102026.4,7499071.304300003
2025-11-13 04:44:59.948000+00:00,2025-11-13 04:42:00+00:00,continuous,102026.4,102026.5,101934.4,101953.0,7784620.788799996
2025-11-13 04:47:59.798000+00:00,2025-11-13 04:45:00+00:00,continuous,101953.0,101959.1,101880.0,101912.8,13626016.48900001
2025-11-13 04:50:59.969000+00:00,2025-11-13 04:48:00+00:00,continuous,101912.9,102030.0,101826.6,101826.6,12050041.670199983
2025-11-13 04:53:59.894000+00:00,2025-11-13 04:51:00+00:00,continuous,101826.6,101962.9,101755.0,101926.8,23123010.367799986
2025-11-13 04:56:59.897000+00:00,2025-11-13 04:54:00+00:00,continuous,101926.8,102035.2,101903.0,102035.2,10720983.863900002
2025-11-13 04:59:59.992000+00:00,2025-11-13 04:57:00+00:00,continuous,102035.2,102183.6,102035.1,102067.2,25484577.649200026
2025-11-13 05:02:59.917000+00:00,2025-11-13 05:00:00+00:00,continuous,102067.1,102067.1,101932.7,101973.6,19224392.713499997
2025-11-13 05:05:59.254000+00:00,2025-11-13 05:03:00+00:00,continuous,101973.6,101990.2,101919.5,101931.0,9682956.86920001
2025-11-13 05:08:59.717000+00:00,2025-11-13 05:06:00+00:00,continuous,101930.9,101950.0,101903.2,101930.0,9173657.659700004
2025-11-13 05:11:59.836000+00:00,2025-11-13 05:09:00+00:00,continuous,101929.9,101957.0,101804.6,101871.0,17251696.016099967
2025-11-13 05:14:59.386000+00:00,2025-11-13 05:12:00+00:00,continuous,101871.5,101907.1,101708.2,101821.9,32468949.698099986
2025-11-13 05:17:58.399000+00:00,2025-11-13 05:15:00+00:00,continuous,101821.9,101897.4,101821.8,101858.8,9193971.322500011
2025-11-13 05:20:59.650000+00:00,2025-11-13 05:18:00+00:00,continuous,101858.9,101979.3,101858.9,101961.8,9359722.478799999
2025-11-13 05:23:58.845000+00:00,2025-11-13 05:21:00+00:00,continuous,101961.8,102019.9,101952.3,102015.0,8300449.170100002
2025-11-13 05:26:59.480000+00:00,2025-11-13 05:24:00+00:00,continuous,102015.1,102120.0,101943.6,102073.1,13499667.791999964
2025-11-13 05:29:59.794000+00:00,2025-11-13 05:27:00+00:00,continuous,102073.0,102220.0,102065.5,102214.4,29822337.97660003
2025-11-13 05:32:59.990000+00:00,2025-11-13 05:30:00+00:00,continuous,102214.4,102309.0,102166.0,102224.5,38064087.87100008
2025-11-13 05:35:59.690000+00:00,2025-11-13 05:33:00+00:00,continuous,102224.5,102389.0,102215.8,102380.7,26069560.174599994
2025-11-13 05:38:59.917000+00:00,2025-11-13 05:36:00+00:00,continuous,102380.7,102524.3,102380.7,102509.5,51201590.412400156
2025-11-13 05:41:59.912000+00:00,2025-11-13 05:39:00+00:00,continuous,102509.4,102509.5,102383.7,102387.0,25817583.419900026
2025-11-13 05:44:59.917000+00:00,2025-11-13 05:42:00+00:00,continuous,102387.0,102531.5,102365.2,102525.2,32636029.930899955
2025-11-13 05:47:59.971000+00:00,2025-11-13 05:45:00+00:00,continuous,102525.1,102725.0,102467.9,102636.9,62200880.90329976
2025-11-13 05:50:59.957000+00:00,2025-11-13 05:48:00+00:00,continuous,102636.9,102860.0,102636.9,102859.9,60223416.745300226
2025-11-13 05:53:59.739000+00:00,2025-11-13 05:51:00+00:00,continuous,102860.0,102943.8,102700.0,102900.0,53600726.38490019
2025-11-13 05:56:59.969000+00:00,2025-11-13 05:54:00+00:00,continuous,102899.9,103258.9,102880.1,103197.9,140166738.04379967
2025-11-13 05:59:59.941000+00:00,2025-11-13 05:57:00+00:00,continuous,103198.0,103373.2,103049.3,103097.5,93068090.9002998
2025-11-13 06:02:59.930000+00:00,2025-11-13 06:00:00+00:00,continuous,103097.8,103346.5,102935.6,102948.1,141178054.7474997
2025-11-13 06:05:59.645000+00:00,2025-11-13 06:03:00+00:00,continuous,102948.2,103007.0,102870.0,102970.2,47181380.686400004
2025-11-13 06:08:59.912000+00:00,2025-11-13 06:06:00+00:00,continuous,102970.1,103009.3,102902.5,102939.9,20481082.273000043
2025-11-13 06:11:59.678000+00:00,2025-11-13 06:09:00+00:00,continuous,102939.9,103134.8,102891.5,103133.8,46697601.38889994
2025-11-13 06:14:59.940000+00:00,2025-11-13 06:12:00+00:00,continuous,103133.9,103246.1,103092.4,103140.7,42197241.67319993
2025-11-13 06:17:59.839000+00:00,2025-11-13 06:15:00+00:00,continuous,103140.7,103266.0,103117.2,103160.6,30738687.967300046
2025-11-13 06:20:59.925000+00:00,2025-11-13 06:18:00+00:00,continuous,103160.6,103287.7,103145.1,103287.6,22547461.513100073
2025-11-13 06:23:59.901000+00:00,2025-11-13 06:21:00+00:00,continuous,103287.6,103587.9,103281.0,103560.1,133387337.0147005
2025-11-13 06:26:59.941000+00:00,2025-11-13 06:24:00+00:00,continuous,103560.2,103589.9,103380.8,103449.7,86052199.12970006
2025-11-13 06:29:59.907000+00:00,2025-11-13 06:27:00+00:00,continuous,103449.6,103570.1,103404.8,103544.5,103210400.78739975
2025-11-13 06:32:59.993000+00:00,2025-11-13 06:30:00+00:00,continuous,103544.6,103584.6,103491.0,103510.9,91246818.03989992
2025-11-13 06:35:59.982000+00:00,2025-11-13 06:33:00+00:00,continuous,103510.8,103553.6,103333.3,103333.3,115468992.79280052
2025-11-13 06:38:59.892000+00:00,2025-11-13 06:36:00+00:00,continuous,103333.4,103420.0,103277.7,103400.8,68195881.3094998
2025-11-13 06:41:59.892000+00:00,2025-11-13 06:39:00+00:00,continuous,103400.7,103420.0,103343.7,103397.7,46100814.15790003
2025-11-13 06:44:59.954000+00:00,2025-11-13 06:42:00+00:00,continuous,103397.6,103460.0,103324.1,103434.6,32170734.199600045
2025-11-13 06:47:59.995000+00:00,2025-11-13 06:45:00+00:00,continuous,103434.7,103550.1,103415.0,103528.5,53533479.665799946
2025-11-13 06:50:59.893000+00:00,2025-11-13 06:48:00+00:00,continuous,103528.5,103577.0,103389.2,103418.6,45796003.457099974
2025-11-13 06:53:59.866000+00:00,2025-11-13 06:51:00+00:00,continuous,103418.5,103500.0,103365.8,103500.0,32678287.38569993
2025-11-13 06:56:59.884000+00:00,2025-11-13 06:54:00+00:00,continuous,103499.9,103597.3,103415.0,103597.3,29291102.767700016
2025-11-13 06:59:59.963000+00:00,2025-11-13 06:57:00+00:00,continuous,103597.2,103666.6,103513.9,103555.0,50103378.56010012
2025-11-13 07:02:59.981000+00:00,2025-11-13 07:00:00+00:00,continuous,103555.1,103752.8,103555.1,103716.3,81550183.54350004
2025-11-13 07:05:59.892000+00:00,2025-11-13 07:03:00+00:00,continuous,103716.2,103773.5,103580.9,103617.4,55064408.00919997
2025-11-13 07:08:59.932000+00:00,2025-11-13 07:06:00+00:00,continuous,103617.3,103741.0,103617.3,103688.3,40584796.60109984
2025-11-13 07:11:59.893000+00:00,2025-11-13 07:09:00+00:00,continuous,103688.4,103793.8,103635.5,103721.7,48109000.5693
2025-11-13 07:14:59.892000+00:00,2025-11-13 07:12:00+00:00,continuous,103721.8,103768.7,103700.0,103741.8,39364397.22380004
2025-11-13 07:17:59.894000+00:00,2025-11-13 07:15:00+00:00,continuous,103741.9,103890.2,103674.4,103724.7,64014960.75859989
2025-11-13 07:20:59.799000+00:00,2025-11-13 07:18:00+00:00,continuous,103724.7,103773.1,103669.0,103736.4,26307164.970700026
2025-11-13 07:23:59.892000+00:00,2025-11-13 07:21:00+00:00,continuous,103736.4,103856.2,103687.0,103855.0,24016482.103299983
2025-11-13 07:26:59.895000+00:00,2025-11-13 07:24:00+00:00,continuous,103854.9,103989.7,103854.9,103968.5,49081504.23580021
2025-11-13 07:29:59.882000+00:00,2025-11-13 07:27:00+00:00,continuous,103968.4,104024.6,103854.1,103881.5,60625575.52480003
2025-11-13 07:32:59.896000+00:00,2025-11-13 07:30:00+00:00,continuous,103881.5,103953.3,103850.0,103927.0,35223038.20490006
2025-11-13 07:35:59.956000+00:00,2025-11-13 07:33:00+00:00,continuous,103927.0,103927.0,103700.0,103700.0,61382219.96440002
2025-11-13 07:38:59.936000+00:00,2025-11-13 07:36:00+00:00,continuous,103700.0,103700.1,103610.0,103629.2,47449696.38879987
2025-11-13 07:41:59.889000+00:00,2025-11-13 07:39:00+00:00,continuous,103629.2,103703.1,103572.9,103697.4,39986727.36960009
2025-11-13 07:44:59.905000+00:00,2025-11-13 07:42:00+00:00,continuous,103697.4,103723.9,103465.4,103514.1,104595966.53919968
2025-11-13 07:47:59.866000+00:00,2025-11-13 07:45:00+00:00,continuous,103514.0,103514.0,103408.9,103475.4,71657084.47100005
2025-11-13 07:50:59.978000+00:00,2025-11-13 07:48:00+00:00,continuous,103475.5,103536.5,103400.0,103439.5,53305794.89749994
2025-11-13 07:53:59.985000+00:00,2025-11-13 07:51:00+00:00,continuous,103439.5,103517.5,103328.8,103466.3,67275414.78320009
2025-11-13 07:56:59.786000+00:00,2025-11-13 07:54:00+00:00,continuous,103466.3,103471.3,103314.7,103323.6,37239601.41229991
2025-11-13 07:59:59.798000+00:00,2025-11-13 07:57:00+00:00,continuous,103323.6,103481.7,103271.7,103430.9,42225708.67130004
2025-11-13 08:02:59.857000+00:00,2025-11-13 08:00:00+00:00,continuous,103430.9,103516.4,103338.9,103372.8,33785611.14829999
2025-11-13 08:05:59.988000+00:00,2025-11-13 08:03:00+00:00,continuous,103372.7,103447.5,103227.7,103400.2,56821896.08960001
2025-11-13 08:08:59.912000+00:00,2025-11-13 08:06:00+00:00,continuous,103400.3,103568.8,103400.2,103567.7,43048591.31619999
2025-11-13 08:11:59.706000+00:00,2025-11-13 08:09:00+00:00,continuous,103567.7,103600.6,103481.9,103527.8,36081759.483900025
2025-11-13 08:14:59.893000+00:00,2025-11-13 08:12:00+00:00,continuous,103527.8,103527.8,103413.6,103425.2,19954011.238700055
2025-11-13 08:17:59.985000+00:00,2025-11-13 08:15:00+00:00,continuous,103425.3,103465.0,103328.1,103356.7,26422389.39519995
2025-11-13 08:20:59.945000+00:00,2025-11-13 08:18:00+00:00,continuous,103356.7,103475.7,103353.0,103387.8,15890762.881200016
2025-11-13 08:23:59.777000+00:00,2025-11-13 08:21:00+00:00,continuous,103387.8,103516.1,103380.0,103506.1,14540857.395599985
2025-11-13 08:26:59.630000+00:00,2025-11-13 08:24:00+00:00,continuous,103506.1,103660.7,103506.0,103627.4,25349535.352100007
2025-11-13 08:29:59.906000+00:00,2025-11-13 08:27:00+00:00,continuous,103627.5,103725.0,103607.3,103665.6,25267682.6808
2025-11-13 08:32:59.854000+00:00,2025-11-13 08:30:00+00:00,continuous,103665.6,103682.1,103562.1,103642.3,19641379.757200006
2025-11-13 08:35:59.041000+00:00,2025-11-13 08:33:00+00:00,continuous,103642.4,103650.0,103577.2,103609.9,8694808.950400017
2025-11-13 08:38:59.454000+00:00,2025-11-13 08:36:00+00:00,continuous,103609.9,103661.9,103587.5,103624.7,8989711.700599995
2025-11-13 08:41:59.834000+00:00,2025-11-13 08:39:00+00:00,continuous,103624.7,103721.5,103624.7,103681.5,10894299.846099991
2025-11-13 08:44:59.879000+00:00,2025-11-13 08:42:00+00:00,continuous,103681.6,103750.0,103621.3,103749.9,12419764.107200019
2025-11-13 08:47:59.914000+00:00,2025-11-13 08:45:00+00:00,continuous,103750.0,103765.4,103631.6,103631.7,12862574.594299987
2025-11-13 08:50:59.732000+00:00,2025-11-13 08:48:00+00:00,continuous,103631.7,103670.9,103600.0,103613.7,10298501.59259998
2025-11-13 08:53:59.767000+00:00,2025-11-13 08:51:00+00:00,continuous,103613.7,103620.9,103541.7,103548.5,11585993.92049999
2025-11-13 08:56:59.509000+00:00,2025-11-13 08:54:00+00:00,continuous,103548.5,103600.0,103504.6,103599.9,22074166.236399975
2025-11-13 08:59:59.483000+00:00,2025-11-13 08:57:00+00:00,continuous,103600.0,103710.0,103599.9,103635.1,24880460.24399996
2025-11-13 09:02:59.837000+00:00,2025-11-13 09:00:00+00:00,continuous,103635.2,103705.3,103554.3,103575.7,23795339.152500045
2025-11-13 09:05:59.996000+00:00,2025-11-13 09:03:00+00:00,continuous,103575.6,103575.6,103472.5,103472.6,16607991.93879998
2025-11-13 09:08:59.996000+00:00,2025-11-13 09:06:00+00:00,continuous,103472.5,103472.6,102784.0,102799.0,158269439.32499927
2025-11-13 09:11:59.820000+00:00,2025-11-13 09:09:00+00:00,continuous,102798.9,102872.3,102509.1,102525.6,158750160.70490018
2025-11-13 09:14:59.687000+00:00,2025-11-13 09:12:00+00:00,continuous,102525.7,102897.8,102525.5,102780.3,82336232.71929972
2025-11-13 09:17:59.999000+00:00,2025-11-13 09:15:00+00:00,continuous,102780.4,102851.0,102558.0,102851.0,48851832.61359993
2025-11-13 09:20:59.992000+00:00,2025-11-13 09:18:00+00:00,continuous,102850.9,102947.1,102834.8,102891.1,31223494.41590009
2025-11-13 09:23:59.893000+00:00,2025-11-13 09:21:00+00:00,continuous,102891.8,103000.0,102867.3,102983.4,23693049.476599984
2025-11-13 09:26:59.863000+00:00,2025-11-13 09:24:00+00:00,continuous,102983.9,103133.0,102983.9,103104.9,47942460.39390006
2025-11-13 09:29:59.938000+00:00,2025-11-13 09:27:00+00:00,continuous,103104.8,103133.0,102851.0,102853.3,50871798.6512001
2025-11-13 09:32:59.665000+00:00,2025-11-13 09:30:00+00:00,continuous,102853.3,103117.0,102800.0,103081.4,35261257.11160006
2025-11-13 09:35:59.960000+00:00,2025-11-13 09:33:00+00:00,continuous,103081.5,103104.8,103005.0,103087.7,16365385.039700063
2025-11-13 09:38:59.957000+00:00,2025-11-13 09:36:00+00:00,continuous,103087.7,103102.9,102954.4,102971.2,18556766.569599967
2025-11-13 09:41:59.815000+00:00,2025-11-13 09:39:00+00:00,continuous,102971.1,103098.0,102907.8,102984.9,21805841.812400084
2025-11-13 09:44:59.761000+00:00,2025-11-13 09:42:00+00:00,continuous,102985.0,103099.9,102961.1,103041.6,14030058.628800023
2025-11-13 09:47:59.690000+00:00,2025-11-13 09:45:00+00:00,continuous,103041.6,103049.5,102889.2,102894.3,14122298.70830001
2025-11-13 09:50:59.888000+00:00,2025-11-13 09:48:00+00:00,continuous,102894.4,102899.0,102768.2,102802.2,25162732.205400057
2025-11-13 09:53:59.972000+00:00,2025-11-13 09:51:00+00:00,continuous,102802.2,102815.9,102571.8,102656.3,49119074.863400176
2025-11-13 09:56:59.980000+00:00,2025-11-13 09:54:00+00:00,continuous,102656.4,102818.9,102605.0,102809.9,23321311.86499999
2025-11-13 09:59:59.859000+00:00,2025-11-13 09:57:00+00:00,continuous,102809.9,102839.5,102716.6,102792.2,20955025.426199917
2025-11-13 10:02:59.539000+00:00,2025-11-13 10:00:00+00:00,continuous,102792.3,102920.3,102792.3,102884.2,20607436.03959998
2025-11-13 10:05:59.937000+00:00,2025-11-13 10:03:00+00:00,continuous,102884.2,102904.3,102857.1,102895.0,9659976.448299993
2025-11-13 10:08:59.787000+00:00,2025-11-13 10:06:00+00:00,continuous,102895.0,103010.0,102867.0,103010.0,15442443.447800012
2025-11-13 10:11:59.755000+00:00,2025-11-13 10:09:00+00:00,continuous,103009.9,103050.0,102894.1,102894.1,19025789.835199993
2025-11-13 10:14:59.891000+00:00,2025-11-13 10:12:00+00:00,continuous,102894.1,102894.2,102768.0,102768.1,21115214.42260003
2025-11-13 10:17:59.896000+00:00,2025-11-13 10:15:00+00:00,continuous,102768.1,102940.5,102730.6,102928.6,26042816.954700064
2025-11-13 10:20:59.875000+00:00,2025-11-13 10:18:00+00:00,continuous,102928.7,103189.7,102920.8,103187.6,53847888.65490017
2025-11-13 10:23:59.876000+00:00,2025-11-13 10:21:00+00:00,continuous,103187.7,103261.6,103020.1,103035.0,34711226.98540009
2025-11-13 10:26:59.932000+00:00,2025-11-13 10:24:00+00:00,continuous,103035.0,103120.2,103027.3,103095.9,14271325.019499997
2025-11-13 10:29:59.921000+00:00,2025-11-13 10:27:00+00:00,continuous,103095.9,103107.3,103028.7,103028.7,18508881.264299992
2025-11-13 10:32:59.998000+00:00,2025-11-13 10:30:00+00:00,continuous,103028.7,103028.8,102968.5,102976.1,23112119.627799973
2025-11-13 10:35:59.778000+00:00,2025-11-13 10:33:00+00:00,continuous,102976.2,103032.7,102933.2,103032.7,10659048.166700004
2025-11-13 10:38:59.806000+00:00,2025-11-13 10:36:00+00:00,continuous,103032.6,103080.0,102827.8,102907.1,20386383.0753
2025-11-13 10:41:59.775000+00:00,2025-11-13 10:39:00+00:00,continuous,102907.2,102918.3,102860.2,102900.0,6567522.2173000155
2025-11-13 10:44:59.582000+00:00,2025-11-13 10:42:00+00:00,continuous,102900.0,102956.5,102900.0,102936.5,4514083.584399997
2025-11-13 10:47:59.911000+00:00,2025-11-13 10:45:00+00:00,continuous,102936.4,102936.5,102835.1,102851.0,6724057.578199998
2025-11-13 10:50:58.816000+00:00,2025-11-13 10:48:00+00:00,continuous,102851.0,102919.2,102844.5,102889.0,5177033.764599997
2025-11-13 10:53:59.872000+00:00,2025-11-13 10:51:00+00:00,continuous,102889.0,102980.6,102888.9,102969.7,5218648.545000001
2025-11-13 10:56:59.988000+00:00,2025-11-13 10:54:00+00:00,continuous,102969.6,102969.7,102840.4,102893.9,9052510.616399989
2025-11-13 10:59:59.730000+00:00,2025-11-13 10:57:00+00:00,continuous,102894.0,102967.5,102879.4,102951.2,11298862.846900005
2025-11-13 11:02:59.842000+00:00,2025-11-13 11:00:00+00:00,continuous,102951.2,103080.0,102933.8,103062.4,20746028.35669999
2025-11-13 11:05:59.920000+00:00,2025-11-13 11:03:00+00:00,continuous,103062.5,103081.4,103005.0,103079.6,12018894.531200038
2025-11-13 11:08:59.929000+00:00,2025-11-13 11:06:00+00:00,continuous,103079.6,103110.8,103042.3,103075.8,20994014.31640002
2025-11-13 11:11:59.822000+00:00,2025-11-13 11:09:00+00:00,continuous,103075.8,103124.6,103051.0,103077.2,12905293.164800003
2025-11-13 11:14:59.797000+00:00,2025-11-13 11:12:00+00:00,continuous,103077.2,103096.2,103060.0,103065.7,6566731.930199997
2025-11-13 11:17:59.133000+00:00,2025-11-13 11:15:00+00:00,continuous,103065.7,103107.9,103011.2,103023.0,14765649.458899982
2025-11-13 11:20:59.202000+00:00,2025-11-13 11:18:00+00:00,continuous,103023.0,103080.1,102968.2,102977.7,9240941.776399998
2025-11-13 11:23:59.708000+00:00,2025-11-13 11:21:00+00:00,continuous,102977.6,102977.6,102851.0,102907.6,13223881.305000028
2025-11-13 11:26:59.843000+00:00,2025-11-13 11:24:00+00:00,continuous,102907.7,102916.1,102858.0,102858.0,4579497.423100003
2025-11-13 11:29:59.996000+00:00,2025-11-13 11:27:00+00:00,continuous,102858.0,102890.8,102840.6,102874.0,5935100.595699987
2025-11-13 11:32:59.959000+00:00,2025-11-13 11:30:00+00:00,continuous,102874.0,102918.9,102784.1,102786.7,8731586.861400016
2025-11-13 11:35:59.887000+00:00,2025-11-13 11:33:00+00:00,continuous,102786.6,102798.5,102654.1,102662.4,27136265.265199997
2025-11-13 11:38:59.257000+00:00,2025-11-13 11:36:00+00:00,continuous,102662.3,102876.9,102662.3,102876.8,14065136.7778
2025-11-13 11:41:59.836000+00:00,2025-11-13 11:39:00+00:00,continuous,102876.8,102908.0,102814.2,102833.4,17022221.384500004
2025-11-13 11:44:59.845000+00:00,2025-11-13 11:42:00+00:00,continuous,102833.3,102963.8,102833.3,102932.0,8576036.715700017
2025-11-13 11:47:59.383000+00:00,2025-11-13 11:45:00+00:00,continuous,102932.0,102950.0,102865.0,102881.7,12789790.285600023
2025-11-13 11:50:59.865000+00:00,2025-11-13 11:48:00+00:00,continuous,102881.6,103018.8,102881.6,103002.5,12589294.180199988
2025-11-13 11:53:59.774000+00:00,2025-11-13 11:51:00+00:00,continuous,103002.6,103035.3,102938.4,102958.4,14127628.628399985
2025-11-13 11:56:59.803000+00:00,2025-11-13 11:54:00+00:00,continuous,102958.4,102958.4,102833.3,102834.0,10609026.371800013
2025-11-13 11:59:59.188000+00:00,2025-11-13 11:57:00+00:00,continuous,102833.9,102968.5,102833.9,102900.0,10380684.358700002
2025-11-13 12:02:59.439000+00:00,2025-11-13 12:00:00+00:00,continuous,102900.1,103142.4,102900.0,103020.6,83338775.28989992
2025-11-13 12:05:59.953000+00:00,2025-11-13 12:03:00+00:00,continuous,103020.6,103034.1,102831.0,102833.7,26172482.108499955
2025-11-13 12:08:59.355000+00:00,2025-11-13 12:06:00+00:00,continuous,102833.6,102862.5,102691.0,102847.3,31292209.053099975
2025-11-13 12:11:59.706000+00:00,2025-11-13 12:09:00+00:00,continuous,102847.3,102989.1,102760.7,102859.6,30970185.251500048
2025-11-13 12:14:59.533000+00:00,2025-11-13 12:12:00+00:00,continuous,102859.7,102957.9,102834.9,102835.0,10046009.458200036
2025-11-13 12:17:59.983000+00:00,2025-11-13 12:15:00+00:00,continuous,102834.9,102953.6,102834.9,102936.9,8476082.661
2025-11-13 12:20:59.798000+00:00,2025-11-13 12:18:00+00:00,continuous,102936.8,102999.7,102904.0,102904.0,10819553.701199988
2025-11-13 12:23:59.325000+00:00,2025-11-13 12:21:00+00:00,continuous,102904.0,102948.3,102904.0,102930.0,5804731.660599994
2025-11-13 12:26:59.760000+00:00,2025-11-13 12:24:00+00:00,continuous,102930.0,102940.2,102838.0,102866.9,6919769.570200006
2025-11-13 12:29:59.769000+00:00,2025-11-13 12:27:00+00:00,continuous,102866.9,102913.8,102831.9,102913.8,5578660.1690000035
2025-11-13 12:32:58.390000+00:00,2025-11-13 12:30:00+00:00,continuous,102913.8,102955.0,102888.7,102903.7,8176471.091300006
2025-11-13 12:35:59.934000+00:00,2025-11-13 12:33:00+00:00,continuous,102903.7,102990.0,102903.7,102925.4,7394381.8845
2025-11-13 12:38:59.767000+00:00,2025-11-13 12:36:00+00:00,continuous,102925.5,103248.9,102909.7,103221.0,50887253.609200016
2025-11-13 12:41:59.928000+00:00,2025-11-13 12:39:00+00:00,continuous,103221.0,103240.0,103029.0,103104.9,30098300.916800003
2025-11-13 12:44:59.360000+00:00,2025-11-13 12:42:00+00:00,continuous,103104.9,103156.3,103083.3,103129.9,10674023.595400006
2025-11-13 12:47:59.892000+00:00,2025-11-13 12:45:00+00:00,continuous,103130.0,103232.5,103107.0,103186.0,15832406.136500023
2025-11-13 12:50:59.754000+00:00,2025-11-13 12:48:00+00:00,continuous,103185.9,103207.1,103080.0,103085.9,10024706.692699984
2025-11-13 12:53:59.964000+00:00,2025-11-13 12:51:00+00:00,continuous,103086.0,103124.2,103035.3,103106.0,7416631.2718
2025-11-13 12:56:59.872000+00:00,2025-11-13 12:54:00+00:00,continuous,103106.1,103130.8,103049.0,103065.9,8734488.732000003
2025-11-13 12:59:59.988000+00:00,2025-11-13 12:57:00+00:00,continuous,103066.0,103122.0,103065.9,103100.0,6458430.9191000005
2025-11-13 13:02:59.461000+00:00,2025-11-13 13:00:00+00:00,continuous,103100.0,103113.6,103030.1,103104.9,11678466.983699987
2025-11-13 13:05:59.621000+00:00,2025-11-13 13:03:00+00:00,continuous,103104.9,103120.3,102918.5,102938.0,16996886.386900004
2025-11-13 13:08:59.953000+00:00,2025-11-13 13:06:00+00:00,continuous,102938.0,102997.0,102917.9,102923.1,10647124.616299989
2025-11-13 13:11:59.975000+00:00,2025-11-13 13:09:00+00:00,continuous,102923.0,102962.1,102862.3,102928.6,13647162.033300014
2025-11-13 13:14:59.894000+00:00,2025-11-13 13:12:00+00:00,continuous,102928.5,102928.5,102853.2,102876.0,8707538.4638
2025-11-13 13:17:59.747000+00:00,2025-11-13 13:15:00+00:00,continuous,102876.1,102926.7,102829.5,102893.7,10515340.634999992
2025-11-13 13:20:59.100000+00:00,2025-11-13 13:18:00+00:00,continuous,102893.8,102912.5,102847.2,102857.7,11772498.126699978
2025-11-13 13:23:59.887000+00:00,2025-11-13 13:21:00+00:00,continuous,102857.7,102892.4,102779.0,102840.0,18249692.230600003
2025-11-13 13:26:59.876000+00:00,2025-11-13 13:24:00+00:00,continuous,102839.9,102890.0,102638.0,102641.0,54147728.53249998
2025-11-13 13:29:59.894000+00:00,2025-11-13 13:27:00+00:00,continuous,102640.9,102728.7,102350.0,102511.7,111223888.30479962
2025-11-13 13:32:59.579000+00:00,2025-11-13 13:30:00+00:00,continuous,102511.8,102590.6,102407.3,102465.1,51526123.953599885
2025-11-13 13:35:59.868000+00:00,2025-11-13 13:33:00+00:00,continuous,102465.2,102519.5,102135.2,102175.2,153917897.01799998
2025-11-13 13:38:59.989000+00:00,2025-11-13 13:36:00+00:00,continuous,102175.2,102307.5,102100.0,102241.6,76230499.5917002
2025-11-13 13:41:59.804000+00:00,2025-11-13 13:39:00+00:00,continuous,102241.7,102600.0,102205.7,102499.6,87502050.83280015
2025-11-13 13:44:59.774000+00:00,2025-11-13 13:42:00+00:00,continuous,102499.6,102522.5,102400.0,102499.8,47673564.67229997
2025-11-13 13:47:59.893000+00:00,2025-11-13 13:45:00+00:00,continuous,102499.8,102627.4,102362.7,102600.0,37587228.345800094
2025-11-13 13:50:59.838000+00:00,2025-11-13 13:48:00+00:00,continuous,102600.1,102611.5,102489.3,102548.5,25370132.65219996
2025-11-13 13:53:59.965000+00:00,2025-11-13 13:51:00+00:00,continuous,102548.6,102575.6,102364.2,102443.1,19636675.45040001
2025-11-13 13:56:59.232000+00:00,2025-11-13 13:54:00+00:00,continuous,102443.1,102485.0,102200.3,102237.9,47302085.315599896
2025-11-13 13:59:59.975000+00:00,2025-11-13 13:57:00+00:00,continuous,102237.9,102329.7,102210.7,102282.2,26994855.653500013
2025-11-13 14:02:59.935000+00:00,2025-11-13 14:00:00+00:00,continuous,102282.1,102366.0,102170.0,102200.0,41696678.22279992
2025-11-13 14:05:59.969000+00:00,2025-11-13 14:03:00+00:00,continuous,102199.9,102486.2,102128.5,102458.1,43349132.60730003
2025-11-13 14:08:59.905000+00:00,2025-11-13 14:06:00+00:00,continuous,102458.2,102489.5,102304.5,102390.0,36730466.629999995
2025-11-13 14:11:59.951000+00:00,2025-11-13 14:09:00+00:00,continuous,102390.0,102428.2,102249.4,102333.5,24408245.960499957
2025-11-13 14:14:59.884000+00:00,2025-11-13 14:12:00+00:00,continuous,102333.6,102344.7,102088.0,102180.4,48192935.49199984
2025-11-13 14:17:59.933000+00:00,2025-11-13 14:15:00+00:00,continuous,102180.5,102311.1,102000.1,102287.4,95624038.99740012
2025-11-13 14:20:59.961000+00:00,2025-11-13 14:18:00+00:00,continuous,102287.5,102411.3,102234.7,102411.3,26379399.927000023
2025-11-13 14:23:59.915000+00:00,2025-11-13 14:21:00+00:00,continuous,102411.2,102434.3,102324.9,102382.5,20985176.242100008
2025-11-13 14:26:59.994000+00:00,2025-11-13 14:24:00+00:00,continuous,102382.6,102490.0,102351.9,102355.6,24834008.767299995
2025-11-13 14:29:59.869000+00:00,2025-11-13 14:27:00+00:00,continuous,102355.9,102413.0,102291.6,102399.9,53307709.24050005
2025-11-13 14:32:59.871000+00:00,2025-11-13 14:30:00+00:00,continuous,102400.0,102500.0,102206.9,102385.6,43212101.15629988
2025-11-13 14:35:59.929000+00:00,2025-11-13 14:33:00+00:00,continuous,102385.7,102560.7,101943.0,102102.0,90994623.13309969
2025-11-13 14:38:59.958000+00:00,2025-11-13 14:36:00+00:00,continuous,102102.1,102110.0,101689.0,102015.7,172996873.89690086
2025-11-13 14:41:59.916000+00:00,2025-11-13 14:39:00+00:00,continuous,102015.7,102464.4,102003.1,102245.3,126326532.97500029
2025-11-13 14:44:59.982000+00:00,2025-11-13 14:42:00+00:00,continuous,102245.4,102245.4,101739.8,101775.5,100675659.5539999
2025-11-13 14:47:59.925000+00:00,2025-11-13 14:45:00+00:00,continuous,101775.5,101927.0,101707.0,101897.8,81974122.2477001
2025-11-13 14:50:59.861000+00:00,2025-11-13 14:48:00+00:00,continuous,101897.8,102336.9,101848.0,102174.7,101568311.3677005
2025-11-13 14:53:59.954000+00:00,2025-11-13 14:51:00+00:00,continuous,102174.7,103456.0,102173.4,103126.0,467952801.57210237
2025-11-13 14:56:59.978000+00:00,2025-11-13 14:54:00+00:00,continuous,103126.1,103251.0,102754.6,102968.0,181064408.11539894
2025-11-13 14:59:59.944000+00:00,2025-11-13 14:57:00+00:00,continuous,102968.1,103108.6,102783.4,102823.4,61698147.06439998
2025-11-13 15:02:59.996000+00:00,2025-11-13 15:00:00+00:00,continuous,102823.4,102823.4,102416.8,102418.2,117447065.4162992
2025-11-13 15:05:59.928000+00:00,2025-11-13 15:03:00+00:00,continuous,102418.3,102479.2,101906.9,102327.9,150750083.01320037
2025-11-13 15:08:59.873000+00:00,2025-11-13 15:06:00+00:00,continuous,102327.8,102750.0,102204.1,102616.3,99106177.85320006
2025-11-13 15:11:59.962000+00:00,2025-11-13 15:09:00+00:00,continuous,102616.3,102641.2,102314.7,102483.8,38403144.42569988
2025-11-13 15:14:59.944000+00:00,2025-11-13 15:12:00+00:00,continuous,102483.7,102816.3,102449.3,102816.3,65784811.36120003
2025-11-13 15:17:59.971000+00:00,2025-11-13 15:15:00+00:00,continuous,102816.4,102969.8,102580.3,102602.9,106509732.74149962
2025-11-13 15:20:59.920000+00:00,2025-11-13 15:18:00+00:00,continuous,102603.0,102656.1,102342.1,102428.3,42811629.07079992
2025-11-13 15:23:59.946000+00:00,2025-11-13 15:21:00+00:00,continuous,102428.2,102457.5,102111.0,102231.7,97509183.60819998
2025-11-13 15:26:59.974000+00:00,2025-11-13 15:24:00+00:00,continuous,102231.7,102333.9,102034.1,102103.0,47849053.71749995
2025-11-13 15:29:59.679000+00:00,2025-11-13 15:27:00+00:00,continuous,102102.9,102158.4,102006.0,102148.8,49811849.430100076
2025-11-13 15:32:59.595000+00:00,2025-11-13 15:30:00+00:00,continuous,102148.9,102173.1,101937.6,102022.1,47139730.14269992
2025-11-13 15:35:59.858000+00:00,2025-11-13 15:33:00+00:00,continuous,102022.1,102022.1,101750.0,101878.5,92712254.33810024
2025-11-13 15:38:59.954000+00:00,2025-11-13 15:36:00+00:00,continuous,101878.4,101970.0,101514.1,101759.4,102390510.6084996
2025-11-13 15:41:59.874000+00:00,2025-11-13 15:39:00+00:00,continuous,101759.4,101900.0,101626.1,101679.8,60885115.46209992
2025-11-13 15:44:59.976000+00:00,2025-11-13 15:42:00+00:00,continuous,101679.7,101782.2,101510.3,101550.8,62980331.70589993
2025-11-13 15:47:59.894000+00:00,2025-11-13 15:45:00+00:00,continuous,101550.7,101583.5,101219.8,101251.6,136282505.54009965
2025-11-13 15:50:59.870000+00:00,2025-11-13 15:48:00+00:00,continuous,101251.6,101411.1,101200.7,101379.1,64677409.765200034
2025-11-13 15:53:59.954000+00:00,2025-11-13 15:51:00+00:00,continuous,101379.1,101448.0,101244.4,101390.1,47230751.892900184
2025-11-13 15:56:59.968000+00:00,2025-11-13 15:54:00+00:00,continuous,101390.0,101390.0,101163.3,101226.0,55110378.23720002
2025-11-13 15:59:59.998000+00:00,2025-11-13 15:57:00+00:00,continuous,101225.9,101386.6,101135.0,101338.0,68302263.81480022
2025-11-13 16:02:59.877000+00:00,2025-11-13 16:00:00+00:00,continuous,101337.9,101495.7,101236.6,101242.4,71174637.00589995
2025-11-13 16:05:59.928000+00:00,2025-11-13 16:03:00+00:00,continuous,101242.3,101298.9,101089.2,101193.7,61928689.22530042
2025-11-13 16:08:59.952000+00:00,2025-11-13 16:06:00+00:00,continuous,101193.6,101342.1,101023.3,101209.1,80187737.26840024
2025-11-13 16:11:59.913000+00:00,2025-11-13 16:09:00+00:00,continuous,101209.1,101382.6,101131.1,101186.1,38409781.0353001
2025-11-13 16:14:59.895000+00:00,2025-11-13 16:12:00+00:00,continuous,101186.1,101186.1,101000.0,101146.9,69409703.13789994
2025-11-13 16:17:59.999000+00:00,2025-11-13 16:15:00+00:00,continuous,101146.9,101233.4,100900.0,100936.0,162105009.53789964
2025-11-13 16:20:59.935000+00:00,2025-11-13 16:18:00+00:00,continuous,100936.1,100974.9,100764.4,100922.1,149354179.72479978
2025-11-13 16:23:59.788000+00:00,2025-11-13 16:21:00+00:00,continuous,100922.0,101000.0,100732.3,100860.9,61207859.04169994
2025-11-13 16:26:59.980000+00:00,2025-11-13 16:24:00+00:00,continuous,100860.9,100926.0,100627.0,100845.4,87429231.70629998
2025-11-13 16:29:59.984000+00:00,2025-11-13 16:27:00+00:00,continuous,100845.3,101034.6,100804.6,101019.1,56201220.658900075
2025-11-13 16:32:59.881000+00:00,2025-11-13 16:30:00+00:00,continuous,101019.0,101159.3,100956.2,100996.9,78838899.56369977
2025-11-13 16:35:59.921000+00:00,2025-11-13 16:33:00+00:00,continuous,100996.9,101388.5,100980.1,101165.5,101527609.09909987
2025-11-13 16:38:59.618000+00:00,2025-11-13 16:36:00+00:00,continuous,101165.5,101260.2,101059.7,101237.4,83140316.4918003
2025-11-13 16:41:59.786000+00:00,2025-11-13 16:39:00+00:00,continuous,101237.5,101258.9,100888.0,100898.7,79482541.37189949
2025-11-13 16:44:59.999000+00:00,2025-11-13 16:42:00+00:00,continuous,100898.7,100938.2,100802.3,100895.9,44340233.04880004
2025-11-13 16:47:59.997000+00:00,2025-11-13 16:45:00+00:00,continuous,100895.9,100990.0,100832.1,100925.8,33904453.014000036
2025-11-13 16:50:59.894000+00:00,2025-11-13 16:48:00+00:00,continuous,100924.2,101054.2,100830.7,100935.5,34607314.022900015
2025-11-13 16:53:59.669000+00:00,2025-11-13 16:51:00+00:00,continuous,100935.6,101101.0,100801.0,100840.0,41720681.30999993
2025-11-13 16:56:59.998000+00:00,2025-11-13 16:54:00+00:00,continuous,100839.9,100845.0,100455.7,100596.1,237231885.55729938
2025-11-13 16:59:59.998000+00:00,2025-11-13 16:57:00+00:00,continuous,100596.6,100665.5,100507.7,100580.2,86218081.43029985
2025-11-13 17:02:59.986000+00:00,2025-11-13 17:00:00+00:00,continuous,100580.3,100600.0,100489.9,100570.7,120520256.14869992
2025-11-13 17:05:59.898000+00:00,2025-11-13 17:03:00+00:00,continuous,100570.8,100644.0,100447.0,100449.9,60989278.35449986
2025-11-13 17:08:59.952000+00:00,2025-11-13 17:06:00+00:00,continuous,100449.9,100774.4,100419.4,100579.8,67370635.00500005
2025-11-13 17:11:59.957000+00:00,2025-11-13 17:09:00+00:00,continuous,100580.0,100589.0,100367.0,100538.4,78398664.2384
2025-11-13 17:14:59.997000+00:00,2025-11-13 17:12:00+00:00,continuous,100538.4,100614.0,100459.4,100490.3,46784711.539199814
2025-11-13 17:17:59.919000+00:00,2025-11-13 17:15:00+00:00,continuous,100490.1,100747.8,100480.3,100630.9,58569866.692600034
2025-11-13 17:20:59.881000+00:00,2025-11-13 17:18:00+00:00,continuous,100631.0,100640.3,100437.9,100438.0,38649004.9707001
2025-11-13 17:23:59.767000+00:00,2025-11-13 17:21:00+00:00,continuous,100437.9,100452.9,100256.0,100322.5,111441943.19780025
2025-11-13 17:26:59.985000+00:00,2025-11-13 17:24:00+00:00,continuous,100322.5,100440.0,100150.0,100213.2,103676276.28010024
2025-11-13 17:29:59.869000+00:00,2025-11-13 17:27:00+00:00,continuous,100213.1,100446.8,100190.0,100267.5,62676443.18570012
2025-11-13 17:32:59.835000+00:00,2025-11-13 17:30:00+00:00,continuous,100267.4,100466.1,100150.0,100369.5,73463924.44469999
2025-11-13 17:35:59.906000+00:00,2025-11-13 17:33:00+00:00,continuous,100369.5,100444.0,100157.4,100185.0,73602261.74680002
2025-11-13 17:38:59.895000+00:00,2025-11-13 17:36:00+00:00,continuous,100184.9,100199.7,100013.1,100028.0,81255470.52600038
2025-11-13 17:41:59.987000+00:00,2025-11-13 17:39:00+00:00,continuous,100028.0,100190.0,99789.4,99843.9,188044201.2399001
2025-11-13 17:44:59.803000+00:00,2025-11-13 17:42:00+00:00,continuous,99844.0,100049.1,99844.0,99984.3,81387863.58840005
2025-11-13 17:47:59.909000+00:00,2025-11-13 17:45:00+00:00,continuous,99984.2,100151.5,99904.3,99995.1,75132416.55209994
2025-11-13 17:50:59.992000+00:00,2025-11-13 17:48:00+00:00,continuous,99995.0,100095.4,99829.0,99843.2,60265644.850000165
2025-11-13 17:53:59.990000+00:00,2025-11-13 17:51:00+00:00,continuous,99843.3,99870.0,99743.3,99817.9,88639447.11619985
2025-11-13 17:56:59.918000+00:00,2025-11-13 17:54:00+00:00,continuous,99818.0,99929.7,99733.2,99767.6,87753813.75850002
2025-11-13 17:59:59.961000+00:00,2025-11-13 17:57:00+00:00,continuous,99767.4,99767.4,99556.8,99601.4,127799054.38789973
2025-11-13 18:02:59.955000+00:00,2025-11-13 18:00:00+00:00,continuous,99601.4,99876.5,99556.7,99868.9,97815148.89840011
2025-11-13 18:05:59.964000+00:00,2025-11-13 18:03:00+00:00,continuous,99868.9,99895.2,99501.0,99501.1,71802418.09290034
2025-11-13 18:08:59.981000+00:00,2025-11-13 18:06:00+00:00,continuous,99501.0,99685.1,99410.0,99426.6,105640189.29990068
2025-11-13 18:11:59.999000+00:00,2025-11-13 18:09:00+00:00,continuous,99426.6,99456.1,99223.0,99235.8,110373444.20370004
2025-11-13 18:14:59.941000+00:00,2025-11-13 18:12:00+00:00,continuous,99235.3,99357.0,99235.3,99335.1,59774990.69600013
2025-11-13 18:17:59.996000+00:00,2025-11-13 18:15:00+00:00,continuous,99335.0,99350.0,98911.8,98967.7,183123957.91130036
2025-11-13 18:20:59.932000+00:00,2025-11-13 18:18:00+00:00,continuous,98967.6,99545.5,98967.6,99233.4,181592576.91430005
2025-11-13 18:23:59.804000+00:00,2025-11-13 18:21:00+00:00,continuous,99233.4,99323.2,99086.5,99130.1,58610074.683600016
2025-11-13 18:26:59.835000+00:00,2025-11-13 18:24:00+00:00,continuous,99130.1,99175.5,98823.4,98913.0,166159000.43079892
2025-11-13 18:29:59.982000+00:00,2025-11-13 18:27:00+00:00,continuous,98912.9,99070.1,98688.8,99060.4,183244000.95839986
2025-11-13 18:32:59.896000+00:00,2025-11-13 18:30:00+00:00,continuous,99060.6,99088.5,98836.0,98904.4,111442253.5435005
2025-11-13 18:35:59.934000+00:00,2025-11-13 18:33:00+00:00,continuous,98904.4,98946.6,98350.1,98462.0,254314288.3254995
2025-11-13 18:38:59.873000+00:00,2025-11-13 18:36:00+00:00,continuous,98461.9,98500.0,98160.0,98229.7,205920161.9206991
2025-11-13 18:41:59.954000+00:00,2025-11-13 18:39:00+00:00,continuous,98229.6,98688.0,98178.7,98684.6,171210692.46370077
2025-11-13 18:44:59.975000+00:00,2025-11-13 18:42:00+00:00,continuous,98684.6,98696.6,98396.6,98639.1,113165817.17030069
2025-11-13 18:47:59.935000+00:00,2025-11-13 18:45:00+00:00,continuous,98639.0,98680.0,98357.7,98531.7,100676586.49980052
2025-11-13 18:50:59.978000+00:00,2025-11-13 18:48:00+00:00,continuous,98531.7,98563.5,98175.0,98260.0,91509848.22600004
2025-11-13 18:53:59.948000+00:00,2025-11-13 18:51:00+00:00,continuous,98260.1,98407.7,98100.0,98324.3,136876410.58919954
2025-11-13 18:56:59.907000+00:00,2025-11-13 18:54:00+00:00,continuous,98324.2,98451.2,98249.6,98420.8,46346338.09579979
2025-11-13 18:59:59.934000+00:00,2025-11-13 18:57:00+00:00,continuous,98420.8,98780.0,98417.6,98539.7,175666363.39070135
2025-11-13 19:02:59.915000+00:00,2025-11-13 19:00:00+00:00,continuous,98539.6,98573.6,98309.5,98362.5,60558344.64399986
2025-11-13 19:05:59.967000+00:00,2025-11-13 19:03:00+00:00,continuous,98362.5,98880.0,98342.0,98750.0,110339804.04750024
2025-11-13 19:08:59.935000+00:00,2025-11-13 19:06:00+00:00,continuous,98749.9,98787.2,98209.7,98321.4,123698260.54380001
2025-11-13 19:11:59.790000+00:00,2025-11-13 19:09:00+00:00,continuous,98321.4,98719.0,98300.1,98609.2,67486333.44950007
2025-11-13 19:14:59.857000+00:00,2025-11-13 19:12:00+00:00,continuous,98609.3,98763.6,98521.0,98652.7,63744452.79730026
2025-11-13 19:17:59.868000+00:00,2025-11-13 19:15:00+00:00,continuous,98652.7,98652.7,98350.0,98457.1,56672570.97520005
2025-11-13 19:20:59.881000+00:00,2025-11-13 19:18:00+00:00,continuous,98457.1,98624.0,98363.6,98387.9,41117193.859899916
2025-11-13 19:23:59.945000+00:00,2025-11-13 19:21:00+00:00,continuous,98388.0,98811.1,98363.5,98799.9,69938569.85689977
2025-11-13 19:26:59.981000+00:00,2025-11-13 19:24:00+00:00,continuous,98799.8,99204.1,98715.6,98941.0,160369100.68439874
2025-11-13 19:29:59.993000+00:00,2025-11-13 19:27:00+00:00,continuous,98941.1,99256.6,98941.0,99114.6,95311433.69579989
2025-11-13 19:32:59.994000+00:00,2025-11-13 19:30:00+00:00,continuous,99114.6,99183.5,98779.0,98790.8,88767309.93780002
2025-11-13 19:35:59.420000+00:00,2025-11-13 19:33:00+00:00,continuous,98790.7,98790.7,98668.4,98725.6,50783174.37220012
2025-11-13 19:38:59.667000+00:00,2025-11-13 19:36:00+00:00,continuous,98725.7,98754.6,98516.4,98538.1,40926570.317099914
2025-11-13 19:41:59.993000+00:00,2025-11-13 19:39:00+00:00,continuous,98538.1,98676.5,98533.3,98592.2,34059739.568799995
2025-11-13 19:44:59.974000+00:00,2025-11-13 19:42:00+00:00,continuous,98592.0,98891.2,98528.4,98873.6,41823499.200300135
2025-11-13 19:47:59.916000+00:00,2025-11-13 19:45:00+00:00,continuous,98873.6,98934.9,98714.7,98753.9,83939339.90580004
2025-11-13 19:50:59.731000+00:00,2025-11-13 19:48:00+00:00,continuous,98753.9,98859.8,98590.1,98760.2,66986733.8895001
2025-11-13 19:53:59.815000+00:00,2025-11-13 19:51:00+00:00,continuous,98760.1,98799.4,98592.0,98701.0,74119825.50199994
2025-11-13 19:56:59.842000+00:00,2025-11-13 19:54:00+00:00,continuous,98701.0,98816.7,98320.0,98622.0,128089644.23989962
2025-11-13 19:59:59.937000+00:00,2025-11-13 19:57:00+00:00,continuous,98622.0,98696.3,98544.0,98643.1,40562725.82670002
2025-11-13 20:02:59.951000+00:00,2025-11-13 20:00:00+00:00,continuous,98643.1,98643.2,98355.2,98355.3,33376836.688299898
2025-11-13 20:05:59.983000+00:00,2025-11-13 20:03:00+00:00,continuous,98355.3,98410.5,98220.2,98260.1,76911093.45069996
2025-11-13 20:08:59.955000+00:00,2025-11-13 20:06:00+00:00,continuous,98260.0,98576.2,98039.0,98535.2,159697979.94830123
2025-11-13 20:11:59.963000+00:00,2025-11-13 20:09:00+00:00,continuous,98535.2,98535.2,98238.3,98472.8,41807674.28100007
2025-11-13 20:14:59.998000+00:00,2025-11-13 20:12:00+00:00,continuous,98472.9,98472.9,98151.2,98275.0,51856023.779499836
2025-11-13 20:17:59.998000+00:00,2025-11-13 20:15:00+00:00,continuous,98274.6,98299.2,98000.1,98019.7,87683743.32180013
2025-11-13 20:20:59.991000+00:00,2025-11-13 20:18:00+00:00,continuous,98016.7,98210.4,98016.7,98040.0,101853035.8110004
2025-11-13 20:23:59.938000+00:00,2025-11-13 20:21:00+00:00,continuous,98039.9,98352.5,97959.0,98122.2,188086782.3869992
2025-11-13 20:26:59.788000+00:00,2025-11-13 20:24:00+00:00,continuous,98122.1,98289.1,98074.9,98079.9,45468962.32190007
2025-11-13 20:29:59.924000+00:00,2025-11-13 20:27:00+00:00,continuous,98079.8,98642.0,98053.8,98497.4,96907329.14940023
2025-11-13 20:32:59.981000+00:00,2025-11-13 20:30:00+00:00,continuous,98497.5,98721.6,98407.7,98442.7,77416032.59680021
2025-11-13 20:35:59.834000+00:00,2025-11-13 20:33:00+00:00,continuous,98442.8,98658.2,98328.2,98647.6,70854163.12100013
2025-11-13 20:38:59.993000+00:00,2025-11-13 20:36:00+00:00,continuous,98647.5,98899.0,98577.1,98852.0,88746957.44239986
2025-11-13 20:41:59.963000+00:00,2025-11-13 20:39:00+00:00,continuous,98852.1,98999.9,98712.0,98718.5,79179676.20739995
2025-11-13 20:44:59.929000+00:00,2025-11-13 20:42:00+00:00,continuous,98718.6,98786.5,98518.3,98518.3,47684060.48219998
2025-11-13 20:47:59.945000+00:00,2025-11-13 20:45:00+00:00,continuous,98518.4,98548.0,98347.4,98453.0,61598359.52039997
2025-11-13 20:50:59.997000+00:00,2025-11-13 20:48:00+00:00,continuous,98452.9,98455.2,98200.6,98257.0,67371205.11959983
2025-11-13 20:53:59.847000+00:00,2025-11-13 20:51:00+00:00,continuous,98257.1,98336.1,98151.2,98232.4,60858901.74459984
2025-11-13 20:56:59.984000+00:00,2025-11-13 20:54:00+00:00,continuous,98232.4,98335.0,98125.0,98162.7,48960516.77600022
2025-11-13 20:59:59.974000+00:00,2025-11-13 20:57:00+00:00,continuous,98162.6,98211.3,98052.7,98131.6,75424484.57009985
2025-11-13 21:02:59.974000+00:00,2025-11-13 21:00:00+00:00,continuous,98132.1,98315.6,97985.7,98205.9,110539796.22839962
2025-11-13 21:05:59.995000+00:00,2025-11-13 21:03:00+00:00,continuous,98205.9,98515.2,98204.8,98496.7,73937481.79309997
2025-11-13 21:08:59.979000+00:00,2025-11-13 21:06:00+00:00,continuous,98496.8,98550.0,98312.0,98538.0,39827644.98829985
2025-11-13 21:11:59.930000+00:00,2025-11-13 21:09:00+00:00,continuous,98538.1,98681.0,98468.5,98476.3,37527535.81990001
2025-11-13 21:14:59.927000+00:00,2025-11-13 21:12:00+00:00,continuous,98476.3,98590.0,98453.0,98590.0,15886716.350500043
2025-11-13 21:17:59.938000+00:00,2025-11-13 21:15:00+00:00,continuous,98589.9,98593.0,98307.9,98324.2,35399092.18129999
2025-11-13 21:20:59.584000+00:00,2025-11-13 21:18:00+00:00,continuous,98324.1,98479.9,98324.1,98460.1,17041496.40709997
2025-11-13 21:23:59.807000+00:00,2025-11-13 21:21:00+00:00,continuous,98460.0,98513.2,98376.1,98466.0,18088637.91549997
2025-11-13 21:26:59.785000+00:00,2025-11-13 21:24:00+00:00,continuous,98465.9,98481.5,98162.2,98215.4,37675573.365900084
2025-11-13 21:29:59.821000+00:00,2025-11-13 21:27:00+00:00,continuous,98215.3,98490.0,98182.2,98478.3,27813324.245500017
2025-11-13 21:32:59.905000+00:00,2025-11-13 21:30:00+00:00,continuous,98478.2,98621.4,98478.2,98521.9,36227270.34609997
2025-11-13 21:35:59.982000+00:00,2025-11-13 21:33:00+00:00,continuous,98521.9,98609.8,98450.0,98521.8,18013182.27669997
2025-11-13 21:38:59.967000+00:00,2025-11-13 21:36:00+00:00,continuous,98521.9,98609.7,98500.0,98515.5,12917917.931700012
2025-11-13 21:41:59.803000+00:00,2025-11-13 21:39:00+00:00,continuous,98515.5,98676.3,98458.1,98676.2,22371039.185100034
2025-11-13 21:44:59.925000+00:00,2025-11-13 21:42:00+00:00,continuous,98676.2,98803.7,98676.2,98799.1,33798910.77350003
2025-11-13 21:47:59.666000+00:00,2025-11-13 21:45:00+00:00,continuous,98799.2,98799.2,98625.3,98665.1,20891845.65100004
2025-11-13 21:50:59.919000+00:00,2025-11-13 21:48:00+00:00,continuous,98665.1,98836.2,98665.0,98812.7,24022804.46290003
2025-11-13 21:53:59.787000+00:00,2025-11-13 21:51:00+00:00,continuous,98812.8,98832.1,98724.0,98795.8,21531583.22510007
2025-11-13 21:56:59.936000+00:00,2025-11-13 21:54:00+00:00,continuous,98795.7,98873.5,98790.0,98835.8,21646974.397499956
2025-11-13 21:59:59.968000+00:00,2025-11-13 21:57:00+00:00,continuous,98835.8,98835.9,98736.9,98764.1,17622637.24870004
2025-11-13 22:02:59.914000+00:00,2025-11-13 22:00:00+00:00,continuous,98764.2,98826.0,98657.0,98799.9,26334642.471000012
2025-11-13 22:05:59.937000+00:00,2025-11-13 22:03:00+00:00,continuous,98799.9,98855.9,98783.9,98818.0,20097221.411000006
2025-11-13 22:08:59.835000+00:00,2025-11-13 22:06:00+00:00,continuous,98818.1,98970.8,98788.7,98970.8,30658952.935100038
2025-11-13 22:11:59.917000+00:00,2025-11-13 22:09:00+00:00,continuous,98970.7,99244.0,98964.9,99199.8,59963044.60460001
2025-11-13 22:14:59.932000+00:00,2025-11-13 22:12:00+00:00,continuous,99199.9,99314.3,99124.8,99242.3,57294758.081300035
2025-11-13 22:17:59.893000+00:00,2025-11-13 22:15:00+00:00,continuous,99242.3,99314.3,99080.1,99234.1,59359693.46739991
2025-11-13 22:20:59.547000+00:00,2025-11-13 22:18:00+00:00,continuous,99234.0,99260.0,99134.1,99136.1,25703741.293199897
2025-11-13 22:23:59.894000+00:00,2025-11-13 22:21:00+00:00,continuous,99136.1,99314.0,99071.5,99299.0,17400500.62799999
2025-11-13 22:26:59.977000+00:00,2025-11-13 22:24:00+00:00,continuous,99299.0,99468.0,99260.5,99430.1,60284317.44630005
2025-11-13 22:29:59.894000+00:00,2025-11-13 22:27:00+00:00,continuous,99430.1,99510.3,99322.5,99470.0,31911523.855500054
2025-11-13 22:32:59.288000+00:00,2025-11-13 22:30:00+00:00,continuous,99470.0,99470.0,99385.2,99400.0,22966916.435600016
2025-11-13 22:35:59.860000+00:00,2025-11-13 22:33:00+00:00,continuous,99400.0,99506.5,99347.1,99445.4,22018005.5146
2025-11-13 22:38:59.909000+00:00,2025-11-13 22:36:00+00:00,continuous,99445.4,99579.6,99445.3,99579.6,30637852.05570004
2025-11-13 22:41:59.895000+00:00,2025-11-13 22:39:00+00:00,continuous,99579.7,99764.3,99579.7,99741.0,65031355.203199916
2025-11-13 22:44:59.562000+00:00,2025-11-13 22:42:00+00:00,continuous,99741.0,99899.2,99700.0,99740.5,65902392.82430007
2025-11-13 22:47:59.984000+00:00,2025-11-13 22:45:00+00:00,continuous,99740.6,99840.0,99600.0,99606.3,38315817.96700003
2025-11-13 22:50:59.902000+00:00,2025-11-13 22:48:00+00:00,continuous,99606.0,99800.0,99600.0,99794.5,22105767.755299997
2025-11-13 22:53:59.353000+00:00,2025-11-13 22:51:00+00:00,continuous,99794.5,99840.0,99750.0,99810.0,22513862.946600005
2025-11-13 22:56:59.985000+00:00,2025-11-13 22:54:00+00:00,continuous,99810.0,99850.6,99682.6,99682.6,45830473.98930011
2025-11-13 22:59:59.894000+00:00,2025-11-13 22:57:00+00:00,continuous,99682.7,99820.6,99640.6,99820.6,20868408.562300015
2025-11-13 23:02:59.997000+00:00,2025-11-13 23:00:00+00:00,continuous,99820.5,99820.6,99509.5,99593.2,45343635.536400035
2025-11-13 23:05:59.559000+00:00,2025-11-13 23:03:00+00:00,continuous,99593.3,99783.3,99543.7,99766.4,29059996.03759991
2025-11-13 23:08:59.894000+00:00,2025-11-13 23:06:00+00:00,continuous,99766.5,99877.4,99740.1,99823.5,27253945.25470002
2025-11-13 23:11:59.880000+00:00,2025-11-13 23:09:00+00:00,continuous,99823.4,99912.9,99814.0,99867.6,26832593.658900045
2025-11-13 23:14:59.860000+00:00,2025-11-13 23:12:00+00:00,continuous,99867.6,100057.7,99844.9,100049.3,71494690.34910026
2025-11-13 23:17:59.943000+00:00,2025-11-13 23:15:00+00:00,continuous,100049.2,100295.9,100012.4,100227.1,203517075.26210013
2025-11-13 23:20:59.893000+00:00,2025-11-13 23:18:00+00:00,continuous,100227.1,100368.2,100166.4,100321.9,47857818.288899966
2025-11-13 23:23:59.893000+00:00,2025-11-13 23:21:00+00:00,continuous,100321.8,100345.0,100100.0,100188.1,55356179.40719982
2025-11-13 23:26:59.993000+00:00,2025-11-13 23:24:00+00:00,continuous,100188.0,100300.0,100101.6,100271.5,36110118.98059991
2025-11-13 23:29:59.918000+00:00,2025-11-13 23:27:00+00:00,continuous,100271.6,100271.6,100156.6,100188.9,23255054.634600017
2025-11-13 23:32:59.909000+00:00,2025-11-13 23:30:00+00:00,continuous,100189.0,100341.0,100154.5,100268.1,35702710.67440004
2025-11-13 23:35:59.893000+00:00,2025-11-13 23:33:00+00:00,continuous,100268.1,100485.8,100186.0,100430.8,61532558.66209983
2025-11-13 23:38:59.892000+00:00,2025-11-13 23:36:00+00:00,continuous,100430.8,100443.0,100371.0,100408.3,25710313.0735001
2025-11-13 23:41:59.895000+00:00,2025-11-13 23:39:00+00:00,continuous,100408.2,100460.1,100351.9,100382.6,24189905.85059997
2025-11-13 23:44:59.894000+00:00,2025-11-13 23:42:00+00:00,continuous,100382.6,100417.1,100319.7,100374.3,24368291.17060001
2025-11-13 23:47:59.845000+00:00,2025-11-13 23:45:00+00:00,continuous,100374.2,100374.2,100096.4,100165.4,59404342.00159991
2025-11-13 23:50:59.930000+00:00,2025-11-13 23:48:00+00:00,continuous,100165.3,100185.0,100000.0,100143.6,42878261.7428
2025-11-13 23:53:59.918000+00:00,2025-11-13 23:51:00+00:00,continuous,100143.6,100153.7,99552.9,99725.5,146529433.98580045
2025-11-13 23:56:59.903000+00:00,2025-11-13 23:54:00+00:00,continuous,99725.5,99849.9,99702.4,99849.9,33504457.77589998
2025-11-13 23:59:59.863000+00:00,2025-11-13 23:57:00+00:00,continuous,99850.0,99852.6,99645.5,99654.3,31698479.126700036
2025-11-14 00:02:59.990000+00:00,2025-11-14 00:00:00+00:00,continuous,99654.3,99654.4,99284.8,99387.4,157757111.36700043
2025-11-14 00:05:59.915000+00:00,2025-11-14 00:03:00+00:00,continuous,99387.3,99697.4,99364.2,99386.2,54253294.52539999
2025-11-14 00:08:59.974000+00:00,2025-11-14 00:06:00+00:00,continuous,99386.1,99386.1,99054.6,99063.1,130857426.11969952
2025-11-14 00:11:59.991000+00:00,2025-11-14 00:09:00+00:00,continuous,99063.0,99398.0,99058.6,99398.0,63065533.57400006
2025-11-14 00:14:59.916000+00:00,2025-11-14 00:12:00+00:00,continuous,99397.9,99415.0,99232.9,99302.2,32459130.57769993
2025-11-14 00:17:59.999000+00:00,2025-11-14 00:15:00+00:00,continuous,99302.2,99302.2,98767.0,99034.2,169277213.21139953
2025-11-14 00:20:59.907000+00:00,2025-11-14 00:18:00+00:00,continuous,99034.6,99265.2,98938.7,99069.8,62914819.844199926
2025-11-14 00:23:59.717000+00:00,2025-11-14 00:21:00+00:00,continuous,99069.8,99254.5,99033.5,99204.0,31581237.62110002
2025-11-14 00:26:59.954000+00:00,2025-11-14 00:24:00+00:00,continuous,99204.0,99471.6,99203.9,99423.1,58918789.57240008
2025-11-14 00:29:59.890000+00:00,2025-11-14 00:27:00+00:00,continuous,99423.0,99529.7,99409.2,99422.5,35159582.78339998
2025-11-14 00:32:59.930000+00:00,2025-11-14 00:30:00+00:00,continuous,99422.5,99685.6,99409.1,99684.2,77138250.95370004
2025-11-14 00:35:59.998000+00:00,2025-11-14 00:33:00+00:00,continuous,99684.1,99752.7,99525.6,99547.6,51644363.91599964
2025-11-14 00:38:59.781000+00:00,2025-11-14 00:36:00+00:00,continuous,99547.5,99592.4,99200.1,99210.1,37369679.18640009
2025-11-14 00:41:59.989000+00:00,2025-11-14 00:39:00+00:00,continuous,99210.0,99237.0,99011.3,99011.3,62023530.740100235
2025-11-14 00:44:59.951000+00:00,2025-11-14 00:42:00+00:00,continuous,99011.2,99324.3,98990.6,99324.3,32490935.276399884
2025-11-14 00:47:59.914000+00:00,2025-11-14 00:45:00+00:00,continuous,99324.2,99325.5,99108.1,99108.2,25586431.865300022
2025-11-14 00:50:59.765000+00:00,2025-11-14 00:48:00+00:00,continuous,99108.1,99128.7,98834.2,99040.4,50545565.72619992
2025-11-14 00:53:59.966000+00:00,2025-11-14 00:51:00+00:00,continuous,99040.9,99065.9,98700.4,98746.2,75662059.02470015
2025-11-14 00:56:59.909000+00:00,2025-11-14 00:54:00+00:00,continuous,98746.3,99028.8,98684.7,98988.9,57045858.47519998
2025-11-14 00:59:59.951000+00:00,2025-11-14 00:57:00+00:00,continuous,98988.9,99024.2,98789.2,98941.0,31532325.499700002
2025-11-14 01:02:59.751000+00:00,2025-11-14 01:00:00+00:00,continuous,98941.0,99115.2,98662.8,98938.8,55670529.86190015
2025-11-14 01:05:59.997000+00:00,2025-11-14 01:03:00+00:00,continuous,98938.7,98986.2,98752.1,98842.9,53250370.90940017
2025-11-14 01:08:59.992000+00:00,2025-11-14 01:06:00+00:00,continuous,98842.9,98959.6,98657.0,98740.3,51950480.88689988
2025-11-14 01:11:59.936000+00:00,2025-11-14 01:09:00+00:00,continuous,98740.2,98842.1,98672.5,98810.1,33021252.349800095
2025-11-14 01:14:59.957000+00:00,2025-11-14 01:12:00+00:00,continuous,98810.1,98949.3,98747.5,98911.3,37913552.12300002
2025-11-14 01:17:59.948000+00:00,2025-11-14 01:15:00+00:00,continuous,98911.4,99023.2,98754.0,99015.7,25549591.79630007
2025-11-14 01:20:59.868000+00:00,2025-11-14 01:18:00+00:00,continuous,99015.7,99239.8,99006.1,99231.3,46668331.15020014
2025-11-14 01:23:59.385000+00:00,2025-11-14 01:21:00+00:00,continuous,99231.3,99234.3,99056.0,99164.2,22860392.11369999
2025-11-14 01:26:59.993000+00:00,2025-11-14 01:24:00+00:00,continuous,99164.2,99382.1,99153.6,99260.0,26881877.836000003
2025-11-14 01:29:59.745000+00:00,2025-11-14 01:27:00+00:00,continuous,99260.1,99260.1,98826.2,99072.0,38680062.18519996
2025-11-14 01:32:59.797000+00:00,2025-11-14 01:30:00+00:00,continuous,99072.0,99280.5,99072.0,99229.0,28578448.173599944
2025-11-14 01:35:59.947000+00:00,2025-11-14 01:33:00+00:00,continuous,99229.1,99528.6,99228.7,99457.0,41510915.06289995
2025-11-14 01:38:59.881000+00:00,2025-11-14 01:36:00+00:00,continuous,99457.0,99520.8,99238.6,99269.5,35381897.58570009
2025-11-14 01:41:59.642000+00:00,2025-11-14 01:39:00+00:00,continuous,99269.8,99309.0,99018.5,99018.5,25843384.423899993
2025-11-14 01:44:59.870000+00:00,2025-11-14 01:42:00+00:00,continuous,99018.5,99187.4,98959.0,99184.0,28157718.137400113
2025-11-14 01:47:59.468000+00:00,2025-11-14 01:45:00+00:00,continuous,99184.3,99323.7,99177.5,99223.1,26027655.501099966
2025-11-14 01:50:59.332000+00:00,2025-11-14 01:48:00+00:00,continuous,99223.1,99424.0,99132.4,99362.0,38336817.34760006
2025-11-14 01:53:59.416000+00:00,2025-11-14 01:51:00+00:00,continuous,99362.1,99417.9,99170.2,99269.5,25767713.557499878
2025-11-14 01:56:59.397000+00:00,2025-11-14 01:54:00+00:00,continuous,99269.6,99309.0,99145.8,99250.0,20976939.06830005
2025-11-14 01:59:59.690000+00:00,2025-11-14 01:57:00+00:00,continuous,99249.9,99255.5,99159.1,99208.8,21418729.767700013
2025-11-14 02:02:59.953000+00:00,2025-11-14 02:00:00+00:00,continuous,99208.9,99423.4,99201.4,99416.8,23246313.014600012
2025-11-14 02:05:59.988000+00:00,2025-11-14 02:03:00+00:00,continuous,99416.9,99550.0,99350.9,99531.5,25141075.652500123
2025-11-14 02:08:59.907000+00:00,2025-11-14 02:06:00+00:00,continuous,99531.4,99531.7,99353.2,99353.3,15692764.867900029
2025-11-14 02:11:59.778000+00:00,2025-11-14 02:09:00+00:00,continuous,99353.3,99499.9,99320.5,99414.9,12690585.526400007
2025-11-14 02:14:59.944000+00:00,2025-11-14 02:12:00+00:00,continuous,99415.0,99543.9,99388.0,99444.6,15623851.238499984
2025-11-14 02:17:59.720000+00:00,2025-11-14 02:15:00+00:00,continuous,99444.7,99862.8,99444.7,99759.3,76120084.53950009
2025-11-14 02:20:59.634000+00:00,2025-11-14 02:18:00+00:00,continuous,99759.2,99789.9,99552.2,99555.2,25683562.275300015
2025-11-14 02:23:59.424000+00:00,2025-11-14 02:21:00+00:00,continuous,99555.1,99603.0,99504.4,99569.9,12521372.886599995
2025-11-14 02:26:59.939000+00:00,2025-11-14 02:24:00+00:00,continuous,99570.0,99611.5,99555.6,99555.7,12293699.628299983
2025-11-14 02:29:59.866000+00:00,2025-11-14 02:27:00+00:00,continuous,99555.7,99668.9,99555.4,99641.1,11597755.432600018
2025-11-14 02:32:59.793000+00:00,2025-11-14 02:30:00+00:00,continuous,99641.2,99737.4,99641.2,99689.8,12046636.538500005
2025-11-14 02:35:59.900000+00:00,2025-11-14 02:33:00+00:00,continuous,99689.9,99748.4,99556.0,99637.4,14155867.584999984
2025-11-14 02:38:59.938000+00:00,2025-11-14 02:36:00+00:00,continuous,99637.4,99774.6,99589.8,99774.6,12969890.989699977
2025-11-14 02:41:59.524000+00:00,2025-11-14 02:39:00+00:00,continuous,99774.6,99826.1,99706.9,99816.2,21552001.6772
2025-11-14 02:44:59.823000+00:00,2025-11-14 02:42:00+00:00,continuous,99816.1,99819.5,99752.3,99788.1,14950362.796700004
2025-11-14 02:47:59.717000+00:00,2025-11-14 02:45:00+00:00,continuous,99788.0,99788.1,99529.0,99534.7,29521962.417700104
2025-11-14 02:50:59.985000+00:00,2025-11-14 02:48:00+00:00,continuous,99534.7,99596.4,99412.9,99593.2,28426816.33630002
2025-11-14 02:53:59.953000+00:00,2025-11-14 02:51:00+00:00,continuous,99593.1,99707.8,99558.6,99558.6,13009080.883200012
2025-11-14 02:56:59.785000+00:00,2025-11-14 02:54:00+00:00,continuous,99558.3,99635.2,99540.2,99603.1,8075096.679500003
2025-11-14 02:59:59.287000+00:00,2025-11-14 02:57:00+00:00,continuous,99603.1,99607.0,99553.3,99573.4,8620069.266900001
2025-11-14 03:02:59.733000+00:00,2025-11-14 03:00:00+00:00,continuous,99573.3,99605.5,99370.3,99375.6,18047567.324799962
2025-11-14 03:05:59.899000+00:00,2025-11-14 03:03:00+00:00,continuous,99375.6,99439.6,99335.8,99379.9,16026064.31469997
2025-11-14 03:08:59.288000+00:00,2025-11-14 03:06:00+00:00,continuous,99380.0,99449.9,99251.5,99399.7,24239955.333699994
2025-11-14 03:11:59.860000+00:00,2025-11-14 03:09:00+00:00,continuous,99399.7,99438.9,99285.7,99338.8,15702233.064700004
2025-11-14 03:14:59.363000+00:00,2025-11-14 03:12:00+00:00,continuous,99338.9,99362.2,99280.5,99305.5,8984395.079200003
2025-11-14 03:17:59.386000+00:00,2025-11-14 03:15:00+00:00,continuous,99305.5,99305.5,99012.3,99237.1,60587351.10800002
2025-11-14 03:20:59.754000+00:00,2025-11-14 03:18:00+00:00,continuous,99237.1,99243.1,99118.2,99164.5,14543267.360399948
2025-11-14 03:23:59.991000+00:00,2025-11-14 03:21:00+00:00,continuous,99164.4,99182.2,99100.4,99182.2,15595344.404300008
2025-11-14 03:26:59.942000+00:00,2025-11-14 03:24:00+00:00,continuous,99182.2,99337.7,99180.6,99290.0,20472523.550099958
2025-11-14 03:29:59.350000+00:00,2025-11-14 03:27:00+00:00,continuous,99290.0,99295.9,99247.7,99262.6,7338132.202999993
2025-11-14 03:32:59.611000+00:00,2025-11-14 03:30:00+00:00,continuous,99262.5,99285.5,99153.2,99200.0,15026505.844899992
2025-11-14 03:35:59.674000+00:00,2025-11-14 03:33:00+00:00,continuous,99200.0,99282.2,99177.9,99207.0,10104040.6642
2025-11-14 03:38:59.920000+00:00,2025-11-14 03:36:00+00:00,continuous,99206.9,99238.9,99044.3,99070.1,23275891.539199967
2025-11-14 03:41:59.808000+00:00,2025-11-14 03:39:00+00:00,continuous,99070.0,99106.2,98824.8,98909.2,72417393.8805999
2025-11-14 03:44:59.899000+00:00,2025-11-14 03:42:00+00:00,continuous,98909.3,98940.1,98810.7,98872.1,31812879.1395999
2025-11-14 03:47:59.924000+00:00,2025-11-14 03:45:00+00:00,continuous,98872.1,98949.5,98730.0,98949.5,33198240.031799965
2025-11-14 03:50:59.892000+00:00,2025-11-14 03:48:00+00:00,continuous,98949.5,99056.9,98880.5,98909.0,31091577.11430011
2025-11-14 03:53:59.992000+00:00,2025-11-14 03:51:00+00:00,continuous,98909.1,99050.0,98909.0,98973.2,22964395.379899982
2025-11-14 03:56:59.709000+00:00,2025-11-14 03:54:00+00:00,continuous,98973.5,99098.2,98941.2,99047.6,19060156.882100035
2025-11-14 03:59:59.877000+00:00,2025-11-14 03:57:00+00:00,continuous,99047.6,99103.3,99042.5,99103.3,12873254.856599988
2025-11-14 04:02:59.949000+00:00,2025-11-14 04:00:00+00:00,continuous,99103.3,99152.0,99067.6,99088.4,18920837.137200024
2025-11-14 04:05:59.892000+00:00,2025-11-14 04:03:00+00:00,continuous,99088.4,99105.4,98766.6,98806.7,26354833.495200027
2025-11-14 04:08:59.136000+00:00,2025-11-14 04:06:00+00:00,continuous,98806.7,98820.3,98743.0,98797.4,22364064.283800017
2025-11-14 04:11:59.785000+00:00,2025-11-14 04:09:00+00:00,continuous,98797.5,98897.1,98760.9,98886.7,24270980.917700086
2025-11-14 04:14:59.892000+00:00,2025-11-14 04:12:00+00:00,continuous,98886.7,98934.3,98841.4,98867.9,22518309.873299982
2025-11-14 04:17:59.733000+00:00,2025-11-14 04:15:00+00:00,continuous,98867.9,98900.0,98758.3,98899.9,19620006.395300016
2025-11-14 04:20:59.922000+00:00,2025-11-14 04:18:00+00:00,continuous,98899.9,98974.4,98845.3,98846.7,15227954.68110001
2025-11-14 04:23:59.855000+00:00,2025-11-14 04:21:00+00:00,continuous,98846.8,98890.7,98800.0,98806.7,12386903.173799964
2025-11-14 04:26:59.806000+00:00,2025-11-14 04:24:00+00:00,continuous,98806.7,98880.9,98760.0,98880.9,18800329.379499994
2025-11-14 04:29:59.892000+00:00,2025-11-14 04:27:00+00:00,continuous,98880.9,98983.2,98851.1,98927.7,21028405.62720005
2025-11-14 04:32:59.961000+00:00,2025-11-14 04:30:00+00:00,continuous,98927.8,98927.8,98150.1,98163.5,197697470.82849917
2025-11-14 04:35:59.943000+00:00,2025-11-14 04:33:00+00:00,continuous,98163.6,98340.9,97612.0,97971.4,484066257.68940204
2025-11-14 04:38:59.979000+00:00,2025-11-14 04:36:00+00:00,continuous,97971.5,98000.0,96700.0,97300.1,529739196.68050075
2025-11-14 04:41:59.993000+00:00,2025-11-14 04:39:00+00:00,continuous,97300.2,97485.0,96600.0,97038.4,416383861.4696045
2025-11-14 04:44:59.991000+00:00,2025-11-14 04:42:00+00:00,continuous,97038.5,97751.3,97005.1,97540.1,165735442.9571
2025-11-14 04:47:59.983000+00:00,2025-11-14 04:45:00+00:00,continuous,97540.2,97946.3,97540.2,97660.1,108182053.87380008
2025-11-14 04:50:59.982000+00:00,2025-11-14 04:48:00+00:00,continuous,97660.1,97800.0,97168.6,97576.6,132739707.21499941
2025-11-14 04:53:59.979000+00:00,2025-11-14 04:51:00+00:00,continuous,97576.7,97656.3,97239.0,97596.2,120784130.64179897
2025-11-14 04:56:59.990000+00:00,2025-11-14 04:54:00+00:00,continuous,97596.3,97876.7,97506.1,97827.5,133563944.27600007
2025-11-14 04:59:59.884000+00:00,2025-11-14 04:57:00+00:00,continuous,97827.4,97873.1,97664.0,97789.7,97567917.13399962
2025-11-14 05:02:59.923000+00:00,2025-11-14 05:00:00+00:00,continuous,97789.7,97997.3,97640.0,97807.8,106828338.85059932
2025-11-14 05:05:59.937000+00:00,2025-11-14 05:03:00+00:00,continuous,97807.8,97941.6,97800.0,97805.2,35481749.16510008
2025-11-14 05:08:59.887000+00:00,2025-11-14 05:06:00+00:00,continuous,97805.2,97850.0,97660.7,97700.0,38879150.81140006
2025-11-14 05:11:59.953000+00:00,2025-11-14 05:09:00+00:00,continuous,97700.1,97707.9,97447.3,97510.4,56171488.0625
2025-11-14 05:14:59.836000+00:00,2025-11-14 05:12:00+00:00,continuous,97510.3,97596.7,97359.1,97436.9,47286907.002999954
2025-11-14 05:17:59.815000+00:00,2025-11-14 05:15:00+00:00,continuous,97436.9,97571.4,97270.0,97492.6,68620759.91780008
2025-11-14 05:20:59.859000+00:00,2025-11-14 05:18:00+00:00,continuous,97492.9,97825.2,97462.8,97754.1,38194503.77210013
2025-11-14 05:23:59.549000+00:00,2025-11-14 05:21:00+00:00,continuous,97754.1,97776.3,97578.7,97611.6,33452105.143099837
2025-11-14 05:26:59.961000+00:00,2025-11-14 05:24:00+00:00,continuous,97611.5,97677.0,97465.2,97582.0,27808384.742199995
2025-11-14 05:29:59.998000+00:00,2025-11-14 05:27:00+00:00,continuous,97581.9,97650.0,97224.3,97224.3,46528097.69739999
2025-11-14 05:32:59.925000+00:00,2025-11-14 05:30:00+00:00,continuous,97229.9,97479.8,97220.7,97348.3,70973535.44350007
2025-11-14 05:35:59.990000+00:00,2025-11-14 05:33:00+00:00,continuous,97348.3,97352.6,97100.5,97179.3,110584063.36440001
2025-11-14 05:38:59.989000+00:00,2025-11-14 05:36:00+00:00,continuous,97179.7,97583.0,97000.0,97297.1,95718697.9852006
2025-11-14 05:41:59.726000+00:00,2025-11-14 05:39:00+00:00,continuous,97297.1,97454.8,97085.3,97427.1,62288523.79670003
2025-11-14 05:44:59.916000+00:00,2025-11-14 05:42:00+00:00,continuous,97427.0,97427.1,97253.0,97253.2,27005908.669099964
2025-11-14 05:47:59.983000+00:00,2025-11-14 05:45:00+00:00,continuous,97253.2,97325.7,97152.2,97224.8,45292434.286999844
2025-11-14 05:50:59.957000+00:00,2025-11-14 05:48:00+00:00,continuous,97224.7,97638.4,97199.3,97503.0,62742813.061900236
2025-11-14 05:53:59.945000+00:00,2025-11-14 05:51:00+00:00,continuous,97502.9,97598.4,97383.0,97409.8,29576920.3125999
2025-11-14 05:56:59.688000+00:00,2025-11-14 05:54:00+00:00,continuous,97409.8,97547.9,97326.4,97385.9,55463125.617099926
2025-11-14 05:59:59.916000+00:00,2025-11-14 05:57:00+00:00,continuous,97385.9,97508.6,97385.9,97491.9,12415131.613199973
2025-11-14 06:02:59.932000+00:00,2025-11-14 06:00:00+00:00,continuous,97491.8,97491.9,97312.7,97323.4,18310657.40539997
2025-11-14 06:05:59.988000+00:00,2025-11-14 06:03:00+00:00,continuous,97323.3,97327.1,97168.3,97319.1,44918597.08569999
2025-11-14 06:08:59.993000+00:00,2025-11-14 06:06:00+00:00,continuous,97319.0,97319.0,97191.3,97213.8,24933569.413499914
2025-11-14 06:11:59.982000+00:00,2025-11-14 06:09:00+00:00,continuous,97213.9,97236.4,97100.0,97107.1,37331741.04519991
2025-11-14 06:14:59.981000+00:00,2025-11-14 06:12:00+00:00,continuous,97107.2,97237.2,96928.7,97100.9,87916851.1075997
2025-11-14 06:17:59.983000+00:00,2025-11-14 06:15:00+00:00,continuous,97100.5,97121.3,96900.0,96945.3,40583107.02519989
2025-11-14 06:20:59.479000+00:00,2025-11-14 06:18:00+00:00,continuous,96945.4,97030.1,96880.0,96948.7,42413314.091599904
2025-11-14 06:23:59.951000+00:00,2025-11-14 06:21:00+00:00,continuous,96948.7,97001.5,96825.6,96887.8,46403004.43310001
2025-11-14 06:26:59.961000+00:00,2025-11-14 06:24:00+00:00,continuous,96887.8,96977.1,96800.6,96806.1,49636403.355400115
2025-11-14 06:29:59.573000+00:00,2025-11-14 06:27:00+00:00,continuous,96806.0,97003.5,96800.0,96960.4,43173757.22609989
2025-11-14 06:32:59.967000+00:00,2025-11-14 06:30:00+00:00,continuous,96960.5,97060.0,96800.0,96834.0,42379981.53819987
2025-11-14 06:35:59.984000+00:00,2025-11-14 06:33:00+00:00,continuous,96834.1,96949.0,96700.0,96806.3,78817429.75479984
2025-11-14 06:38:59.955000+00:00,2025-11-14 06:36:00+00:00,continuous,96806.2,96985.8,96727.8,96881.4,40078320.45319988
2025-11-14 06:41:59.924000+00:00,2025-11-14 06:39:00+00:00,continuous,96881.4,96897.9,96696.6,96814.0,45407529.34899984
2025-11-14 06:44:59.893000+00:00,2025-11-14 06:42:00+00:00,continuous,96814.0,96885.1,96680.1,96750.7,62707965.78850001
2025-11-14 06:47:59.987000+00:00,2025-11-14 06:45:00+00:00,continuous,96750.8,96808.0,96259.2,96283.0,307746372.8543001
2025-11-14 06:50:59.875000+00:00,2025-11-14 06:48:00+00:00,continuous,96282.9,96699.0,95840.9,96558.5,394782243.8094007
2025-11-14 06:53:59.802000+00:00,2025-11-14 06:51:00+00:00,continuous,96558.5,96576.1,96264.0,96453.8,99151460.04419997
2025-11-14 06:56:59.989000+00:00,2025-11-14 06:54:00+00:00,continuous,96453.9,97155.8,96400.0,97152.0,147657098.0627998
2025-11-14 06:59:59.938000+00:00,2025-11-14 06:57:00+00:00,continuous,97151.9,97585.9,97047.2,97530.9,196277881.2323
2025-11-14 07:02:59.982000+00:00,2025-11-14 07:00:00+00:00,continuous,97531.0,97714.2,97329.9,97376.0,164286602.9141996
2025-11-14 07:05:59.782000+00:00,2025-11-14 07:03:00+00:00,continuous,97376.1,97461.3,97087.4,97118.3,81934338.75500004
2025-11-14 07:08:59.883000+00:00,2025-11-14 07:06:00+00:00,continuous,97118.2,97195.4,96861.0,96959.3,87508527.39840019
2025-11-14 07:11:59.967000+00:00,2025-11-14 07:09:00+00:00,continuous,96959.3,97154.4,96906.3,97109.4,45252081.44119992
2025-11-14 07:14:59.873000+00:00,2025-11-14 07:12:00+00:00,continuous,97109.3,97428.5,97070.3,97341.9,64064444.27740033
2025-11-14 07:17:59.986000+00:00,2025-11-14 07:15:00+00:00,continuous,97341.8,97492.2,97246.3,97464.0,66780304.53129996
2025-11-14 07:20:59.961000+00:00,2025-11-14 07:18:00+00:00,continuous,97464.1,97469.7,97246.5,97422.2,42920044.975600034
2025-11-14 07:23:59.871000+00:00,2025-11-14 07:21:00+00:00,continuous,97422.1,97582.9,97285.3,97523.0,46524388.257500045
2025-11-14 07:26:59.995000+00:00,2025-11-14 07:24:00+00:00,continuous,97523.0,97593.8,97365.2,97533.7,37004096.66779987
2025-11-14 07:29:59.998000+00:00,2025-11-14 07:27:00+00:00,continuous,97533.6,97680.0,97460.6,97664.5,33737091.5358
2025-11-14 07:32:59.906000+00:00,2025-11-14 07:30:00+00:00,continuous,97664.4,97674.9,97364.0,97400.6,59291044.99069988
2025-11-14 07:35:59.896000+00:00,2025-11-14 07:33:00+00:00,continuous,97400.6,97400.6,97120.2,97120.4,111301653.60019967
2025-11-14 07:38:59.957000+00:00,2025-11-14 07:36:00+00:00,continuous,97120.4,97133.4,96833.7,96842.4,166243582.91109967
2025-11-14 07:41:59.511000+00:00,2025-11-14 07:39:00+00:00,continuous,96842.4,97018.7,96704.3,96889.3,99098493.64449975
2025-11-14 07:44:59.886000+00:00,2025-11-14 07:42:00+00:00,continuous,96889.3,97120.0,96863.9,97119.8,57515998.24759997
2025-11-14 07:47:59.982000+00:00,2025-11-14 07:45:00+00:00,continuous,97120.0,97643.1,97071.8,97444.0,84147657.2557997
2025-11-14 07:50:59.900000+00:00,2025-11-14 07:48:00+00:00,continuous,97444.1,97555.5,97365.0,97537.5,45128287.73380017
2025-11-14 07:53:59.982000+00:00,2025-11-14 07:51:00+00:00,continuous,97537.4,97585.6,97144.6,97154.5,63342390.9822001
2025-11-14 07:56:59.896000+00:00,2025-11-14 07:54:00+00:00,continuous,97154.6,97242.0,97126.2,97155.4,35087348.767399974
2025-11-14 07:59:59.540000+00:00,2025-11-14 07:57:00+00:00,continuous,97155.3,97221.5,97058.3,97099.9,38116298.383699976
2025-11-14 08:02:59.790000+00:00,2025-11-14 08:00:00+00:00,continuous,97099.9,97168.3,97033.5,97054.0,30058333.76880004
2025-11-14 08:05:59.987000+00:00,2025-11-14 08:03:00+00:00,continuous,97054.1,97063.6,96965.0,96983.1,27091475.031000026
2025-11-14 08:08:59.880000+00:00,2025-11-14 08:06:00+00:00,continuous,96983.0,97037.1,96880.6,97002.1,27515611.3312
2025-11-14 08:11:59.918000+00:00,2025-11-14 08:09:00+00:00,continuous,97002.1,97100.0,96775.0,97084.2,52831034.6056
2025-11-14 08:14:59.961000+00:00,2025-11-14 08:12:00+00:00,continuous,97084.2,97093.9,96864.5,96864.5,35352618.44440008
2025-11-14 08:17:59.503000+00:00,2025-11-14 08:15:00+00:00,continuous,96864.6,97062.8,96810.6,97056.2,30651589.50609995
2025-11-14 08:20:59.967000+00:00,2025-11-14 08:18:00+00:00,continuous,97056.3,97442.3,97037.4,97239.7,87302121.31109975
2025-11-14 08:23:59.791000+00:00,2025-11-14 08:21:00+00:00,continuous,97239.7,97299.2,97093.5,97212.1,26459110.56640003
2025-11-14 08:26:59.945000+00:00,2025-11-14 08:24:00+00:00,continuous,97212.1,97222.0,96802.7,96812.8,40464194.091999955
2025-11-14 08:29:59.847000+00:00,2025-11-14 08:27:00+00:00,continuous,96812.8,96898.8,96810.0,96881.8,35418494.34009991
2025-11-14 08:32:59.691000+00:00,2025-11-14 08:30:00+00:00,continuous,96881.7,96900.0,96714.4,96836.8,48713422.59099988
2025-11-14 08:35:59.769000+00:00,2025-11-14 08:33:00+00:00,continuous,96836.9,97100.0,96836.8,97084.4,29432048.869100105
2025-11-14 08:38:59.783000+00:00,2025-11-14 08:36:00+00:00,continuous,97084.4,97200.0,97084.3,97163.9,33111467.84680002
2025-11-14 08:41:59.514000+00:00,2025-11-14 08:39:00+00:00,continuous,97163.9,97229.4,96895.0,97069.2,36087636.157399975
2025-11-14 08:44:59.911000+00:00,2025-11-14 08:42:00+00:00,continuous,97069.1,97170.0,97042.1,97170.0,15904334.24429998
2025-11-14 08:47:59.992000+00:00,2025-11-14 08:45:00+00:00,continuous,97170.0,97172.0,96932.3,96967.8,25039901.832900014
2025-11-14 08:50:59.931000+00:00,2025-11-14 08:48:00+00:00,continuous,96967.9,97150.0,96965.6,97133.9,17318894.03480002
2025-11-14 08:53:59.759000+00:00,2025-11-14 08:51:00+00:00,continuous,97134.0,97266.4,97111.8,97243.1,25295785.244499963
2025-11-14 08:56:59.934000+00:00,2025-11-14 08:54:00+00:00,continuous,97243.2,97309.5,97197.4,97249.1,40080500.21419984
2025-11-14 08:59:59.672000+00:00,2025-11-14 08:57:00+00:00,continuous,97249.1,97401.0,97231.2,97333.2,37153148.057200015
2025-11-14 09:02:59.982000+00:00,2025-11-14 09:00:00+00:00,continuous,97333.2,97435.5,97265.4,97427.6,26882895.566800024
2025-11-14 09:05:59.942000+00:00,2025-11-14 09:03:00+00:00,continuous,97427.7,97520.0,97330.5,97484.3,33756198.24010011
2025-11-14 09:08:59.917000+00:00,2025-11-14 09:06:00+00:00,continuous,97484.3,97484.3,97237.8,97408.6,19164949.347999994
2025-11-14 09:11:59.959000+00:00,2025-11-14 09:09:00+00:00,continuous,97408.6,97439.2,97266.0,97354.4,12062700.132699987
2025-11-14 09:14:59.917000+00:00,2025-11-14 09:12:00+00:00,continuous,97354.3,97471.3,97170.0,97296.7,23794269.330900017
2025-11-14 09:17:59.783000+00:00,2025-11-14 09:15:00+00:00,continuous,97296.6,97308.6,97080.0,97176.4,31440737.154700097
2025-11-14 09:20:59.912000+00:00,2025-11-14 09:18:00+00:00,continuous,97176.3,97192.9,96942.4,97005.1,43467331.17389999
2025-11-14 09:23:59.995000+00:00,2025-11-14 09:21:00+00:00,continuous,97005.0,97266.3,96990.8,97211.3,24172927.186800044
2025-11-14 09:26:59.892000+00:00,2025-11-14 09:24:00+00:00,continuous,97211.4,97369.9,97165.0,97176.8,24911116.97849994
2025-11-14 09:29:59.924000+00:00,2025-11-14 09:27:00+00:00,continuous,97176.7,97192.9,97023.0,97031.0,22262415.338099953
2025-11-14 09:32:59.956000+00:00,2025-11-14 09:30:00+00:00,continuous,97030.0,97081.8,96922.1,96922.2,24622116.84009997
2025-11-14 09:35:59.953000+00:00,2025-11-14 09:33:00+00:00,continuous,96922.2,96973.7,96622.8,96779.1,101730482.30009961
2025-11-14 09:38:59.911000+00:00,2025-11-14 09:36:00+00:00,continuous,96779.1,96957.6,96763.6,96890.7,40780398.96329983
2025-11-14 09:41:59.671000+00:00,2025-11-14 09:39:00+00:00,continuous,96890.7,97121.0,96839.2,97091.4,30558809.59030001
2025-11-14 09:44:59.973000+00:00,2025-11-14 09:42:00+00:00,continuous,97091.4,97112.3,97000.5,97112.2,21814299.716400024
2025-11-14 09:47:59.825000+00:00,2025-11-14 09:45:00+00:00,continuous,97112.2,97118.1,96821.4,96858.4,41483152.12929993
2025-11-14 09:50:59.904000+00:00,2025-11-14 09:48:00+00:00,continuous,96858.3,96860.0,96716.1,96809.0,29157377.641699962
2025-11-14 09:53:59.784000+00:00,2025-11-14 09:51:00+00:00,continuous,96808.9,96896.6,96745.1,96814.8,21596802.477999985
2025-11-14 09:56:59.972000+00:00,2025-11-14 09:54:00+00:00,continuous,96814.7,96873.0,96752.7,96842.4,12447014.651700037
2025-11-14 09:59:59.775000+00:00,2025-11-14 09:57:00+00:00,continuous,96842.4,96883.6,96808.2,96808.2,10644160.880699994
2025-11-14 10:02:59.788000+00:00,2025-11-14 10:00:00+00:00,continuous,96808.2,96896.6,96792.3,96896.6,13638619.222499989
2025-11-14 10:05:59.847000+00:00,2025-11-14 10:03:00+00:00,continuous,96896.5,96911.7,96688.8,96858.0,31228260.542799994
2025-11-14 10:08:59.711000+00:00,2025-11-14 10:06:00+00:00,continuous,96857.9,96976.9,96808.9,96902.4,24996873.998999935
2025-11-14 10:11:59.758000+00:00,2025-11-14 10:09:00+00:00,continuous,96902.5,97006.8,96882.9,96883.5,12139592.955600007
2025-11-14 10:14:59.963000+00:00,2025-11-14 10:12:00+00:00,continuous,96883.5,96958.6,96880.0,96923.2,9406697.526700012
2025-11-14 10:17:59.886000+00:00,2025-11-14 10:15:00+00:00,continuous,96923.2,96971.4,96862.2,96931.8,10437908.40419998
2025-11-14 10:20:59.892000+00:00,2025-11-14 10:18:00+00:00,continuous,96931.8,97071.9,96885.9,97022.1,14149981.898599997
2025-11-14 10:23:59.980000+00:00,2025-11-14 10:21:00+00:00,continuous,97022.0,97069.2,96955.1,96955.1,17476214.334999975
2025-11-14 10:26:59.500000+00:00,2025-11-14 10:24:00+00:00,continuous,96955.1,97014.5,96925.9,97014.5,7669960.0137
2025-11-14 10:29:59.730000+00:00,2025-11-14 10:27:00+00:00,continuous,97014.5,97033.0,96919.1,96961.0,11765559.309299996
2025-11-14 10:32:59.974000+00:00,2025-11-14 10:30:00+00:00,continuous,96961.0,96983.3,96871.4,96927.7,11108742.924700005
2025-11-14 10:35:59.883000+00:00,2025-11-14 10:33:00+00:00,continuous,96927.6,97145.4,96914.7,97041.1,53158649.80440003
2025-11-14 10:38:59.985000+00:00,2025-11-14 10:36:00+00:00,continuous,97041.2,97255.2,96997.1,97206.0,36062170.92240002
2025-11-14 10:41:59.977000+00:00,2025-11-14 10:39:00+00:00,continuous,97206.1,97249.2,97134.4,97134.4,14874590.419399986
2025-11-14 10:44:59.933000+00:00,2025-11-14 10:42:00+00:00,continuous,97134.5,97204.7,97100.0,97170.4,16378379.143300045
2025-11-14 10:47:59.907000+00:00,2025-11-14 10:45:00+00:00,continuous,97170.5,97170.5,97104.5,97136.9,12888946.03880003
2025-11-14 10:50:59.979000+00:00,2025-11-14 10:48:00+00:00,continuous,97136.8,97157.7,97066.5,97090.1,13343779.533100026
2025-11-14 10:53:59.774000+00:00,2025-11-14 10:51:00+00:00,continuous,97090.0,97090.0,97006.1,97026.0,12018150.381500036
2025-11-14 10:56:59.780000+00:00,2025-11-14 10:54:00+00:00,continuous,97025.9,97036.7,96799.6,96827.1,26288081.87410005
2025-11-14 10:59:59.990000+00:00,2025-11-14 10:57:00+00:00,continuous,96827.0,96827.0,96624.0,96703.8,81364958.11539991
2025-11-14 11:02:59.273000+00:00,2025-11-14 11:00:00+00:00,continuous,96703.5,96750.9,96650.1,96723.9,30523912.09249995
2025-11-14 11:05:59.981000+00:00,2025-11-14 11:03:00+00:00,continuous,96724.0,96909.3,96693.0,96893.3,31161162.4658
2025-11-14 11:08:59.972000+00:00,2025-11-14 11:06:00+00:00,continuous,96893.1,96893.1,96628.0,96693.7,21561562.9003
2025-11-14 11:11:59.866000+00:00,2025-11-14 11:09:00+00:00,continuous,96693.6,96724.8,96663.1,96724.7,24636269.20989995
2025-11-14 11:14:59.648000+00:00,2025-11-14 11:12:00+00:00,continuous,96724.7,96728.4,96629.9,96728.1,18096491.888100006
2025-11-14 11:17:59.678000+00:00,2025-11-14 11:15:00+00:00,continuous,96728.1,96779.3,96549.4,96601.0,38672068.559900105
2025-11-14 11:20:59.798000+00:00,2025-11-14 11:18:00+00:00,continuous,96601.0,96641.2,96364.7,96426.8,100297480.63589968
2025-11-14 11:23:59.904000+00:00,2025-11-14 11:21:00+00:00,continuous,96426.8,96533.1,96342.2,96533.0,58589166.31999994
2025-11-14 11:26:59.794000+00:00,2025-11-14 11:24:00+00:00,continuous,96532.9,96733.0,96532.8,96600.1,36896364.964600116
2025-11-14 11:29:59.911000+00:00,2025-11-14 11:27:00+00:00,continuous,96600.1,96620.1,96354.0,96502.3,42911909.90800014
2025-11-14 11:32:59.993000+00:00,2025-11-14 11:30:00+00:00,continuous,96502.4,96529.8,96200.0,96201.9,54546229.4493997
2025-11-14 11:35:59.918000+00:00,2025-11-14 11:33:00+00:00,continuous,96202.0,96315.2,96012.4,96090.4,95447249.3297
2025-11-14 11:38:59.973000+00:00,2025-11-14 11:36:00+00:00,continuous,96090.5,96161.0,95944.1,96104.4,101257752.29169938
2025-11-14 11:41:59.883000+00:00,2025-11-14 11:39:00+00:00,continuous,96104.5,96199.9,96000.0,96055.3,55706481.18269989
2025-11-14 11:44:59.996000+00:00,2025-11-14 11:42:00+00:00,continuous,96055.4,96189.5,95597.9,96162.6,250095389.50769866
2025-11-14 11:47:59.970000+00:00,2025-11-14 11:45:00+00:00,continuous,96162.7,96231.4,95862.4,96023.0,101390502.9645993
2025-11-14 11:50:59.767000+00:00,2025-11-14 11:48:00+00:00,continuous,96023.0,96150.0,95972.9,96033.5,37036006.71289997
2025-11-14 11:53:59.801000+00:00,2025-11-14 11:51:00+00:00,continuous,96033.5,96073.1,95777.5,95786.7,59462417.458899826
2025-11-14 11:56:59.815000+00:00,2025-11-14 11:54:00+00:00,continuous,95786.8,95940.8,95721.0,95896.2,54036799.45530016
2025-11-14 11:59:59.911000+00:00,2025-11-14 11:57:00+00:00,continuous,95896.3,96182.9,95880.0,96134.6,66604388.58759994
2025-11-14 12:02:59.848000+00:00,2025-11-14 12:00:00+00:00,continuous,96134.5,96134.6,95844.3,95889.9,47759841.74649993
2025-11-14 12:05:59.875000+00:00,2025-11-14 12:03:00+00:00,continuous,95890.0,95949.7,95803.0,95905.0,55977642.503000095
2025-11-14 12:08:59.850000+00:00,2025-11-14 12:06:00+00:00,continuous,95905.0,95971.7,95838.8,95971.7,42632031.585400134
2025-11-14 12:11:59.956000+00:00,2025-11-14 12:09:00+00:00,continuous,95971.7,96079.5,95820.0,95828.0,35325765.02199996
2025-11-14 12:14:59.972000+00:00,2025-11-14 12:12:00+00:00,continuous,95828.1,95835.2,95500.0,95581.6,168594759.35579967
2025-11-14 12:17:59.697000+00:00,2025-11-14 12:15:00+00:00,continuous,95581.7,95699.9,95502.7,95646.9,79232741.15680023
2025-11-14 12:20:59.813000+00:00,2025-11-14 12:18:00+00:00,continuous,95647.0,95808.7,95563.4,95605.4,69280344.42880005
2025-11-14 12:23:59.932000+00:00,2025-11-14 12:21:00+00:00,continuous,95605.4,95630.0,95500.0,95577.5,55956553.61389999
2025-11-14 12:26:59.990000+00:00,2025-11-14 12:24:00+00:00,continuous,95577.6,95774.3,95541.6,95752.0,52062766.334599964
2025-11-14 12:29:59.985000+00:00,2025-11-14 12:27:00+00:00,continuous,95752.0,95907.1,95655.7,95725.4,56234271.674299985
2025-11-14 12:32:59.971000+00:00,2025-11-14 12:30:00+00:00,continuous,95725.4,95890.0,95513.0,95513.0,77195640.89379999
2025-11-14 12:35:59.986000+00:00,2025-11-14 12:33:00+00:00,continuous,95512.8,95615.7,95140.0,95199.0,295019504.83570087
2025-11-14 12:38:59.978000+00:00,2025-11-14 12:36:00+00:00,continuous,95199.1,95386.2,95070.2,95101.2,160812110.36669856
2025-11-14 12:41:59.956000+00:00,2025-11-14 12:39:00+00:00,continuous,95101.3,95101.3,94692.6,94773.0,466365750.23979884
2025-11-14 12:44:59.997000+00:00,2025-11-14 12:42:00+00:00,continuous,94773.1,94844.0,94500.0,94844.0,272351275.7236988
2025-11-14 12:47:59.962000+00:00,2025-11-14 12:45:00+00:00,continuous,94843.9,95165.0,94707.3,94918.8,167399850.1146997
2025-11-14 12:50:59.893000+00:00,2025-11-14 12:48:00+00:00,continuous,94918.8,95516.5,94918.7,95300.2,196083541.28430063
2025-11-14 12:53:59.911000+00:00,2025-11-14 12:51:00+00:00,continuous,95300.1,95500.0,95203.2,95499.9,79169475.53969957
2025-11-14 12:56:59.998000+00:00,2025-11-14 12:54:00+00:00,continuous,95499.9,95528.8,95101.6,95133.9,77762871.66299981
2025-11-14 12:59:59.943000+00:00,2025-11-14 12:57:00+00:00,continuous,95134.3,95435.3,95123.0,95327.0,59990353.19680003
2025-11-14 13:02:59.975000+00:00,2025-11-14 13:00:00+00:00,continuous,95327.1,95597.1,95100.6,95547.9,98865447.57610002
2025-11-14 13:05:59.988000+00:00,2025-11-14 13:03:00+00:00,continuous,95547.8,95680.0,95322.0,95392.3,97095316.51359987
2025-11-14 13:08:59.791000+00:00,2025-11-14 13:06:00+00:00,continuous,95392.2,95402.7,95196.3,95285.2,46277300.18590013
2025-11-14 13:11:59.962000+00:00,2025-11-14 13:09:00+00:00,continuous,95285.2,95290.6,95153.0,95158.0,31317285.825499978
2025-11-14 13:14:59.674000+00:00,2025-11-14 13:12:00+00:00,continuous,95157.9,95161.8,94973.4,95024.7,59952451.80849978
2025-11-14 13:17:59.858000+00:00,2025-11-14 13:15:00+00:00,continuous,95024.7,95171.0,94986.0,95037.8,62386033.94809997
2025-11-14 13:20:59.997000+00:00,2025-11-14 13:18:00+00:00,continuous,95037.9,95079.9,94836.2,94836.3,46478987.33729997
2025-11-14 13:23:59.947000+00:00,2025-11-14 13:21:00+00:00,continuous,94836.2,94997.8,94650.0,94810.0,86898173.6054995
2025-11-14 13:26:59.793000+00:00,2025-11-14 13:24:00+00:00,continuous,94810.0,94957.2,94696.9,94903.9,54877139.8652002
2025-11-14 13:29:59.997000+00:00,2025-11-14 13:27:00+00:00,continuous,94903.9,95081.9,94854.6,95059.8,60955800.95989978
2025-11-14 13:32:59.981000+00:00,2025-11-14 13:30:00+00:00,continuous,95059.9,95143.5,94914.6,94938.1,63948174.16269999
2025-11-14 13:35:59.999000+00:00,2025-11-14 13:33:00+00:00,continuous,94938.2,94970.4,94666.0,94760.2,63709510.882899806
2025-11-14 13:38:59.981000+00:00,2025-11-14 13:36:00+00:00,continuous,94760.1,94868.0,94666.9,94847.1,57745737.34480025
2025-11-14 13:41:59.846000+00:00,2025-11-14 13:39:00+00:00,continuous,94847.0,94918.9,94618.7,94865.0,41103640.535800084
2025-11-14 13:44:59.952000+00:00,2025-11-14 13:42:00+00:00,continuous,94864.9,94866.5,94526.4,94699.5,81093132.46320033
2025-11-14 13:47:59.687000+00:00,2025-11-14 13:45:00+00:00,continuous,94699.4,94815.4,94529.4,94692.5,52345328.97030012
2025-11-14 13:50:59.999000+00:00,2025-11-14 13:48:00+00:00,continuous,94692.8,94948.0,94623.4,94907.6,52309554.337600045
2025-11-14 13:53:59.975000+00:00,2025-11-14 13:51:00+00:00,continuous,94907.5,95403.4,94883.6,95301.3,126620212.76670048
2025-11-14 13:56:59.964000+00:00,2025-11-14 13:54:00+00:00,continuous,95300.9,95600.0,95224.7,95368.7,126410815.41320111
2025-11-14 13:59:59.967000+00:00,2025-11-14 13:57:00+00:00,continuous,95368.6,95394.0,95068.0,95209.0,69827334.24579997
2025-11-14 14:02:59.911000+00:00,2025-11-14 14:00:00+00:00,continuous,95209.1,95312.5,95006.9,95126.8,52009369.767299965
2025-11-14 14:05:59.908000+00:00,2025-11-14 14:03:00+00:00,continuous,95126.7,95676.5,95123.3,95593.0,92141707.38989991
2025-11-14 14:08:59.968000+00:00,2025-11-14 14:06:00+00:00,continuous,95593.1,95800.0,95544.7,95546.5,107829375.53900002
2025-11-14 14:11:59.986000+00:00,2025-11-14 14:09:00+00:00,continuous,95546.6,95722.7,95332.2,95390.4,111090244.88760012
2025-11-14 14:14:59.810000+00:00,2025-11-14 14:12:00+00:00,continuous,95390.4,95435.5,95251.6,95308.2,42722157.05299979
2025-11-14 14:17:59.810000+00:00,2025-11-14 14:15:00+00:00,continuous,95308.2,95688.0,95263.0,95601.2,78879282.5650999
2025-11-14 14:20:59.906000+00:00,2025-11-14 14:18:00+00:00,continuous,95601.1,95723.8,95529.9,95529.9,65598894.96359994
2025-11-14 14:23:59.947000+00:00,2025-11-14 14:21:00+00:00,continuous,95529.9,95661.3,95462.9,95570.5,47757939.24200009
2025-11-14 14:26:59.997000+00:00,2025-11-14 14:24:00+00:00,continuous,95570.6,95750.0,95532.4,95561.9,44753906.45070003
2025-11-14 14:29:59.896000+00:00,2025-11-14 14:27:00+00:00,continuous,95561.8,95561.9,95341.2,95363.7,68820906.00659995
2025-11-14 14:32:59.900000+00:00,2025-11-14 14:30:00+00:00,continuous,95363.8,95645.4,95051.0,95170.1,129228393.93410075
2025-11-14 14:35:59.947000+00:00,2025-11-14 14:33:00+00:00,continuous,95170.0,95967.8,94905.2,95905.0,220821141.94210035
2025-11-14 14:38:59.998000+00:00,2025-11-14 14:36:00+00:00,continuous,95905.1,96479.0,95846.0,96392.7,316873779.06010485
2025-11-14 14:41:59.970000+00:00,2025-11-14 14:39:00+00:00,continuous,96392.6,96411.0,95900.6,96263.5,142227883.3667002
2025-11-14 14:44:59.981000+00:00,2025-11-14 14:42:00+00:00,continuous,96263.5,96496.7,96041.1,96367.4,123788198.67910014
2025-11-14 14:47:59.908000+00:00,2025-11-14 14:45:00+00:00,continuous,96367.3,96569.1,96273.2,96387.0,192679547.40729916
2025-11-14 14:50:59.726000+00:00,2025-11-14 14:48:00+00:00,continuous,96387.0,96666.0,96262.5,96285.6,194360363.415999
2025-11-14 14:53:59.981000+00:00,2025-11-14 14:51:00+00:00,continuous,96285.7,96765.0,96152.0,96616.0,169586317.99780023
2025-11-14 14:56:59.839000+00:00,2025-11-14 14:54:00+00:00,continuous,96616.1,96677.2,96274.9,96433.9,131522901.00030018
2025-11-14 14:59:59.895000+00:00,2025-11-14 14:57:00+00:00,continuous,96433.9,96579.8,96334.0,96497.7,69701564.53629963
2025-11-14 15:02:59.986000+00:00,2025-11-14 15:00:00+00:00,continuous,96497.7,96551.1,96069.2,96072.1,124374718.68980005
2025-11-14 15:05:59.930000+00:00,2025-11-14 15:03:00+00:00,continuous,96072.0,96202.2,95935.5,96134.8,116122909.17609958
2025-11-14 15:08:59.893000+00:00,2025-11-14 15:06:00+00:00,continuous,96134.9,96466.2,96116.5,96389.9,81170105.36900027
2025-11-14 15:11:59.757000+00:00,2025-11-14 15:09:00+00:00,continuous,96389.9,96523.6,96231.5,96238.6,91719687.7083004
2025-11-14 15:14:59.949000+00:00,2025-11-14 15:12:00+00:00,continuous,96238.6,96264.5,95806.9,96063.3,106879122.3375004
2025-11-14 15:17:59.835000+00:00,2025-11-14 15:15:00+00:00,continuous,96063.2,96284.0,95967.4,96211.5,48407157.11849986
2025-11-14 15:20:59.954000+00:00,2025-11-14 15:18:00+00:00,continuous,96211.4,96326.6,96007.8,96209.0,42485931.95580008
2025-11-14 15:23:59.963000+00:00,2025-11-14 15:21:00+00:00,continuous,96209.0,96338.9,96028.6,96169.0,48347831.23789992
2025-11-14 15:26:59.967000+00:00,2025-11-14 15:24:00+00:00,continuous,96168.4,96251.2,95900.0,96188.4,49705536.32059989
2025-11-14 15:29:59.905000+00:00,2025-11-14 15:27:00+00:00,continuous,96188.4,96821.8,96166.4,96499.9,130109083.58900093
2025-11-14 15:32:59.919000+00:00,2025-11-14 15:30:00+00:00,continuous,96500.0,96887.8,96454.7,96538.6,125940774.50790067
2025-11-14 15:35:59.844000+00:00,2025-11-14 15:33:00+00:00,continuous,96538.7,96657.6,96423.3,96545.0,55747293.83149999
2025-11-14 15:38:59.993000+00:00,2025-11-14 15:36:00+00:00,continuous,96545.0,96785.9,96460.4,96700.4,54263952.441199765
2025-11-14 15:41:59.916000+00:00,2025-11-14 15:39:00+00:00,continuous,96700.3,96754.8,96504.4,96534.0,43541707.970899805
2025-11-14 15:44:59.912000+00:00,2025-11-14 15:42:00+00:00,continuous,96534.0,96781.1,96530.0,96732.4,37145431.6458002
2025-11-14 15:47:59.961000+00:00,2025-11-14 15:45:00+00:00,continuous,96732.3,97157.0,96643.2,97129.5,138367793.90779984
2025-11-14 15:50:59.932000+00:00,2025-11-14 15:48:00+00:00,continuous,97129.4,97280.0,96961.6,97061.0,130822949.97660013
2025-11-14 15:53:59.916000+00:00,2025-11-14 15:51:00+00:00,continuous,97061.0,97130.0,96827.0,96862.0,70469373.24189985
2025-11-14 15:56:59.988000+00:00,2025-11-14 15:54:00+00:00,continuous,96862.0,96979.9,96781.1,96848.4,71890602.70809995
2025-11-14 15:59:59.865000+00:00,2025-11-14 15:57:00+00:00,continuous,96848.3,96900.0,96686.2,96752.6,38176729.01569997
2025-11-14 16:02:59.974000+00:00,2025-11-14 16:00:00+00:00,continuous,96752.7,96777.8,96522.0,96628.5,74499957.3263999
2025-11-14 16:05:59.982000+00:00,2025-11-14 16:03:00+00:00,continuous,96628.6,96669.8,96249.9,96252.7,91724070.35499953
2025-11-14 16:08:59.887000+00:00,2025-11-14 16:06:00+00:00,continuous,96252.7,96458.6,96220.6,96446.1,51200132.95679978
2025-11-14 16:11:59.747000+00:00,2025-11-14 16:09:00+00:00,continuous,96446.1,96594.8,96393.8,96550.0,52027192.76660011
2025-11-14 16:14:59.967000+00:00,2025-11-14 16:12:00+00:00,continuous,96550.0,96611.9,96435.5,96464.9,43033616.40409991
2025-11-14 16:17:59.940000+00:00,2025-11-14 16:15:00+00:00,continuous,96464.8,96600.0,96353.1,96377.6,46701219.33570003
2025-11-14 16:20:59.956000+00:00,2025-11-14 16:18:00+00:00,continuous,96377.6,96496.0,96211.1,96339.3,47271383.12170003
2025-11-14 16:23:59.962000+00:00,2025-11-14 16:21:00+00:00,continuous,96339.9,96599.7,96330.6,96599.7,42558239.08319977
2025-11-14 16:26:59.932000+00:00,2025-11-14 16:24:00+00:00,continuous,96599.7,96909.8,96550.0,96898.1,91712631.5331001
2025-11-14 16:29:59.679000+00:00,2025-11-14 16:27:00+00:00,continuous,96898.0,97182.6,96840.6,96922.1,67404944.54490013
2025-11-14 16:32:59.843000+00:00,2025-11-14 16:30:00+00:00,continuous,96922.1,97012.3,96866.1,96974.0,59309354.02999985
2025-11-14 16:35:59.994000+00:00,2025-11-14 16:33:00+00:00,continuous,96974.1,97242.2,96974.0,97126.5,66711251.284300014
2025-11-14 16:38:59.880000+00:00,2025-11-14 16:36:00+00:00,continuous,97126.6,97377.6,97113.0,97296.8,58210967.37350036
2025-11-14 16:41:59.859000+00:00,2025-11-14 16:39:00+00:00,continuous,97296.9,97354.4,97042.9,97204.0,86207187.40420002
2025-11-14 16:44:59.949000+00:00,2025-11-14 16:42:00+00:00,continuous,97203.9,97203.9,96992.7,97074.0,39417020.873799905
2025-11-14 16:47:59.985000+00:00,2025-11-14 16:45:00+00:00,continuous,97073.9,97073.9,96910.8,96915.0,26578273.326799978
2025-11-14 16:50:59.853000+00:00,2025-11-14 16:48:00+00:00,continuous,96915.1,97225.0,96882.3,97208.0,70412476.30120008
2025-11-14 16:53:59.714000+00:00,2025-11-14 16:51:00+00:00,continuous,97207.9,97248.7,97105.0,97186.7,91026599.72089984
2025-11-14 16:56:59.986000+00:00,2025-11-14 16:54:00+00:00,continuous,97186.7,97234.1,97054.5,97076.1,31672085.166400064
2025-11-14 16:59:59.874000+00:00,2025-11-14 16:57:00+00:00,continuous,97076.0,97095.0,96967.0,96972.5,34652919.01489993
2025-11-14 17:02:59.980000+00:00,2025-11-14 17:00:00+00:00,continuous,96972.6,97036.0,96928.1,96957.1,35490255.1499001
2025-11-14 17:05:59.994000+00:00,2025-11-14 17:03:00+00:00,continuous,96957.0,97058.8,96917.4,96957.2,27821247.99499989
2025-11-14 17:08:59.840000+00:00,2025-11-14 17:06:00+00:00,continuous,96957.3,97028.0,96900.1,97001.7,18375064.343100056
2025-11-14 17:11:59.963000+00:00,2025-11-14 17:09:00+00:00,continuous,97001.8,97078.0,96939.4,97049.9,24282784.518500023
2025-11-14 17:14:59.850000+00:00,2025-11-14 17:12:00+00:00,continuous,97049.9,97049.9,96907.2,96968.9,23588212.271199975
2025-11-14 17:17:59.841000+00:00,2025-11-14 17:15:00+00:00,continuous,96968.9,97090.0,96877.9,97077.6,33375096.429900043
2025-11-14 17:20:59.996000+00:00,2025-11-14 17:18:00+00:00,continuous,97077.6,97094.4,96860.0,96879.1,15362370.329999967
2025-11-14 17:23:59.686000+00:00,2025-11-14 17:21:00+00:00,continuous,96879.0,96974.6,96854.0,96910.2,35482757.27059993
2025-11-14 17:26:59.990000+00:00,2025-11-14 17:24:00+00:00,continuous,96910.3,96912.8,96616.0,96627.3,51622067.912899904
2025-11-14 17:29:59.842000+00:00,2025-11-14 17:27:00+00:00,continuous,96627.2,96697.2,96453.5,96689.5,57783342.5962
2025-11-14 17:32:59.971000+00:00,2025-11-14 17:30:00+00:00,continuous,96689.6,96694.8,96511.8,96513.5,30592478.128099952
2025-11-14 17:35:59.455000+00:00,2025-11-14 17:33:00+00:00,continuous,96513.4,96614.0,96513.4,96607.4,17680672.309100036
2025-11-14 17:38:59.977000+00:00,2025-11-14 17:36:00+00:00,continuous,96607.3,96607.3,96358.8,96539.2,72514264.23389992
2025-11-14 17:41:59.994000+00:00,2025-11-14 17:39:00+00:00,continuous,96539.3,96544.9,96340.8,96340.8,32530503.09940007
2025-11-14 17:44:59.719000+00:00,2025-11-14 17:42:00+00:00,continuous,96340.8,96364.5,96267.0,96312.9,34317198.44609989
2025-11-14 17:47:59.840000+00:00,2025-11-14 17:45:00+00:00,continuous,96313.0,96364.5,95982.4,96086.0,96212993.77520025
2025-11-14 17:50:59.894000+00:00,2025-11-14 17:48:00+00:00,continuous,96086.1,96086.1,95820.9,95861.0,77161705.85830016
2025-11-14 17:53:59.977000+00:00,2025-11-14 17:51:00+00:00,continuous,95861.1,95902.4,95551.0,95806.8,119744294.50300004
2025-11-14 17:56:59.971000+00:00,2025-11-14 17:54:00+00:00,continuous,95806.7,96098.0,95753.1,95935.7,92729288.13660026
2025-11-14 17:59:59.964000+00:00,2025-11-14 17:57:00+00:00,continuous,95935.6,96003.4,95645.2,95813.8,77212817.6624998
2025-11-14 18:02:59.897000+00:00,2025-11-14 18:00:00+00:00,continuous,95813.7,95849.9,95561.0,95845.3,77246116.1105002
2025-11-14 18:05:59.894000+00:00,2025-11-14 18:03:00+00:00,continuous,95845.3,95850.0,95657.7,95716.9,29645078.75740005
2025-11-14 18:08:59.968000+00:00,2025-11-14 18:06:00+00:00,continuous,95716.9,96022.8,95713.5,95841.9,33956266.3714
2025-11-14 18:11:59.945000+00:00,2025-11-14 18:09:00+00:00,continuous,95842.0,96037.7,95821.1,95980.6,27863844.971999906
2025-11-14 18:14:59.995000+00:00,2025-11-14 18:12:00+00:00,continuous,95980.6,96282.8,95980.5,96282.8,48163231.78230016
2025-11-14 18:17:59.924000+00:00,2025-11-14 18:15:00+00:00,continuous,96282.9,96297.5,96015.0,96015.1,30427451.647600047
2025-11-14 18:20:59.766000+00:00,2025-11-14 18:18:00+00:00,continuous,96015.1,96033.3,95867.8,95999.5,27662393.516599957
2025-11-14 18:23:59.982000+00:00,2025-11-14 18:21:00+00:00,continuous,95999.5,96029.2,95736.6,95821.0,23232910.391099926
2025-11-14 18:26:59.737000+00:00,2025-11-14 18:24:00+00:00,continuous,95821.1,95923.5,95683.3,95737.3,41037462.155500114
2025-11-14 18:29:59.995000+00:00,2025-11-14 18:27:00+00:00,continuous,95737.2,96058.4,95731.7,96017.0,29894810.73800002
2025-11-14 18:32:59.896000+00:00,2025-11-14 18:30:00+00:00,continuous,96016.9,96149.9,95945.9,96117.5,16962282.960400015
2025-11-14 18:35:59.878000+00:00,2025-11-14 18:33:00+00:00,continuous,96117.5,96143.8,95863.9,95871.5,17133576.984399997
2025-11-14 18:38:59.835000+00:00,2025-11-14 18:36:00+00:00,continuous,95871.5,95877.2,95504.3,95535.1,55496253.74899987
2025-11-14 18:41:59.640000+00:00,2025-11-14 18:39:00+00:00,continuous,95535.2,95609.1,95390.0,95470.0,48244871.54799992
2025-11-14 18:44:59.789000+00:00,2025-11-14 18:42:00+00:00,continuous,95470.0,95470.0,95200.0,95350.6,98316543.05080003
2025-11-14 18:47:59.951000+00:00,2025-11-14 18:45:00+00:00,continuous,95350.7,95419.0,95218.7,95260.9,36292545.84140016
2025-11-14 18:50:59.876000+00:00,2025-11-14 18:48:00+00:00,continuous,95260.8,95493.5,95220.0,95381.4,45449872.024700016
2025-11-14 18:53:59.987000+00:00,2025-11-14 18:51:00+00:00,continuous,95381.5,95422.2,95252.1,95394.9,121890508.47769953
2025-11-14 18:56:59.893000+00:00,2025-11-14 18:54:00+00:00,continuous,95395.0,95400.0,95108.6,95128.5,76262004.53990003
2025-11-14 18:59:59.874000+00:00,2025-11-14 18:57:00+00:00,continuous,95128.5,95194.0,94911.0,95023.9,158504118.04010066
2025-11-14 19:02:59.968000+00:00,2025-11-14 19:00:00+00:00,continuous,95023.9,95136.0,94852.1,94980.0,114868280.59650004
2025-11-14 19:05:59.949000+00:00,2025-11-14 19:03:00+00:00,continuous,94980.1,94980.1,94741.2,94846.7,101784298.28080027
2025-11-14 19:08:59.690000+00:00,2025-11-14 19:06:00+00:00,continuous,94846.6,95012.1,94785.9,94876.4,113549747.29740065
2025-11-14 19:11:59.974000+00:00,2025-11-14 19:09:00+00:00,continuous,94876.5,95228.1,94855.1,95109.6,52819794.907300085
2025-11-14 19:14:59.743000+00:00,2025-11-14 19:12:00+00:00,continuous,95109.7,95379.6,95109.7,95365.4,66136059.65669998
2025-11-14 19:17:59.824000+00:00,2025-11-14 19:15:00+00:00,continuous,95365.4,95538.2,95336.3,95409.4,52225038.39240009
2025-11-14 19:20:59.830000+00:00,2025-11-14 19:18:00+00:00,continuous,95409.5,95731.1,95389.8,95721.5,39063166.14460004
2025-11-14 19:23:59.690000+00:00,2025-11-14 19:21:00+00:00,continuous,95721.5,95886.9,95679.1,95768.7,56416629.266499855
2025-11-14 19:26:59.925000+00:00,2025-11-14 19:24:00+00:00,continuous,95768.6,95856.4,95625.7,95635.7,54008676.42139989
2025-11-14 19:29:59.610000+00:00,2025-11-14 19:27:00+00:00,continuous,95635.7,95770.4,95635.7,95691.4,15804798.760500012
2025-11-14 19:32:59.889000+00:00,2025-11-14 19:30:00+00:00,continuous,95691.3,95711.3,95450.0,95529.3,33271174.184599847
2025-11-14 19:35:59.813000+00:00,2025-11-14 19:33:00+00:00,continuous,95529.3,95676.0,95449.7,95449.7,22897670.67589991
2025-11-14 19:38:59.674000+00:00,2025-11-14 19:36:00+00:00,continuous,95449.7,95469.0,95371.9,95449.9,18175384.878700033
2025-11-14 19:41:59.978000+00:00,2025-11-14 19:39:00+00:00,continuous,95450.0,95520.9,95337.3,95360.0,19720312.55759993
2025-11-14 19:44:59.939000+00:00,2025-11-14 19:42:00+00:00,continuous,95360.0,95456.4,95317.9,95319.3,13988416.3547
2025-11-14 19:47:59.944000+00:00,2025-11-14 19:45:00+00:00,continuous,95319.3,95600.8,95233.4,95552.9,28342256.706700083
2025-11-14 19:50:59.976000+00:00,2025-11-14 19:48:00+00:00,continuous,95553.0,95665.6,95402.0,95639.9,19795324.98159999
2025-11-14 19:53:59.674000+00:00,2025-11-14 19:51:00+00:00,continuous,95639.8,95789.1,95605.8,95737.8,27479301.089100007
2025-11-14 19:56:58.877000+00:00,2025-11-14 19:54:00+00:00,continuous,95737.8,95737.8,95540.0,95590.2,14861828.716599977
2025-11-14 19:59:59.876000+00:00,2025-11-14 19:57:00+00:00,continuous,95590.3,95747.7,95563.4,95737.3,8757149.32909999
2025-11-14 20:02:59.705000+00:00,2025-11-14 20:00:00+00:00,continuous,95737.4,95786.2,95670.6,95759.3,17190012.316700045
2025-11-14 20:05:59.975000+00:00,2025-11-14 20:03:00+00:00,continuous,95759.3,95817.0,95611.1,95817.0,16695170.66939995
2025-11-14 20:08:59.720000+00:00,2025-11-14 20:06:00+00:00,continuous,95816.9,95900.0,95595.0,95621.3,22964715.775199983
2025-11-14 20:11:59.939000+00:00,2025-11-14 20:09:00+00:00,continuous,95621.3,95692.1,95500.0,95504.1,18693938.910499983
2025-11-14 20:14:59.781000+00:00,2025-11-14 20:12:00+00:00,continuous,95504.2,95537.2,95317.2,95437.0,28060445.872300018
2025-11-14 20:17:59.874000+00:00,2025-11-14 20:15:00+00:00,continuous,95436.9,95525.0,95400.1,95444.3,12486608.86370001
2025-11-14 20:20:59.852000+00:00,2025-11-14 20:18:00+00:00,continuous,95444.3,95444.3,95282.9,95338.4,27207879.236399993
2025-11-14 20:23:59.858000+00:00,2025-11-14 20:21:00+00:00,continuous,95338.4,95350.5,94959.1,94966.9,67602597.71790013
2025-11-14 20:26:59.982000+00:00,2025-11-14 20:24:00+00:00,continuous,94966.9,95170.6,94966.9,95013.1,30647288.039200045
2025-11-14 20:29:59.763000+00:00,2025-11-14 20:27:00+00:00,continuous,95013.2,95019.4,94850.0,94903.2,43817975.57820019
2025-11-14 20:32:59.258000+00:00,2025-11-14 20:30:00+00:00,continuous,94903.2,94999.5,94845.4,94923.9,42463057.83869992
2025-11-14 20:35:59.882000+00:00,2025-11-14 20:33:00+00:00,continuous,94923.9,95054.6,94847.4,94997.0,52764213.068000354
2025-11-14 20:38:59.843000+00:00,2025-11-14 20:36:00+00:00,continuous,94997.0,95022.4,94710.0,94717.0,49839390.20779981
2025-11-14 20:41:59.981000+00:00,2025-11-14 20:39:00+00:00,continuous,94716.9,94739.8,94222.0,94223.9,265304010.49169958
2025-11-14 20:44:59.790000+00:00,2025-11-14 20:42:00+00:00,continuous,94223.9,94364.7,94150.2,94336.2,105871285.01339942
2025-11-14 20:47:59.894000+00:00,2025-11-14 20:45:00+00:00,continuous,94336.1,94367.0,94177.6,94211.1,58464517.15549996
2025-11-14 20:50:59.925000+00:00,2025-11-14 20:48:00+00:00,continuous,94211.0,94437.6,94177.0,94250.6,62686249.99780003
2025-11-14 20:53:59.846000+00:00,2025-11-14 20:51:00+00:00,continuous,94250.6,94419.3,94157.5,94313.8,50414544.04049988
2025-11-14 20:56:59.851000+00:00,2025-11-14 20:54:00+00:00,continuous,94313.8,94354.2,94200.2,94237.9,43121737.67039985
2025-11-14 20:59:59.687000+00:00,2025-11-14 20:57:00+00:00,continuous,94237.9,94354.5,94170.0,94336.6,50351582.54419998
2025-11-14 21:02:59.956000+00:00,2025-11-14 21:00:00+00:00,continuous,94336.6,94555.2,94179.9,94462.2,59612661.46650003
2025-11-14 21:05:59.865000+00:00,2025-11-14 21:03:00+00:00,continuous,94462.2,94762.5,94456.1,94756.9,107661101.6897006
2025-11-14 21:08:59.985000+00:00,2025-11-14 21:06:00+00:00,continuous,94756.8,94943.3,94669.5,94901.3,71834319.91930035
2025-11-14 21:11:59.988000+00:00,2025-11-14 21:09:00+00:00,continuous,94901.2,94953.8,94713.9,94868.2,37285226.720599875
2025-11-14 21:14:59.881000+00:00,2025-11-14 21:12:00+00:00,continuous,94868.1,94877.2,94734.5,94851.2,23397003.113500025
2025-11-14 21:17:59.839000+00:00,2025-11-14 21:15:00+00:00,continuous,94851.1,94918.8,94790.1,94817.7,30246926.334000036
2025-11-14 21:20:59.893000+00:00,2025-11-14 21:18:00+00:00,continuous,94817.7,94961.5,94811.9,94961.4,25648556.47579985
2025-11-14 21:23:59.640000+00:00,2025-11-14 21:21:00+00:00,continuous,94961.5,95121.8,94909.1,94929.7,61247359.853799835
2025-11-14 21:26:59.871000+00:00,2025-11-14 21:24:00+00:00,continuous,94929.8,94969.1,94780.9,94793.5,24031566.7106
2025-11-14 21:29:59.961000+00:00,2025-11-14 21:27:00+00:00,continuous,94793.5,94826.8,94592.7,94656.0,37041420.306000024
2025-11-14 21:32:59.928000+00:00,2025-11-14 21:30:00+00:00,continuous,94655.9,94782.1,94624.9,94717.7,16800468.032599974
2025-11-14 21:35:59.806000+00:00,2025-11-14 21:33:00+00:00,continuous,94717.8,94786.1,94709.9,94734.3,10587668.538599994
2025-11-14 21:38:59.815000+00:00,2025-11-14 21:36:00+00:00,continuous,94734.3,94782.2,94663.9,94770.0,16045117.936499992
2025-11-14 21:41:59.576000+00:00,2025-11-14 21:39:00+00:00,continuous,94769.9,94790.7,94724.1,94767.0,9463348.841500012
2025-11-14 21:44:59.818000+00:00,2025-11-14 21:42:00+00:00,continuous,94767.1,95015.1,94767.0,94997.4,33008014.492599968
2025-11-14 21:47:59.890000+00:00,2025-11-14 21:45:00+00:00,continuous,94997.4,95127.7,94930.0,95003.2,24768246.951000035
2025-11-14 21:50:59.896000+00:00,2025-11-14 21:48:00+00:00,continuous,95003.0,95040.0,94888.7,94919.2,19537897.202200003
2025-11-14 21:53:59.639000+00:00,2025-11-14 21:51:00+00:00,continuous,94919.2,95000.0,94919.2,94984.0,12802225.111000016
2025-11-14 21:56:59.822000+00:00,2025-11-14 21:54:00+00:00,continuous,94984.0,95028.4,94953.1,95028.4,6725210.623499999
2025-11-14 21:59:59.991000+00:00,2025-11-14 21:57:00+00:00,continuous,95028.4,95091.4,95007.8,95023.3,15848430.083499994
2025-11-14 22:02:59.938000+00:00,2025-11-14 22:00:00+00:00,continuous,95023.3,95111.5,95011.6,95059.8,10500275.109299984
2025-11-14 22:05:59.882000+00:00,2025-11-14 22:03:00+00:00,continuous,95059.9,95280.8,95059.8,95258.7,37873927.65199992
2025-11-14 22:08:59.398000+00:00,2025-11-14 22:06:00+00:00,continuous,95258.8,95342.3,95228.9,95277.2,25020275.830900073
2025-11-14 22:11:59.989000+00:00,2025-11-14 22:09:00+00:00,continuous,95277.2,95277.2,95123.2,95123.3,14712578.350599997
2025-11-14 22:14:59.859000+00:00,2025-11-14 22:12:00+00:00,continuous,95123.4,95123.4,94688.0,94701.0,33217807.456699982
2025-11-14 22:17:59.288000+00:00,2025-11-14 22:15:00+00:00,continuous,94701.0,94902.5,94654.0,94889.9,30142010.337800026
2025-11-14 22:20:59.747000+00:00,2025-11-14 22:18:00+00:00,continuous,94890.0,94944.8,94837.5,94900.6,10621609.747999985
2025-11-14 22:23:59.300000+00:00,2025-11-14 22:21:00+00:00,continuous,94900.5,95085.0,94852.3,94995.1,17517065.02110001
2025-11-14 22:26:59.733000+00:00,2025-11-14 22:24:00+00:00,continuous,94995.0,95037.5,94876.8,95037.5,12000850.725799998
2025-11-14 22:29:59.628000+00:00,2025-11-14 22:27:00+00:00,continuous,95037.5,95288.2,95001.7,95236.6,18119153.93700004
2025-11-14 22:32:59.805000+00:00,2025-11-14 22:30:00+00:00,continuous,95236.5,95434.7,95207.0,95431.9,36083271.92919994
2025-11-14 22:35:59.955000+00:00,2025-11-14 22:33:00+00:00,continuous,95431.9,95440.0,95193.5,95206.4,23344757.767999977
2025-11-14 22:38:59.992000+00:00,2025-11-14 22:36:00+00:00,continuous,95206.6,95340.4,95206.6,95301.0,7447969.798199991
2025-11-14 22:41:59.896000+00:00,2025-11-14 22:39:00+00:00,continuous,95301.1,95307.7,95172.7,95242.6,8149553.337099995
2025-11-14 22:44:59.906000+00:00,2025-11-14 22:42:00+00:00,continuous,95242.6,95440.8,95242.5,95335.0,14922331.219600024
2025-11-14 22:47:59.940000+00:00,2025-11-14 22:45:00+00:00,continuous,95335.0,95445.0,95335.0,95444.9,7469097.727900002
2025-11-14 22:50:59.874000+00:00,2025-11-14 22:48:00+00:00,continuous,95444.9,95452.4,95106.4,95210.8,19061159.142500002
2025-11-14 22:53:59.938000+00:00,2025-11-14 22:51:00+00:00,continuous,95210.8,95250.0,94939.1,94972.4,15869554.202599987
2025-11-14 22:56:59.961000+00:00,2025-11-14 22:54:00+00:00,continuous,94972.4,95067.8,94777.0,94992.7,37170567.10150007
2025-11-14 22:59:59.991000+00:00,2025-11-14 22:57:00+00:00,continuous,94992.6,95150.0,94981.3,95147.6,25001900.375199948
2025-11-14 23:02:59.922000+00:00,2025-11-14 23:00:00+00:00,continuous,95147.5,95147.5,94950.8,95004.5,15070175.81899997
2025-11-14 23:05:59.960000+00:00,2025-11-14 23:03:00+00:00,continuous,95004.5,95004.6,94116.7,94116.8,120362651.73979951
2025-11-14 23:08:59.978000+00:00,2025-11-14 23:06:00+00:00,continuous,94116.7,94354.3,93955.0,94164.0,135342832.2100009
2025-11-14 23:11:59.954000+00:00,2025-11-14 23:09:00+00:00,continuous,94164.1,94625.2,94092.3,94609.8,48986906.26309981
2025-11-14 23:14:59.811000+00:00,2025-11-14 23:12:00+00:00,continuous,94609.9,94660.0,94462.6,94617.2,27632263.192800004
2025-11-14 23:17:59.603000+00:00,2025-11-14 23:15:00+00:00,continuous,94617.3,94705.4,94470.0,94565.9,38025692.26030003
2025-11-14 23:20:59.893000+00:00,2025-11-14 23:18:00+00:00,continuous,94566.0,94756.0,94473.9,94651.1,36735010.39259999
2025-11-14 23:23:59.863000+00:00,2025-11-14 23:21:00+00:00,continuous,94651.0,94651.0,94158.0,94188.1,54296087.06409984
2025-11-14 23:26:59.874000+00:00,2025-11-14 23:24:00+00:00,continuous,94188.2,94366.6,94100.0,94366.6,32473916.56180002
2025-11-14 23:29:59.937000+00:00,2025-11-14 23:27:00+00:00,continuous,94366.6,94440.6,94262.6,94290.1,15617863.263200006
2025-11-14 23:32:59.979000+00:00,2025-11-14 23:30:00+00:00,continuous,94290.2,94407.0,94131.3,94359.3,41625037.69630004
2025-11-14 23:35:59.926000+00:00,2025-11-14 23:33:00+00:00,continuous,94359.2,94372.7,94250.0,94259.7,34486110.23500002
2025-11-14 23:38:59.733000+00:00,2025-11-14 23:36:00+00:00,continuous,94259.6,94588.9,94259.6,94586.3,30873410.790000036
2025-11-14 23:41:59.797000+00:00,2025-11-14 23:39:00+00:00,continuous,94586.4,94644.9,94577.2,94597.0,10496298.346899992
2025-11-14 23:44:59.737000+00:00,2025-11-14 23:42:00+00:00,continuous,94596.9,94645.0,94588.0,94616.8,13062385.84249999
2025-11-14 23:47:59.838000+00:00,2025-11-14 23:45:00+00:00,continuous,94616.7,94824.1,94616.7,94804.0,24315630.69380003
2025-11-14 23:50:59.877000+00:00,2025-11-14 23:48:00+00:00,continuous,94804.0,94959.2,94800.0,94904.5,34656654.83489995
2025-11-14 23:53:59.843000+00:00,2025-11-14 23:51:00+00:00,continuous,94904.2,94946.6,94583.9,94634.9,31567492.57690007
2025-11-14 23:56:59.866000+00:00,2025-11-14 23:54:00+00:00,continuous,94635.0,94654.6,94400.0,94400.0,29820059.938699946
2025-11-14 23:59:59.796000+00:00,2025-11-14 23:57:00+00:00,continuous,94400.0,94558.6,94340.0,94544.9,46691077.69989997
2025-11-15 00:02:59.956000+00:00,2025-11-15 00:00:00+00:00,continuous,94544.9,94900.0,94523.9,94900.0,39135930.10240003
2025-11-15 00:05:59.958000+00:00,2025-11-15 00:03:00+00:00,continuous,94900.0,94963.8,94756.8,94756.9,43138521.21860005
2025-11-15 00:08:59.892000+00:00,2025-11-15 00:06:00+00:00,continuous,94756.8,95250.4,94750.7,95214.9,77021459.0374999
2025-11-15 00:11:59.966000+00:00,2025-11-15 00:09:00+00:00,continuous,95214.8,95220.9,95000.3,95202.5,41298618.578199856
2025-11-15 00:14:59.978000+00:00,2025-11-15 00:12:00+00:00,continuous,95202.6,95305.8,95098.4,95177.4,38180798.1159001
2025-11-15 00:17:59.790000+00:00,2025-11-15 00:15:00+00:00,continuous,95177.4,95248.3,95096.2,95170.0,32265779.883700095
2025-11-15 00:20:59.580000+00:00,2025-11-15 00:18:00+00:00,continuous,95170.0,95323.6,95087.5,95237.8,34320900.15789986
2025-11-15 00:23:59.879000+00:00,2025-11-15 00:21:00+00:00,continuous,95237.9,95316.0,95185.0,95287.6,24209107.18539999
2025-11-15 00:26:59.945000+00:00,2025-11-15 00:24:00+00:00,continuous,95287.6,95387.8,95224.5,95323.5,56663340.987399995
2025-11-15 00:29:59.643000+00:00,2025-11-15 00:27:00+00:00,continuous,95323.5,95395.3,95192.8,95335.1,44874244.1445
2025-11-15 00:32:59.688000+00:00,2025-11-15 00:30:00+00:00,continuous,95335.1,95343.8,95065.3,95067.5,24172609.177099973
2025-11-15 00:35:59.598000+00:00,2025-11-15 00:33:00+00:00,continuous,95067.5,95067.5,94930.8,94943.4,29301468.16880006
2025-11-15 00:38:59.562000+00:00,2025-11-15 00:36:00+00:00,continuous,94943.4,95003.2,94911.5,94932.2,21472971.26220007
2025-11-15 00:41:59.759000+00:00,2025-11-15 00:39:00+00:00,continuous,94932.1,95006.2,94884.1,94941.3,18846468.991100024
2025-11-15 00:44:59.949000+00:00,2025-11-15 00:42:00+00:00,continuous,94941.3,94986.3,94867.6,94930.0,17770551.527900018
2025-11-15 00:47:59.985000+00:00,2025-11-15 00:45:00+00:00,continuous,94930.1,94970.2,94722.0,94886.8,27628043.555500012
2025-11-15 00:50:59.837000+00:00,2025-11-15 00:48:00+00:00,continuous,94886.8,94886.8,94669.4,94684.8,19770722.279399905
2025-11-15 00:53:59.891000+00:00,2025-11-15 00:51:00+00:00,continuous,94684.8,94835.8,94684.8,94772.3,12143514.545400036
2025-11-15 00:56:59.569000+00:00,2025-11-15 00:54:00+00:00,continuous,94772.3,95137.7,94721.5,95024.7,26774463.18190009
2025-11-15 00:59:59.893000+00:00,2025-11-15 00:57:00+00:00,continuous,95024.8,95132.7,95024.7,95120.0,13227317.58019998
2025-11-15 01:02:59.955000+00:00,2025-11-15 01:00:00+00:00,continuous,95120.0,95151.1,94837.9,94837.9,22483749.377899975
2025-11-15 01:05:59.963000+00:00,2025-11-15 01:03:00+00:00,continuous,94837.9,94900.6,94715.5,94781.2,17402042.6093
2025-11-15 01:08:59.929000+00:00,2025-11-15 01:06:00+00:00,continuous,94781.2,94957.2,94742.1,94957.2,19783311.432300057
2025-11-15 01:11:59.788000+00:00,2025-11-15 01:09:00+00:00,continuous,94957.2,94994.4,94885.8,94950.1,22555927.210400056
2025-11-15 01:14:59.856000+00:00,2025-11-15 01:12:00+00:00,continuous,94950.1,95113.4,94876.4,95048.7,16290500.614099981
2025-11-15 01:17:59.918000+00:00,2025-11-15 01:15:00+00:00,continuous,95048.8,95238.5,95036.2,95193.3,25457980.988200016
2025-11-15 01:20:59.996000+00:00,2025-11-15 01:18:00+00:00,continuous,95193.3,95288.9,95164.3,95223.3,22156681.903000023
2025-11-15 01:23:59.877000+00:00,2025-11-15 01:21:00+00:00,continuous,95223.2,95223.2,95069.9,95103.3,20026937.30319994
2025-11-15 01:26:59.705000+00:00,2025-11-15 01:24:00+00:00,continuous,95103.3,95124.7,95059.6,95059.7,10614595.662300002
2025-11-15 01:29:59.748000+00:00,2025-11-15 01:27:00+00:00,continuous,95059.6,95128.3,95017.9,95088.6,22023492.93710001
2025-11-15 01:32:59.713000+00:00,2025-11-15 01:30:00+00:00,continuous,95088.6,95249.5,95088.5,95215.3,16107257.263900016
2025-11-15 01:35:59.593000+00:00,2025-11-15 01:33:00+00:00,continuous,95215.3,95294.8,95162.2,95242.5,19275700.504400063
2025-11-15 01:38:59.970000+00:00,2025-11-15 01:36:00+00:00,continuous,95242.6,95374.3,95217.3,95317.4,24514795.65009998
2025-11-15 01:41:59.597000+00:00,2025-11-15 01:39:00+00:00,continuous,95317.2,95400.0,95279.9,95328.3,22659948.328199964
2025-11-15 01:44:59.852000+00:00,2025-11-15 01:42:00+00:00,continuous,95328.4,95413.3,95328.2,95395.0,18550706.32080003
2025-11-15 01:47:59.795000+00:00,2025-11-15 01:45:00+00:00,continuous,95395.1,95426.1,95304.5,95356.6,19460049.764000017
2025-11-15 01:50:59.571000+00:00,2025-11-15 01:48:00+00:00,continuous,95356.6,95435.0,95329.9,95412.8,16015020.950800013
2025-11-15 01:53:59.796000+00:00,2025-11-15 01:51:00+00:00,continuous,95412.8,95557.3,95248.9,95519.6,63346407.2936999
2025-11-15 01:56:59.730000+00:00,2025-11-15 01:54:00+00:00,continuous,95519.5,95766.5,95429.0,95563.3,127395714.39629966
2025-11-15 01:59:59.917000+00:00,2025-11-15 01:57:00+00:00,continuous,95563.2,95650.0,95518.1,95617.0,24020835.308500048
2025-11-15 02:02:59.968000+00:00,2025-11-15 02:00:00+00:00,continuous,95617.0,95637.9,95443.4,95482.9,19332575.54690004
2025-11-15 02:05:59.746000+00:00,2025-11-15 02:03:00+00:00,continuous,95482.8,95506.1,95426.1,95466.1,9582170.154900013
2025-11-15 02:08:59.191000+00:00,2025-11-15 02:06:00+00:00,continuous,95466.1,95494.9,95389.3,95419.9,12017069.678699994
2025-11-15 02:11:59.577000+00:00,2025-11-15 02:09:00+00:00,continuous,95419.9,95465.6,95379.8,95438.8,11961922.038600031
2025-11-15 02:14:59.349000+00:00,2025-11-15 02:12:00+00:00,continuous,95438.9,95505.6,95421.3,95452.2,9408869.395299986
2025-11-15 02:17:59.934000+00:00,2025-11-15 02:15:00+00:00,continuous,95452.1,95655.4,95374.8,95655.4,15582931.345599975
2025-11-15 02:20:59.998000+00:00,2025-11-15 02:18:00+00:00,continuous,95655.4,95765.0,95550.4,95700.7,31611453.51839998
2025-11-15 02:23:59.923000+00:00,2025-11-15 02:21:00+00:00,continuous,95700.6,95775.5,95567.4,95715.6,25941066.817099962
2025-11-15 02:26:59.938000+00:00,2025-11-15 02:24:00+00:00,continuous,95715.5,95754.1,95696.8,95729.3,15784601.472599968
2025-11-15 02:29:59.832000+00:00,2025-11-15 02:27:00+00:00,continuous,95729.4,95849.1,95690.0,95844.7,31201921.958399978
2025-11-15 02:32:59.894000+00:00,2025-11-15 02:30:00+00:00,continuous,95844.8,95847.3,95595.0,95700.1,32090389.042399973
2025-11-15 02:35:59.894000+00:00,2025-11-15 02:33:00+00:00,continuous,95700.0,95790.1,95644.5,95714.9,26659877.24719995
2025-11-15 02:38:59.531000+00:00,2025-11-15 02:36:00+00:00,continuous,95714.8,95800.0,95686.6,95770.9,16682441.914200002
2025-11-15 02:41:59.893000+00:00,2025-11-15 02:39:00+00:00,continuous,95770.9,95983.7,95759.3,95927.1,50616767.11239992
2025-11-15 02:44:59.998000+00:00,2025-11-15 02:42:00+00:00,continuous,95927.0,96182.5,95896.5,96106.0,106827598.72749978
2025-11-15 02:47:59.714000+00:00,2025-11-15 02:45:00+00:00,continuous,96106.1,96114.5,95876.5,95930.0,97752399.51779969
2025-11-15 02:50:59.716000+00:00,2025-11-15 02:48:00+00:00,continuous,95930.0,95981.3,95875.5,95963.5,23444108.98440001
2025-11-15 02:53:59.967000+00:00,2025-11-15 02:51:00+00:00,continuous,95963.5,96200.0,95923.0,96140.0,39892577.04410006
2025-11-15 02:56:59.912000+00:00,2025-11-15 02:54:00+00:00,continuous,96140.0,96175.1,96015.5,96159.5,26474000.676099934
2025-11-15 02:59:59.898000+00:00,2025-11-15 02:57:00+00:00,continuous,96159.5,96474.6,96151.9,96452.5,79923277.06929973
2025-11-15 03:02:59.830000+00:00,2025-11-15 03:00:00+00:00,continuous,96452.4,96452.5,96253.3,96334.6,46147949.69619997
2025-11-15 03:05:59.895000+00:00,2025-11-15 03:03:00+00:00,continuous,96334.7,96345.1,96156.0,96247.9,41907510.452299945
2025-11-15 03:08:59.564000+00:00,2025-11-15 03:06:00+00:00,continuous,96248.0,96324.0,96206.5,96290.7,24514433.62539991
2025-11-15 03:11:59.417000+00:00,2025-11-15 03:09:00+00:00,continuous,96290.8,96332.9,96265.7,96303.9,18507162.903499987
2025-11-15 03:14:59.893000+00:00,2025-11-15 03:12:00+00:00,continuous,96303.9,96497.6,96297.6,96482.4,35459505.86159999
2025-11-15 03:17:59.571000+00:00,2025-11-15 03:15:00+00:00,continuous,96482.3,96498.0,96376.1,96397.4,36289690.85469996
2025-11-15 03:20:59.960000+00:00,2025-11-15 03:18:00+00:00,continuous,96397.4,96565.7,96344.0,96527.1,42728200.51160017
2025-11-15 03:23:59.804000+00:00,2025-11-15 03:21:00+00:00,continuous,96527.0,96627.3,96500.0,96606.1,47999986.94189998
2025-11-15 03:26:59.962000+00:00,2025-11-15 03:24:00+00:00,continuous,96606.1,96715.1,96565.7,96635.9,56946167.51489996
2025-11-15 03:29:59.962000+00:00,2025-11-15 03:27:00+00:00,continuous,96636.0,96800.0,96617.5,96619.1,69354247.04329972
2025-11-15 03:32:59.903000+00:00,2025-11-15 03:30:00+00:00,continuous,96619.2,96657.1,96475.4,96528.2,35708734.55320008
2025-11-15 03:35:59.936000+00:00,2025-11-15 03:33:00+00:00,continuous,96528.2,96528.3,96288.0,96299.9,73186683.4932002
2025-11-15 03:38:59.947000+00:00,2025-11-15 03:36:00+00:00,continuous,96299.9,96331.6,96185.2,96272.7,46247619.364499874
2025-11-15 03:41:59.913000+00:00,2025-11-15 03:39:00+00:00,continuous,96272.7,96290.1,96112.0,96119.5,43629942.94870007
2025-11-15 03:44:59.912000+00:00,2025-11-15 03:42:00+00:00,continuous,96119.5,96363.1,96100.8,96286.6,42177615.84439992
2025-11-15 03:47:59.998000+00:00,2025-11-15 03:45:00+00:00,continuous,96286.6,96316.4,96187.6,96229.2,25678184.541199956
2025-11-15 03:50:59.932000+00:00,2025-11-15 03:48:00+00:00,continuous,96229.3,96283.4,96209.7,96249.9,15716353.454999996
2025-11-15 03:53:59.894000+00:00,2025-11-15 03:51:00+00:00,continuous,96249.9,96274.6,96214.6,96265.7,12715369.214800011
2025-11-15 03:56:59.998000+00:00,2025-11-15 03:54:00+00:00,continuous,96265.6,96346.9,96260.1,96332.5,14897028.615699979
2025-11-15 03:59:59.947000+00:00,2025-11-15 03:57:00+00:00,continuous,96332.4,96400.0,96332.4,96388.5,18279922.88659998
2025-11-15 04:02:59.973000+00:00,2025-11-15 04:00:00+00:00,continuous,96388.5,96388.6,96306.6,96363.7,14784236.225499975
2025-11-15 04:05:59.970000+00:00,2025-11-15 04:03:00+00:00,continuous,96363.8,96375.2,96224.7,96224.7,17843263.124699976
2025-11-15 04:08:59.821000+00:00,2025-11-15 04:06:00+00:00,continuous,96224.2,96224.2,96097.1,96111.7,27981256.488400076
2025-11-15 04:11:59.912000+00:00,2025-11-15 04:09:00+00:00,continuous,96111.8,96176.8,96066.1,96135.0,27398520.438500024
2025-11-15 04:14:59.961000+00:00,2025-11-15 04:12:00+00:00,continuous,96134.9,96281.4,96134.9,96226.6,13298829.919700027
2025-11-15 04:17:59.953000+00:00,2025-11-15 04:15:00+00:00,continuous,96226.6,96486.0,96226.6,96478.0,24850307.73170002
2025-11-15 04:20:59.968000+00:00,2025-11-15 04:18:00+00:00,continuous,96478.3,96488.0,96393.6,96401.1,13768811.239700025
2025-11-15 04:23:59.922000+00:00,2025-11-15 04:21:00+00:00,continuous,96401.2,96451.7,96220.9,96282.0,15861898.529999979
2025-11-15 04:26:59.845000+00:00,2025-11-15 04:24:00+00:00,continuous,96281.9,96289.9,96153.6,96157.3,13372403.417
2025-11-15 04:29:59.892000+00:00,2025-11-15 04:27:00+00:00,continuous,96157.3,96170.7,96027.5,96057.9,39257257.689599946
2025-11-15 04:32:59.768000+00:00,2025-11-15 04:30:00+00:00,continuous,96058.0,96127.3,95990.6,95990.6,18932627.445899963
2025-11-15 04:35:59.770000+00:00,2025-11-15 04:33:00+00:00,continuous,95990.6,96071.5,95928.1,96068.0,32505273.95479998
2025-11-15 04:38:59.980000+00:00,2025-11-15 04:36:00+00:00,continuous,96068.0,96154.0,96055.8,96055.8,11407377.683400007
2025-11-15 04:41:59.852000+00:00,2025-11-15 04:39:00+00:00,continuous,96055.8,96055.9,95973.6,96009.8,17698099.417799994
2025-11-15 04:44:59.884000+00:00,2025-11-15 04:42:00+00:00,continuous,96009.8,96041.2,95932.6,95932.6,19725579.628500044
2025-11-15 04:47:59.917000+00:00,2025-11-15 04:45:00+00:00,continuous,95932.6,95976.8,95900.1,95976.7,16490948.227500018
2025-11-15 04:50:59.523000+00:00,2025-11-15 04:48:00+00:00,continuous,95976.8,96033.4,95966.0,96000.0,13735536.505400017
2025-11-15 04:53:59.936000+00:00,2025-11-15 04:51:00+00:00,continuous,96000.0,96097.1,95985.0,96083.7,15016872.758599998
2025-11-15 04:56:59.405000+00:00,2025-11-15 04:54:00+00:00,continuous,96083.5,96170.0,96041.4,96100.0,17817723.344399936
2025-11-15 04:59:59.739000+00:00,2025-11-15 04:57:00+00:00,continuous,96100.0,96138.7,96071.1,96077.4,7836303.427300009
2025-11-15 05:02:59.949000+00:00,2025-11-15 05:00:00+00:00,continuous,96077.4,96113.8,96067.6,96067.7,6995597.4002
2025-11-15 05:05:59.987000+00:00,2025-11-15 05:03:00+00:00,continuous,96067.6,96120.0,96050.0,96119.9,8526875.436200006
2025-11-15 05:08:59.400000+00:00,2025-11-15 05:06:00+00:00,continuous,96120.0,96210.0,96100.0,96100.0,13651019.345599992
2025-11-15 05:11:59.967000+00:00,2025-11-15 05:09:00+00:00,continuous,96100.1,96115.8,96056.6,96056.6,7367738.845700004
2025-11-15 05:14:59.755000+00:00,2025-11-15 05:12:00+00:00,continuous,96056.5,96056.5,95941.0,95981.2,13546917.528599983
2025-11-15 05:17:59.702000+00:00,2025-11-15 05:15:00+00:00,continuous,95981.3,96189.9,95969.2,96168.5,9590514.973699993
2025-11-15 05:20:59.994000+00:00,2025-11-15 05:18:00+00:00,continuous,96168.5,96200.0,96120.0,96166.9,10360461.8062
2025-11-15 05:23:59.191000+00:00,2025-11-15 05:21:00+00:00,continuous,96167.0,96179.6,96061.1,96061.2,11567685.990500005
2025-11-15 05:26:59.352000+00:00,2025-11-15 05:24:00+00:00,continuous,96061.1,96075.2,96014.4,96060.0,10298601.864100022
2025-11-15 05:29:59.745000+00:00,2025-11-15 05:27:00+00:00,continuous,96060.0,96071.2,96018.9,96047.5,5070950.039599995
2025-11-15 05:32:59.960000+00:00,2025-11-15 05:30:00+00:00,continuous,96047.5,96112.9,95980.0,95980.0,28169001.19639999
2025-11-15 05:35:57.776000+00:00,2025-11-15 05:33:00+00:00,continuous,95980.0,96123.8,95966.3,96019.0,116183083.40150017
2025-11-15 05:38:59.976000+00:00,2025-11-15 05:36:00+00:00,continuous,96019.0,96073.8,96002.7,96002.8,6088421.297199998
2025-11-15 05:41:59.868000+00:00,2025-11-15 05:39:00+00:00,continuous,96002.7,96002.8,95947.3,95999.9,9882927.590700006
2025-11-15 05:44:59.677000+00:00,2025-11-15 05:42:00+00:00,continuous,96000.0,96126.3,95999.9,96124.6,6490020.801599996
2025-11-15 05:47:59.906000+00:00,2025-11-15 05:45:00+00:00,continuous,96124.6,96241.5,96088.8,96191.8,12887850.375299998
2025-11-15 05:50:59.610000+00:00,2025-11-15 05:48:00+00:00,continuous,96191.9,96224.1,96160.6,96200.5,7244082.068600004
2025-11-15 05:53:59.676000+00:00,2025-11-15 05:51:00+00:00,continuous,96200.5,96343.8,96200.5,96307.1,26360570.356800016
2025-11-15 05:56:59.929000+00:00,2025-11-15 05:54:00+00:00,continuous,96307.2,96389.8,96307.1,96350.3,25227829.63620001
2025-11-15 05:59:59.845000+00:00,2025-11-15 05:57:00+00:00,continuous,96350.3,96350.3,96271.0,96304.0,8910126.733099993
2025-11-15 06:02:59.732000+00:00,2025-11-15 06:00:00+00:00,continuous,96304.1,96305.8,96272.7,96297.8,5912210.8055000035
2025-11-15 06:05:59.999000+00:00,2025-11-15 06:03:00+00:00,continuous,96297.8,96347.5,96206.2,96304.8,22926536.392999977
2025-11-15 06:08:59.901000+00:00,2025-11-15 06:06:00+00:00,continuous,96304.7,96415.5,96266.0,96401.5,13534976.477300012
2025-11-15 06:11:59.944000+00:00,2025-11-15 06:09:00+00:00,continuous,96401.5,96409.0,96347.2,96400.9,9903947.923799993
2025-11-15 06:14:59.668000+00:00,2025-11-15 06:12:00+00:00,continuous,96400.9,96435.8,96371.4,96371.4,13778646.988699999
2025-11-15 06:17:59.691000+00:00,2025-11-15 06:15:00+00:00,continuous,96371.4,96430.7,96331.2,96419.8,8877480.881199997
2025-11-15 06:20:59.850000+00:00,2025-11-15 06:18:00+00:00,continuous,96419.8,96458.2,96413.8,96426.6,16301858.755600007
2025-11-15 06:23:59.973000+00:00,2025-11-15 06:21:00+00:00,continuous,96426.5,96454.0,96398.5,96454.0,7084696.10950001
2025-11-15 06:26:59.983000+00:00,2025-11-15 06:24:00+00:00,continuous,96454.0,96466.0,96398.9,96399.0,9279728.756600015
2025-11-15 06:29:59.887000+00:00,2025-11-15 06:27:00+00:00,continuous,96399.0,96399.0,96325.6,96371.9,10366934.038800007
2025-11-15 06:32:59.285000+00:00,2025-11-15 06:30:00+00:00,continuous,96371.9,96439.1,96343.2,96438.9,12268770.351400014
2025-11-15 06:35:59.498000+00:00,2025-11-15 06:33:00+00:00,continuous,96439.0,96457.4,96409.0,96443.8,6621153.070399993
2025-11-15 06:38:59.634000+00:00,2025-11-15 06:36:00+00:00,continuous,96443.8,96543.8,96435.9,96500.0,14456015.999200005
2025-11-15 06:41:59.783000+00:00,2025-11-15 06:39:00+00:00,continuous,96500.0,96500.1,96280.3,96280.3,11782822.540900007
2025-11-15 06:44:59.998000+00:00,2025-11-15 06:42:00+00:00,continuous,96280.3,96280.3,96038.5,96071.2,26038393.37429992
2025-11-15 06:47:59.993000+00:00,2025-11-15 06:45:00+00:00,continuous,96071.2,96129.2,95906.7,96100.0,49101697.10979992
2025-11-15 06:50:59.356000+00:00,2025-11-15 06:48:00+00:00,continuous,96100.0,96121.0,96024.4,96056.2,22341710.98470003
2025-11-15 06:53:59.974000+00:00,2025-11-15 06:51:00+00:00,continuous,96056.1,96243.2,96056.1,96230.4,16541117.042599991
2025-11-15 06:56:59.696000+00:00,2025-11-15 06:54:00+00:00,continuous,96230.4,96294.8,96189.5,96189.5,16346122.704399982
2025-11-15 06:59:59.965000+00:00,2025-11-15 06:57:00+00:00,continuous,96189.5,96189.6,96071.8,96093.5,16031526.611999968
2025-11-15 07:02:59.162000+00:00,2025-11-15 07:00:00+00:00,continuous,96093.4,96093.5,95968.1,96010.6,21151847.736199956
2025-11-15 07:05:59.521000+00:00,2025-11-15 07:03:00+00:00,continuous,96010.7,96061.5,95925.8,95997.5,20641984.126299962
2025-11-15 07:08:59.888000+00:00,2025-11-15 07:06:00+00:00,continuous,95997.4,96077.0,95979.8,96027.0,14080838.985999994
2025-11-15 07:11:59.829000+00:00,2025-11-15 07:09:00+00:00,continuous,96027.0,96115.8,96026.9,96104.0,8515433.976200007
2025-11-15 07:14:59.862000+00:00,2025-11-15 07:12:00+00:00,continuous,96104.0,96175.3,96104.0,96117.1,9699612.001600027
2025-11-15 07:17:59.145000+00:00,2025-11-15 07:15:00+00:00,continuous,96117.2,96117.2,96012.1,96054.8,7780106.133499992
2025-11-15 07:20:59.965000+00:00,2025-11-15 07:18:00+00:00,continuous,96054.9,96102.7,96036.4,96046.0,10031731.335499981
2025-11-15 07:23:59.902000+00:00,2025-11-15 07:21:00+00:00,continuous,96046.1,96074.1,95947.5,96072.7,18586383.427800015
2025-11-15 07:26:59.818000+00:00,2025-11-15 07:24:00+00:00,continuous,96072.7,96330.6,96072.6,96320.7,26872338.64840001
2025-11-15 07:29:59.615000+00:00,2025-11-15 07:27:00+00:00,continuous,96320.8,96337.2,96238.2,96297.7,12363402.100199988
2025-11-15 07:32:59.936000+00:00,2025-11-15 07:30:00+00:00,continuous,96297.8,96299.0,96192.3,96239.3,11929811.706499984
2025-11-15 07:35:59.400000+00:00,2025-11-15 07:33:00+00:00,continuous,96239.2,96250.0,96187.3,96201.3,9376275.525399989
2025-11-15 07:38:59.693000+00:00,2025-11-15 07:36:00+00:00,continuous,96201.3,96210.0,96114.1,96138.0,30961578.142199982
2025-11-15 07:41:59.422000+00:00,2025-11-15 07:39:00+00:00,continuous,96138.1,96222.9,96071.1,96103.6,13786092.395499993
2025-11-15 07:44:59.893000+00:00,2025-11-15 07:42:00+00:00,continuous,96103.7,96142.7,96091.5,96120.0,11121289.525799997
2025-11-15 07:47:59.825000+00:00,2025-11-15 07:45:00+00:00,continuous,96120.0,96200.0,96070.8,96199.0,15870434.47160002
2025-11-15 07:50:59.743000+00:00,2025-11-15 07:48:00+00:00,continuous,96199.0,96235.0,96136.2,96235.0,15076612.814500038
2025-11-15 07:53:59.847000+00:00,2025-11-15 07:51:00+00:00,continuous,96235.0,96312.1,96228.6,96275.6,14438861.959300002
2025-11-15 07:56:59.882000+00:00,2025-11-15 07:54:00+00:00,continuous,96275.7,96320.0,96257.8,96283.8,10128953.491099985
2025-11-15 07:59:59.867000+00:00,2025-11-15 07:57:00+00:00,continuous,96283.8,96337.5,96252.4,96289.4,19130665.834500037
2025-11-15 08:02:59.926000+00:00,2025-11-15 08:00:00+00:00,continuous,96289.3,96310.4,95951.0,96109.5,55859537.77889985
2025-11-15 08:05:59.485000+00:00,2025-11-15 08:03:00+00:00,continuous,96109.5,96157.8,96020.0,96049.8,14568723.493000003
2025-11-15 08:08:59.680000+00:00,2025-11-15 08:06:00+00:00,continuous,96049.8,96104.1,96026.4,96104.0,10771733.905800004
2025-11-15 08:11:59.423000+00:00,2025-11-15 08:09:00+00:00,continuous,96104.1,96250.0,96038.0,96193.2,31049217.824700028
2025-11-15 08:14:59.913000+00:00,2025-11-15 08:12:00+00:00,continuous,96193.1,96197.4,96079.1,96111.3,13390536.123999994
2025-11-15 08:17:59.533000+00:00,2025-11-15 08:15:00+00:00,continuous,96111.3,96111.3,96023.7,96078.0,12173646.779299999
2025-11-15 08:20:59.745000+00:00,2025-11-15 08:18:00+00:00,continuous,96078.0,96106.5,96032.0,96082.4,8104631.282500001
2025-11-15 08:23:59.893000+00:00,2025-11-15 08:21:00+00:00,continuous,96082.3,96088.5,95823.1,95885.5,53676716.379900016
2025-11-15 08:26:59.932000+00:00,2025-11-15 08:24:00+00:00,continuous,95885.5,95932.4,95788.2,95792.9,48038655.817400165
2025-11-15 08:29:59.839000+00:00,2025-11-15 08:27:00+00:00,continuous,95793.0,95954.9,95783.3,95947.7,31974192.304099984
2025-11-15 08:32:59.116000+00:00,2025-11-15 08:30:00+00:00,continuous,95947.7,95992.8,95942.7,95974.9,17345788.790299997
2025-11-15 08:35:59.955000+00:00,2025-11-15 08:33:00+00:00,continuous,95974.9,96091.2,95949.5,96091.1,24027664.93049999
2025-11-15 08:38:59.930000+00:00,2025-11-15 08:36:00+00:00,continuous,96091.2,96266.1,96058.8,96092.3,30279353.777299978
2025-11-15 08:41:59.960000+00:00,2025-11-15 08:39:00+00:00,continuous,96092.2,96221.2,96004.5,96020.2,26881360.430699985
2025-11-15 08:44:59.978000+00:00,2025-11-15 08:42:00+00:00,continuous,96020.1,96069.9,95811.9,95876.1,33514057.743699938
2025-11-15 08:47:59.986000+00:00,2025-11-15 08:45:00+00:00,continuous,95876.1,95919.3,95800.0,95825.3,31223670.878900006
2025-11-15 08:50:59.698000+00:00,2025-11-15 08:48:00+00:00,continuous,95825.2,95923.0,95783.6,95900.5,31695773.621599928
2025-11-15 08:53:59.989000+00:00,2025-11-15 08:51:00+00:00,continuous,95900.6,95900.6,95650.0,95677.6,39049323.528099924
2025-11-15 08:56:59.429000+00:00,2025-11-15 08:54:00+00:00,continuous,95676.9,95885.3,95605.9,95804.3,45954598.76489994
2025-11-15 08:59:59.984000+00:00,2025-11-15 08:57:00+00:00,continuous,95804.2,95933.7,95793.7,95878.8,16211770.787100004
2025-11-15 09:02:59.980000+00:00,2025-11-15 09:00:00+00:00,continuous,95878.9,95885.0,95659.2,95672.0,29577348.27230001
2025-11-15 09:05:59.794000+00:00,2025-11-15 09:03:00+00:00,continuous,95672.1,95809.5,95629.9,95809.5,19743185.938900013
2025-11-15 09:08:59.503000+00:00,2025-11-15 09:06:00+00:00,continuous,95809.4,95809.5,95713.7,95748.4,13224963.690300036
2025-11-15 09:11:59.806000+00:00,2025-11-15 09:09:00+00:00,continuous,95748.5,96060.0,95746.1,95994.9,28806619.701400056
2025-11-15 09:14:59.741000+00:00,2025-11-15 09:12:00+00:00,continuous,95995.0,96060.0,95977.6,96030.0,15179860.279000012
2025-11-15 09:17:59.882000+00:00,2025-11-15 09:15:00+00:00,continuous,96030.0,96063.7,95970.0,95970.0,10888439.687199993
2025-11-15 09:20:59.661000+00:00,2025-11-15 09:18:00+00:00,continuous,95970.1,95970.1,95886.6,95944.9,9877097.689999985
2025-11-15 09:23:59.903000+00:00,2025-11-15 09:21:00+00:00,continuous,95944.9,96118.6,95944.8,96102.1,9989452.875099994
2025-11-15 09:26:59.884000+00:00,2025-11-15 09:24:00+00:00,continuous,96102.0,96102.0,96057.1,96059.4,6771504.719
2025-11-15 09:29:59.168000+00:00,2025-11-15 09:27:00+00:00,continuous,96059.5,96069.7,95906.8,95910.1,11509248.52669997
2025-11-15 09:32:59.732000+00:00,2025-11-15 09:30:00+00:00,continuous,95910.1,95928.7,95831.6,95899.9,8432236.6664
2025-11-15 09:35:59.780000+00:00,2025-11-15 09:33:00+00:00,continuous,95900.0,95928.1,95826.4,95928.1,9869464.528000014
2025-11-15 09:38:59.904000+00:00,2025-11-15 09:36:00+00:00,continuous,95928.1,95987.7,95928.0,95957.9,5350466.942599992
2025-11-15 09:41:59.924000+00:00,2025-11-15 09:39:00+00:00,continuous,95957.9,96036.1,95957.8,96005.3,6809437.287800003
2025-11-15 09:44:59.900000+00:00,2025-11-15 09:42:00+00:00,continuous,96005.4,96048.0,95996.9,95996.9,5849832.304999999
2025-11-15 09:47:59.991000+00:00,2025-11-15 09:45:00+00:00,continuous,95996.9,95997.0,95798.6,95798.6,12116338.808100024
2025-11-15 09:50:59.433000+00:00,2025-11-15 09:48:00+00:00,continuous,95798.6,95806.1,95667.8,95769.3,17943820.206799947
2025-11-15 09:53:59.476000+00:00,2025-11-15 09:51:00+00:00,continuous,95769.3,95870.5,95764.8,95830.7,14121836.807399964
2025-11-15 09:56:59.893000+00:00,2025-11-15 09:54:00+00:00,continuous,95830.6,95860.0,95820.7,95859.9,6576815.895399997
2025-11-15 09:59:59.880000+00:00,2025-11-15 09:57:00+00:00,continuous,95859.9,95866.0,95758.0,95774.1,9111462.59610001
2025-11-15 10:02:59.921000+00:00,2025-11-15 10:00:00+00:00,continuous,95774.1,95781.2,95650.9,95697.4,20236946.338299986
2025-11-15 10:05:59.867000+00:00,2025-11-15 10:03:00+00:00,continuous,95697.4,95715.0,95651.5,95704.3,9742471.883999983
2025-11-15 10:08:59.966000+00:00,2025-11-15 10:06:00+00:00,continuous,95704.2,95825.1,95684.3,95753.0,16564181.899399988
2025-11-15 10:11:59.979000+00:00,2025-11-15 10:09:00+00:00,continuous,95752.5,95783.7,95682.6,95740.1,14178013.80399997
2025-11-15 10:14:59.485000+00:00,2025-11-15 10:12:00+00:00,continuous,95740.0,95818.1,95730.9,95815.0,12488983.661600014
2025-11-15 10:17:59.101000+00:00,2025-11-15 10:15:00+00:00,continuous,95814.9,95819.8,95668.0,95751.6,11419598.42750002
2025-11-15 10:20:59.263000+00:00,2025-11-15 10:18:00+00:00,continuous,95751.6,95864.7,95746.5,95762.6,11915544.770499982
2025-11-15 10:23:59.981000+00:00,2025-11-15 10:21:00+00:00,continuous,95762.6,95900.0,95762.6,95823.3,10142967.82679999
2025-11-15 10:26:59.694000+00:00,2025-11-15 10:24:00+00:00,continuous,95823.2,95856.6,95788.5,95804.6,7945537.712599996
2025-11-15 10:29:59.361000+00:00,2025-11-15 10:27:00+00:00,continuous,95804.5,95869.1,95778.0,95834.0,9955249.946599996
2025-11-15 10:32:59.775000+00:00,2025-11-15 10:30:00+00:00,continuous,95833.9,95917.9,95831.7,95885.5,13376494.581700029
2025-11-15 10:35:59.765000+00:00,2025-11-15 10:33:00+00:00,continuous,95885.5,95905.2,95830.9,95830.9,15392153.387399988
2025-11-15 10:38:59.848000+00:00,2025-11-15 10:36:00+00:00,continuous,95830.9,95831.0,95780.0,95808.3,5097976.501399994
2025-11-15 10:41:59.886000+00:00,2025-11-15 10:39:00+00:00,continuous,95808.3,95882.7,95802.4,95882.7,5303212.388799986
2025-11-15 10:44:59.850000+00:00,2025-11-15 10:42:00+00:00,continuous,95882.7,96027.2,95882.7,96010.9,10597973.200900009
2025-11-15 10:47:59.948000+00:00,2025-11-15 10:45:00+00:00,continuous,96010.6,96010.6,95927.7,95992.4,10514297.113999996
2025-11-15 10:50:59.880000+00:00,2025-11-15 10:48:00+00:00,continuous,95992.5,96000.0,95951.0,95969.5,5548067.381000004
2025-11-15 10:53:59.847000+00:00,2025-11-15 10:51:00+00:00,continuous,95969.6,95985.1,95915.2,95961.9,7289962.028700007
2025-11-15 10:56:59.489000+00:00,2025-11-15 10:54:00+00:00,continuous,95961.9,95996.1,95943.6,95971.7,4267480.671899991
2025-11-15 10:59:59.729000+00:00,2025-11-15 10:57:00+00:00,continuous,95971.7,95985.2,95898.8,95912.0,7038612.5909999935
2025-11-15 11:02:59.236000+00:00,2025-11-15 11:00:00+00:00,continuous,95912.0,95939.3,95911.9,95922.7,4345187.211699998
2025-11-15 11:05:59.746000+00:00,2025-11-15 11:03:00+00:00,continuous,95922.7,95949.0,95838.8,95838.9,5680020.037599992
2025-11-15 11:08:59.778000+00:00,2025-11-15 11:06:00+00:00,continuous,95838.8,95854.2,95750.0,95837.4,10787915.934700005
2025-11-15 11:11:59.998000+00:00,2025-11-15 11:09:00+00:00,continuous,95837.5,95862.6,95805.8,95862.6,7380769.661999997
2025-11-15 11:14:59.703000+00:00,2025-11-15 11:12:00+00:00,continuous,95862.6,95880.1,95788.8,95807.3,15647639.18210001
2025-11-15 11:17:59.919000+00:00,2025-11-15 11:15:00+00:00,continuous,95807.3,95821.3,95697.3,95703.3,12651771.552899994
2025-11-15 11:20:59.186000+00:00,2025-11-15 11:18:00+00:00,continuous,95703.4,95804.8,95703.3,95751.0,7666345.332900015
2025-11-15 11:23:59.547000+00:00,2025-11-15 11:21:00+00:00,continuous,95751.1,95772.5,95730.3,95759.8,4985388.1334000025
2025-11-15 11:26:59.738000+00:00,2025-11-15 11:24:00+00:00,continuous,95759.7,95802.6,95743.1,95800.0,4125440.3384999963
2025-11-15 11:29:59.557000+00:00,2025-11-15 11:27:00+00:00,continuous,95800.1,95807.4,95783.4,95798.6,3060416.6826000074
2025-11-15 11:32:59.474000+00:00,2025-11-15 11:30:00+00:00,continuous,95798.5,95807.9,95700.0,95720.4,10044970.720900001
2025-11-15 11:35:58.962000+00:00,2025-11-15 11:33:00+00:00,continuous,95720.4,95784.7,95718.0,95746.0,10710568.274700005
2025-11-15 11:38:59.683000+00:00,2025-11-15 11:36:00+00:00,continuous,95746.0,95855.5,95722.7,95794.3,11390739.82839998
2025-11-15 11:41:59.880000+00:00,2025-11-15 11:39:00+00:00,continuous,95794.3,95810.9,95744.0,95810.8,4052341.833999999
2025-11-15 11:44:59.990000+00:00,2025-11-15 11:42:00+00:00,continuous,95810.8,95830.9,95738.6,95765.7,8035770.342899985
2025-11-15 11:47:59.802000+00:00,2025-11-15 11:45:00+00:00,continuous,95765.6,95765.7,95587.3,95702.1,28848711.728700005
2025-11-15 11:50:59.752000+00:00,2025-11-15 11:48:00+00:00,continuous,95702.1,95707.0,95643.8,95649.7,10532828.0244
2025-11-15 11:53:59.862000+00:00,2025-11-15 11:51:00+00:00,continuous,95649.7,95660.1,95593.1,95632.9,16970619.136300005
2025-11-15 11:56:59.814000+00:00,2025-11-15 11:54:00+00:00,continuous,95632.9,95668.8,95587.8,95650.8,11106525.209800007
2025-11-15 11:59:59.895000+00:00,2025-11-15 11:57:00+00:00,continuous,95650.8,95686.6,95640.0,95657.3,8091568.324099996
2025-11-15 12:02:59.894000+00:00,2025-11-15 12:00:00+00:00,continuous,95657.3,95657.4,95534.1,95615.0,38338515.54369988
2025-11-15 12:05:59.991000+00:00,2025-11-15 12:03:00+00:00,continuous,95615.0,95624.7,95557.8,95584.7,13594110.579599991
2025-11-15 12:08:59.696000+00:00,2025-11-15 12:06:00+00:00,continuous,95584.6,95615.0,95560.6,95573.3,8171756.469499987
2025-11-15 12:11:59.942000+00:00,2025-11-15 12:09:00+00:00,continuous,95573.4,95664.0,95536.2,95664.0,21774845.6391
2025-11-15 12:14:59.691000+00:00,2025-11-15 12:12:00+00:00,continuous,95664.0,95740.0,95636.0,95735.1,13474446.657000039
2025-11-15 12:17:59.992000+00:00,2025-11-15 12:15:00+00:00,continuous,95735.0,95781.6,95688.1,95700.1,11747605.806600012
2025-11-15 12:20:59.915000+00:00,2025-11-15 12:18:00+00:00,continuous,95700.0,95757.1,95614.3,95757.1,11800502.324200014
2025-11-15 12:23:59.703000+00:00,2025-11-15 12:21:00+00:00,continuous,95757.1,95838.3,95694.0,95783.3,18665761.74460001
2025-11-15 12:26:59.841000+00:00,2025-11-15 12:24:00+00:00,continuous,95783.3,95842.6,95769.0,95786.9,8616875.216100004
2025-11-15 12:29:59.357000+00:00,2025-11-15 12:27:00+00:00,continuous,95786.9,95839.2,95786.8,95811.2,7943153.995500001
2025-11-15 12:32:59.790000+00:00,2025-11-15 12:30:00+00:00,continuous,95811.2,95833.0,95737.7,95737.7,9368125.809199989
2025-11-15 12:35:58.932000+00:00,2025-11-15 12:33:00+00:00,continuous,95737.8,95801.1,95732.1,95800.0,5010463.334300001
2025-11-15 12:38:59.819000+00:00,2025-11-15 12:36:00+00:00,continuous,95800.0,95833.2,95752.0,95760.0,6479745.820899997
2025-11-15 12:41:59.321000+00:00,2025-11-15 12:39:00+00:00,continuous,95760.1,95788.3,95737.3,95771.0,5453928.693499996
2025-11-15 12:44:59.465000+00:00,2025-11-15 12:42:00+00:00,continuous,95770.9,95775.4,95607.0,95656.5,14407859.911699984
2025-11-15 12:47:59.897000+00:00,2025-11-15 12:45:00+00:00,continuous,95656.5,95678.4,95610.5,95669.3,6589454.3813999845
2025-11-15 12:50:59.593000+00:00,2025-11-15 12:48:00+00:00,continuous,95669.3,95763.2,95669.3,95683.8,8341431.62620001
2025-11-15 12:53:59.857000+00:00,2025-11-15 12:51:00+00:00,continuous,95683.8,95789.2,95662.8,95772.4,10474555.920199992
2025-11-15 12:56:59.936000+00:00,2025-11-15 12:54:00+00:00,continuous,95772.4,95811.0,95772.3,95793.1,5254687.1234999895
2025-11-15 12:59:59.814000+00:00,2025-11-15 12:57:00+00:00,continuous,95793.2,95793.2,95704.6,95766.1,9181623.810500015
2025-11-15 13:02:59.928000+00:00,2025-11-15 13:00:00+00:00,continuous,95766.1,95766.2,95683.4,95731.3,7034243.87649999
2025-11-15 13:05:59.750000+00:00,2025-11-15 13:03:00+00:00,continuous,95731.3,95738.5,95677.7,95700.8,4607980.572200001
2025-11-15 13:08:59.948000+00:00,2025-11-15 13:06:00+00:00,continuous,95700.7,95922.1,95680.3,95897.0,18255678.277799994
2025-11-15 13:11:59.893000+00:00,2025-11-15 13:09:00+00:00,continuous,95896.9,95905.5,95819.6,95857.7,20070645.621599954
2025-11-15 13:14:59.872000+00:00,2025-11-15 13:12:00+00:00,continuous,95857.7,95893.3,95835.7,95840.0,10188610.103199998
2025-11-15 13:17:59.980000+00:00,2025-11-15 13:15:00+00:00,continuous,95839.9,95952.9,95808.5,95909.9,15171498.559399975
2025-11-15 13:20:59.991000+00:00,2025-11-15 13:18:00+00:00,continuous,95910.0,96009.6,95909.9,96006.1,23520214.10079998
2025-11-15 13:23:59.918000+00:00,2025-11-15 13:21:00+00:00,continuous,96006.1,96131.5,95982.1,96014.2,39340324.11140001
2025-11-15 13:26:59.847000+00:00,2025-11-15 13:24:00+00:00,continuous,96014.2,96127.4,95990.5,96066.2,25238752.199600056
2025-11-15 13:29:59.831000+00:00,2025-11-15 13:27:00+00:00,continuous,96066.1,96066.2,96004.4,96016.3,12875992.536000004
2025-11-15 13:32:59.547000+00:00,2025-11-15 13:30:00+00:00,continuous,96016.2,96037.9,95936.4,96011.2,23087036.94169997
2025-11-15 13:35:59.936000+00:00,2025-11-15 13:33:00+00:00,continuous,96011.3,96055.6,96006.5,96055.6,11027535.3477
2025-11-15 13:38:59.721000+00:00,2025-11-15 13:36:00+00:00,continuous,96055.6,96169.0,96055.6,96154.5,28275682.569099974
2025-11-15 13:41:59.924000+00:00,2025-11-15 13:39:00+00:00,continuous,96154.5,96189.9,96029.9,96030.0,21658374.822700042
2025-11-15 13:44:59.999000+00:00,2025-11-15 13:42:00+00:00,continuous,96029.9,96064.5,96029.9,96042.7,5930726.016400004
2025-11-15 13:47:59.556000+00:00,2025-11-15 13:45:00+00:00,continuous,96042.8,96056.1,95955.7,96037.4,19873125.051199958
2025-11-15 13:50:59.794000+00:00,2025-11-15 13:48:00+00:00,continuous,96037.5,96050.1,95961.5,95969.1,10447112.819200017
2025-11-15 13:53:59.862000+00:00,2025-11-15 13:51:00+00:00,continuous,95969.2,96163.7,95963.2,96159.0,18128576.123700008
2025-11-15 13:56:59.856000+00:00,2025-11-15 13:54:00+00:00,continuous,96159.1,96293.5,96148.0,96173.8,62358593.65799966
2025-11-15 13:59:59.897000+00:00,2025-11-15 13:57:00+00:00,continuous,96173.8,96330.0,96173.8,96325.7,33262826.932899963
2025-11-15 14:02:59.828000+00:00,2025-11-15 14:00:00+00:00,continuous,96325.7,96364.7,96265.6,96302.2,34044453.214499965
2025-11-15 14:05:59.974000+00:00,2025-11-15 14:03:00+00:00,continuous,96302.2,96346.7,96268.0,96346.6,19422586.787599985
2025-11-15 14:08:59.899000+00:00,2025-11-15 14:06:00+00:00,continuous,96346.7,96386.6,96257.7,96286.7,23164879.552800026
2025-11-15 14:11:59.928000+00:00,2025-11-15 14:09:00+00:00,continuous,96286.6,96356.1,96259.8,96356.1,12731290.276400033
2025-11-15 14:14:59.931000+00:00,2025-11-15 14:12:00+00:00,continuous,96356.1,96439.6,96328.0,96403.2,28061370.998700034
2025-11-15 14:17:59.400000+00:00,2025-11-15 14:15:00+00:00,continuous,96403.2,96430.0,96213.8,96247.1,24975021.21400007
2025-11-15 14:20:59.494000+00:00,2025-11-15 14:18:00+00:00,continuous,96247.1,96247.1,96101.7,96162.0,23234850.043200042
2025-11-15 14:23:59.831000+00:00,2025-11-15 14:21:00+00:00,continuous,96162.0,96306.9,96162.0,96235.7,28835008.65550003
2025-11-15 14:26:59.944000+00:00,2025-11-15 14:24:00+00:00,continuous,96235.6,96255.7,96029.7,96107.3,24607314.6031
2025-11-15 14:29:59.932000+00:00,2025-11-15 14:27:00+00:00,continuous,96107.3,96116.9,96062.1,96093.7,11605691.00210001
2025-11-15 14:32:59.592000+00:00,2025-11-15 14:30:00+00:00,continuous,96093.8,96119.1,95953.8,96068.8,32097701.101700015
2025-11-15 14:35:59.609000+00:00,2025-11-15 14:33:00+00:00,continuous,96068.7,96198.1,95996.6,96198.1,24480570.236900046
2025-11-15 14:38:59.910000+00:00,2025-11-15 14:36:00+00:00,continuous,96198.0,96279.1,96198.0,96234.1,19046774.679700032
2025-11-15 14:41:59.626000+00:00,2025-11-15 14:39:00+00:00,continuous,96234.0,96279.3,96099.8,96136.3,13570456.0757
2025-11-15 14:44:59.482000+00:00,2025-11-15 14:42:00+00:00,continuous,96136.3,96169.1,96121.2,96132.0,6004351.173900005
2025-11-15 14:47:59.853000+00:00,2025-11-15 14:45:00+00:00,continuous,96132.1,96132.1,96044.1,96044.1,9428953.05540001
2025-11-15 14:50:59.213000+00:00,2025-11-15 14:48:00+00:00,continuous,96044.1,96139.7,96043.8,96120.8,10814982.31280001
2025-11-15 14:53:59.941000+00:00,2025-11-15 14:51:00+00:00,continuous,96120.8,96300.0,96116.7,96262.0,14704796.96640002
2025-11-15 14:56:59.824000+00:00,2025-11-15 14:54:00+00:00,continuous,96261.9,96267.5,96120.6,96185.0,11703980.404299993
2025-11-15 14:59:59.909000+00:00,2025-11-15 14:57:00+00:00,continuous,96185.1,96206.7,96166.1,96201.8,6403940.02459999
2025-11-15 15:02:59.909000+00:00,2025-11-15 15:00:00+00:00,continuous,96201.8,96218.9,96138.0,96201.6,7252167.787699985
2025-11-15 15:05:59.987000+00:00,2025-11-15 15:03:00+00:00,continuous,96201.7,96201.7,96059.0,96179.4,15485722.985399984
2025-11-15 15:08:59.980000+00:00,2025-11-15 15:06:00+00:00,continuous,96179.3,96294.0,96140.0,96263.4,18825379.982800018
2025-11-15 15:11:59.660000+00:00,2025-11-15 15:09:00+00:00,continuous,96263.4,96351.7,96219.5,96279.5,20580980.060000002
2025-11-15 15:14:59.982000+00:00,2025-11-15 15:12:00+00:00,continuous,96279.8,96295.2,96257.5,96265.8,9040306.203000015
2025-11-15 15:17:59.956000+00:00,2025-11-15 15:15:00+00:00,continuous,96265.8,96265.9,96177.6,96228.0,6645775.677999996
2025-11-15 15:20:59.018000+00:00,2025-11-15 15:18:00+00:00,continuous,96228.0,96289.5,96161.6,96198.4,6411313.853699979
2025-11-15 15:23:59.893000+00:00,2025-11-15 15:21:00+00:00,continuous,96198.5,96210.3,96111.0,96165.2,12575616.6993
2025-11-15 15:26:59.701000+00:00,2025-11-15 15:24:00+00:00,continuous,96165.1,96357.8,96155.3,96347.3,21818686.7594
2025-11-15 15:29:59.902000+00:00,2025-11-15 15:27:00+00:00,continuous,96347.9,96385.0,96325.3,96327.0,11400111.33200002
2025-11-15 15:32:59.851000+00:00,2025-11-15 15:30:00+00:00,continuous,96326.9,96326.9,96059.8,96088.9,27034112.366600018
2025-11-15 15:35:59.893000+00:00,2025-11-15 15:33:00+00:00,continuous,96088.9,96146.1,96088.9,96112.2,6855374.637099987
2025-11-15 15:38:59.917000+00:00,2025-11-15 15:36:00+00:00,continuous,96112.2,96227.0,96112.1,96162.4,11347281.736900022
2025-11-15 15:41:59.205000+00:00,2025-11-15 15:39:00+00:00,continuous,96162.4,96184.5,96112.4,96163.4,9201800.865499994
2025-11-15 15:44:59.799000+00:00,2025-11-15 15:42:00+00:00,continuous,96163.5,96163.5,96134.8,96134.8,3460723.987999999
2025-11-15 15:47:59.932000+00:00,2025-11-15 15:45:00+00:00,continuous,96134.8,96280.1,96131.4,96279.3,15818764.558999978
2025-11-15 15:50:59.729000+00:00,2025-11-15 15:48:00+00:00,continuous,96279.3,96322.2,96247.2,96269.8,9481135.87940002
2025-11-15 15:53:59.903000+00:00,2025-11-15 15:51:00+00:00,continuous,96269.8,96305.5,96254.9,96283.8,12326503.384400003
2025-11-15 15:56:58.244000+00:00,2025-11-15 15:54:00+00:00,continuous,96283.8,96322.2,96280.4,96296.0,7411544.766800007
2025-11-15 15:59:59.874000+00:00,2025-11-15 15:57:00+00:00,continuous,96296.0,96297.7,96153.0,96222.1,11506592.663300015
2025-11-15 16:02:59.838000+00:00,2025-11-15 16:00:00+00:00,continuous,96222.1,96285.1,96103.4,96123.8,28568225.017300006
2025-11-15 16:05:59.992000+00:00,2025-11-15 16:03:00+00:00,continuous,96123.8,96144.5,96043.5,96076.7,14603008.335399956
2025-11-15 16:08:59.912000+00:00,2025-11-15 16:06:00+00:00,continuous,96076.8,96077.0,95677.7,95708.4,114019136.91850056
2025-11-15 16:11:59.799000+00:00,2025-11-15 16:09:00+00:00,continuous,95708.5,95831.7,95691.9,95801.5,22918965.763000004
2025-11-15 16:14:59.988000+00:00,2025-11-15 16:12:00+00:00,continuous,95801.4,95887.1,95791.2,95835.0,12015198.088199979
2025-11-15 16:17:59.945000+00:00,2025-11-15 16:15:00+00:00,continuous,95835.1,95846.5,95700.0,95736.7,18816021.8849
2025-11-15 16:20:59.921000+00:00,2025-11-15 16:18:00+00:00,continuous,95736.6,95806.9,95736.6,95787.9,18168142.194599956
2025-11-15 16:23:59.891000+00:00,2025-11-15 16:21:00+00:00,continuous,95787.9,96000.0,95787.9,95798.0,50748839.376100056
2025-11-15 16:26:59.650000+00:00,2025-11-15 16:24:00+00:00,continuous,95798.0,95836.5,95752.3,95803.2,16366518.09289999
2025-11-15 16:29:59.927000+00:00,2025-11-15 16:27:00+00:00,continuous,95803.1,95810.6,95736.5,95757.5,8004539.083800002
2025-11-15 16:32:59.036000+00:00,2025-11-15 16:30:00+00:00,continuous,95757.4,95760.2,95680.0,95724.2,17218047.27239999
2025-11-15 16:35:59.782000+00:00,2025-11-15 16:33:00+00:00,continuous,95724.2,95875.2,95724.1,95787.3,14086932.435699994
2025-11-15 16:38:59.849000+00:00,2025-11-15 16:36:00+00:00,continuous,95787.4,95900.0,95787.3,95896.4,9611988.48949999
2025-11-15 16:41:59.652000+00:00,2025-11-15 16:39:00+00:00,continuous,95896.3,96015.7,95867.9,96015.7,13741409.571200017
2025-11-15 16:44:59.992000+00:00,2025-11-15 16:42:00+00:00,continuous,96015.7,96057.9,95970.0,96002.7,15426408.172000006
2025-11-15 16:47:59.952000+00:00,2025-11-15 16:45:00+00:00,continuous,96002.7,96099.5,95929.9,96099.5,14543128.437299998
2025-11-15 16:50:59.900000+00:00,2025-11-15 16:48:00+00:00,continuous,96099.4,96106.1,96036.5,96053.9,17855493.304600045
2025-11-15 16:53:59.993000+00:00,2025-11-15 16:51:00+00:00,continuous,96053.9,96143.7,96030.9,96094.9,15001116.924299998
2025-11-15 16:56:59.172000+00:00,2025-11-15 16:54:00+00:00,continuous,96094.8,96153.0,96081.5,96081.5,8532498.321699973
2025-11-15 16:59:59.787000+00:00,2025-11-15 16:57:00+00:00,continuous,96081.5,96111.4,96058.0,96111.4,8992975.837699989
2025-11-15 17:02:59.924000+00:00,2025-11-15 17:00:00+00:00,continuous,96111.4,96186.3,96060.9,96061.0,11867415.156800013
2025-11-15 17:05:59.321000+00:00,2025-11-15 17:03:00+00:00,continuous,96060.9,96176.5,96060.9,96114.6,8687605.658199992
2025-11-15 17:08:59.781000+00:00,2025-11-15 17:06:00+00:00,continuous,96114.6,96130.2,95885.5,95887.5,19154849.50719996
2025-11-15 17:11:59.526000+00:00,2025-11-15 17:09:00+00:00,continuous,95887.4,95935.3,95845.8,95929.5,17262691.751099993
2025-11-15 17:14:59.468000+00:00,2025-11-15 17:12:00+00:00,continuous,95929.5,95929.5,95850.0,95850.0,15183424.414600022
2025-11-15 17:17:59.929000+00:00,2025-11-15 17:15:00+00:00,continuous,95850.0,95929.0,95804.2,95857.9,18767822.32500003
2025-11-15 17:20:59.994000+00:00,2025-11-15 17:18:00+00:00,continuous,95857.9,95943.1,95857.1,95909.6,23944157.761800066
2025-11-15 17:23:59.708000+00:00,2025-11-15 17:21:00+00:00,continuous,95909.7,96187.3,95898.4,96184.0,30630964.47210003
2025-11-15 17:26:59.982000+00:00,2025-11-15 17:24:00+00:00,continuous,96184.0,96362.5,96052.0,96052.0,50029796.552400015
2025-11-15 17:29:59.986000+00:00,2025-11-15 17:27:00+00:00,continuous,96052.1,96084.7,95923.1,95973.1,18358020.679099973
2025-11-15 17:32:59.982000+00:00,2025-11-15 17:30:00+00:00,continuous,95973.1,95989.7,95837.7,95854.0,29925456.33589998
2025-11-15 17:35:59.154000+00:00,2025-11-15 17:33:00+00:00,continuous,95854.1,95933.3,95836.9,95892.7,14304231.73070002
2025-11-15 17:38:59.878000+00:00,2025-11-15 17:36:00+00:00,continuous,95892.7,96060.2,95887.3,95992.1,24736950.272400018
2025-11-15 17:41:59.593000+00:00,2025-11-15 17:39:00+00:00,continuous,95992.2,96056.6,95888.4,95915.3,30467876.490000013
2025-11-15 17:44:59.625000+00:00,2025-11-15 17:42:00+00:00,continuous,95915.3,96048.4,95907.0,96048.3,9025197.921900015
2025-11-15 17:47:59.803000+00:00,2025-11-15 17:45:00+00:00,continuous,96048.3,96168.1,96011.0,96131.1,12117562.453500004
2025-11-15 17:50:59.231000+00:00,2025-11-15 17:48:00+00:00,continuous,96131.1,96262.5,96124.9,96160.8,46709673.389499925
2025-11-15 17:53:59.911000+00:00,2025-11-15 17:51:00+00:00,continuous,96160.7,96170.0,96101.6,96166.0,10801643.640200002
2025-11-15 17:56:59.401000+00:00,2025-11-15 17:54:00+00:00,continuous,96166.0,96166.0,96094.4,96138.1,6938881.5150000015
2025-11-15 17:59:59.936000+00:00,2025-11-15 17:57:00+00:00,continuous,96138.1,96198.0,96126.7,96198.0,7463144.206500005
2025-11-15 18:02:59.999000+00:00,2025-11-15 18:00:00+00:00,continuous,96197.9,96204.2,96108.6,96160.0,13362784.470599962
2025-11-15 18:05:59.304000+00:00,2025-11-15 18:03:00+00:00,continuous,96159.8,96269.0,96157.7,96235.0,12422637.928000014
2025-11-15 18:08:59.988000+00:00,2025-11-15 18:06:00+00:00,continuous,96235.1,96269.1,96177.3,96269.1,13353803.865500003
2025-11-15 18:11:59.776000+00:00,2025-11-15 18:09:00+00:00,continuous,96269.0,96269.0,96152.4,96257.6,12487312.987099977
2025-11-15 18:14:58.939000+00:00,2025-11-15 18:12:00+00:00,continuous,96257.6,96312.0,96222.5,96247.6,14814653.325899987
2025-11-15 18:17:59.797000+00:00,2025-11-15 18:15:00+00:00,continuous,96247.5,96247.5,96133.0,96135.5,7500127.415000001
2025-11-15 18:20:59.998000+00:00,2025-11-15 18:18:00+00:00,continuous,96135.6,96146.0,95988.1,96025.8,14796491.739299996
2025-11-15 18:23:59.729000+00:00,2025-11-15 18:21:00+00:00,continuous,96025.8,96057.3,95899.4,96057.3,44677796.46810007
2025-11-15 18:26:59.973000+00:00,2025-11-15 18:24:00+00:00,continuous,96057.2,96057.3,95977.2,96013.9,7219318.024500001
2025-11-15 18:29:59.331000+00:00,2025-11-15 18:27:00+00:00,continuous,96013.9,96031.1,96004.6,96031.1,4120326.672199998
2025-11-15 18:32:59.925000+00:00,2025-11-15 18:30:00+00:00,continuous,96031.1,96031.1,95960.1,95990.1,15785179.583799988
2025-11-15 18:35:59.886000+00:00,2025-11-15 18:33:00+00:00,continuous,95990.0,96077.9,95990.0,96057.5,3892377.4045
2025-11-15 18:38:59.541000+00:00,2025-11-15 18:36:00+00:00,continuous,96057.6,96157.7,96057.6,96076.8,5797611.920200008
2025-11-15 18:41:59.458000+00:00,2025-11-15 18:39:00+00:00,continuous,96076.8,96091.7,96008.4,96041.7,6782237.621600021
2025-11-15 18:44:59.394000+00:00,2025-11-15 18:42:00+00:00,continuous,96041.7,96109.2,96033.8,96084.1,4602556.332999997
2025-11-15 18:47:59.711000+00:00,2025-11-15 18:45:00+00:00,continuous,96084.1,96084.2,95999.5,96039.6,6651289.062200012
2025-11-15 18:50:59.779000+00:00,2025-11-15 18:48:00+00:00,continuous,96039.7,96096.0,96033.8,96037.0,3319357.1354999985
2025-11-15 18:53:59.757000+00:00,2025-11-15 18:51:00+00:00,continuous,96037.1,96079.4,96016.7,96016.7,3636937.388399999
2025-11-15 18:56:59.750000+00:00,2025-11-15 18:54:00+00:00,continuous,96016.8,96016.8,95932.0,95980.3,9124422.055599976
2025-11-15 18:59:59.999000+00:00,2025-11-15 18:57:00+00:00,continuous,95980.4,96016.7,95964.6,96009.6,6052441.464900007
2025-11-15 19:02:59.694000+00:00,2025-11-15 19:00:00+00:00,continuous,96009.7,96051.2,95984.4,96051.2,3937302.907099998
2025-11-15 19:05:59.335000+00:00,2025-11-15 19:03:00+00:00,continuous,96051.2,96107.0,96048.0,96091.6,3491738.2583000055
2025-11-15 19:08:59.511000+00:00,2025-11-15 19:06:00+00:00,continuous,96091.5,96103.1,96038.4,96090.5,4960528.427100003
2025-11-15 19:11:59.584000+00:00,2025-11-15 19:09:00+00:00,continuous,96090.5,96110.2,96048.4,96048.4,2288968.5514999996
2025-11-15 19:14:59.459000+00:00,2025-11-15 19:12:00+00:00,continuous,96048.4,96101.0,96048.4,96101.0,2699331.090399994
2025-11-15 19:17:59.417000+00:00,2025-11-15 19:15:00+00:00,continuous,96100.9,96100.9,96043.2,96073.8,2910922.7970999987
2025-11-15 19:20:59.662000+00:00,2025-11-15 19:18:00+00:00,continuous,96073.7,96073.7,96039.2,96059.2,2878928.4933999996
2025-11-15 19:23:59.615000+00:00,2025-11-15 19:21:00+00:00,continuous,96059.2,96061.1,96000.0,96007.2,8371029.944
2025-11-15 19:26:59.633000+00:00,2025-11-15 19:24:00+00:00,continuous,96007.1,96009.6,95921.6,95946.6,5114972.254700004
2025-11-15 19:29:59.373000+00:00,2025-11-15 19:27:00+00:00,continuous,95946.5,96024.3,95946.5,96024.1,3400364.0661000055
2025-11-15 19:32:58.229000+00:00,2025-11-15 19:30:00+00:00,continuous,96024.2,96024.2,95981.9,95987.9,4718845.658800001
2025-11-15 19:35:59.852000+00:00,2025-11-15 19:33:00+00:00,continuous,95987.9,95998.3,95875.0,95950.0,17000355.08799999
2025-11-15 19:38:58.964000+00:00,2025-11-15 19:36:00+00:00,continuous,95950.0,95955.2,95893.1,95949.5,3830647.9736999986
2025-11-15 19:41:59.760000+00:00,2025-11-15 19:39:00+00:00,continuous,95949.6,95965.2,95908.3,95965.1,3592097.5381000005
2025-11-15 19:44:58.468000+00:00,2025-11-15 19:42:00+00:00,continuous,95965.2,95975.5,95940.7,95946.5,2743159.6363999937
2025-11-15 19:47:59.889000+00:00,2025-11-15 19:45:00+00:00,continuous,95946.5,95951.5,95882.8,95915.3,5832411.671399996
2025-11-15 19:50:59.531000+00:00,2025-11-15 19:48:00+00:00,continuous,95915.3,95953.6,95915.3,95930.1,2676164.740300002
2025-11-15 19:53:59.652000+00:00,2025-11-15 19:51:00+00:00,continuous,95930.1,95990.0,95929.9,95990.0,3249714.9869000018
2025-11-15 19:56:59.465000+00:00,2025-11-15 19:54:00+00:00,continuous,95990.0,96031.4,95989.9,96006.3,4460870.599099998
2025-11-15 19:59:57.747000+00:00,2025-11-15 19:57:00+00:00,continuous,96006.3,96026.5,95967.6,95967.7,3949567.841900007
2025-11-15 20:02:59.975000+00:00,2025-11-15 20:00:00+00:00,continuous,95967.7,95979.1,95920.6,95920.6,5253035.488399998
2025-11-15 20:05:59.654000+00:00,2025-11-15 20:03:00+00:00,continuous,95920.6,95948.5,95877.7,95877.8,6915025.238500008
2025-11-15 20:08:59.808000+00:00,2025-11-15 20:06:00+00:00,continuous,95877.7,95913.0,95823.0,95829.2,10165673.941699984
2025-11-15 20:11:59.389000+00:00,2025-11-15 20:09:00+00:00,continuous,95829.1,95907.7,95829.1,95837.8,6227172.830799994
2025-11-15 20:14:59.051000+00:00,2025-11-15 20:12:00+00:00,continuous,95837.9,95859.2,95833.8,95833.9,5956812.795599999
2025-11-15 20:17:59.958000+00:00,2025-11-15 20:15:00+00:00,continuous,95833.9,95833.9,95646.9,95700.1,42954128.89249988
2025-11-15 20:20:59.717000+00:00,2025-11-15 20:18:00+00:00,continuous,95700.2,95709.0,95609.0,95702.0,23289940.500800006
2025-11-15 20:23:59.813000+00:00,2025-11-15 20:21:00+00:00,continuous,95701.9,95702.0,95603.5,95677.1,9222335.161100002
2025-11-15 20:26:59.770000+00:00,2025-11-15 20:24:00+00:00,continuous,95677.0,95677.0,95620.0,95640.1,6997597.699500002
2025-11-15 20:29:59.831000+00:00,2025-11-15 20:27:00+00:00,continuous,95640.2,95690.0,95600.1,95690.0,10630535.696900023
2025-11-15 20:32:59.879000+00:00,2025-11-15 20:30:00+00:00,continuous,95689.9,95689.9,95605.1,95671.2,9413256.5593
2025-11-15 20:35:59.647000+00:00,2025-11-15 20:33:00+00:00,continuous,95671.1,95671.1,95607.9,95628.0,7566650.645400002
2025-11-15 20:38:59.148000+00:00,2025-11-15 20:36:00+00:00,continuous,95628.0,95650.0,95539.7,95576.4,25661238.678699985
2025-11-15 20:41:59.880000+00:00,2025-11-15 20:39:00+00:00,continuous,95576.5,95609.5,95524.2,95570.7,11750850.276400005
2025-11-15 20:44:59.756000+00:00,2025-11-15 20:42:00+00:00,continuous,95570.8,95576.8,95351.5,95406.9,83963020.96050014
2025-11-15 20:47:58.739000+00:00,2025-11-15 20:45:00+00:00,continuous,95406.9,95520.2,95406.9,95453.1,19012776.443900008
2025-11-15 20:50:59.441000+00:00,2025-11-15 20:48:00+00:00,continuous,95453.0,95471.1,95308.5,95386.2,40621958.75549994
2025-11-15 20:53:59.842000+00:00,2025-11-15 20:51:00+00:00,continuous,95386.2,95433.6,95072.1,95100.0,77976992.8467
2025-11-15 20:56:59.956000+00:00,2025-11-15 20:54:00+00:00,continuous,95100.0,95225.3,95096.8,95149.9,27268289.7783
2025-11-15 20:59:59.898000+00:00,2025-11-15 20:57:00+00:00,continuous,95150.0,95259.2,95149.9,95249.5,14206744.748599995
2025-11-15 21:02:59.707000+00:00,2025-11-15 21:00:00+00:00,continuous,95249.4,95293.8,95183.3,95200.1,19786326.96660004
2025-11-15 21:05:59.030000+00:00,2025-11-15 21:03:00+00:00,continuous,95200.1,95276.2,95200.0,95266.0,9929313.812900005
2025-11-15 21:08:59.882000+00:00,2025-11-15 21:06:00+00:00,continuous,95266.4,95550.8,95266.4,95457.0,75697860.49539992
2025-11-15 21:11:59.862000+00:00,2025-11-15 21:09:00+00:00,continuous,95456.9,95617.3,95419.6,95580.5,41972231.93620002
2025-11-15 21:14:59.545000+00:00,2025-11-15 21:12:00+00:00,continuous,95580.6,95604.2,95477.6,95536.5,27802272.400099985
2025-11-15 21:17:59.943000+00:00,2025-11-15 21:15:00+00:00,continuous,95536.5,95571.3,95471.1,95488.7,8029590.508600016
2025-11-15 21:20:59.918000+00:00,2025-11-15 21:18:00+00:00,continuous,95488.7,95645.7,95488.7,95549.8,19779419.063899994
2025-11-15 21:23:59.637000+00:00,2025-11-15 21:21:00+00:00,continuous,95549.8,95549.9,95424.7,95492.0,15949655.991999976
2025-11-15 21:26:59.921000+00:00,2025-11-15 21:24:00+00:00,continuous,95492.1,95492.1,95405.0,95415.2,6558314.157999997
2025-11-15 21:29:59.478000+00:00,2025-11-15 21:27:00+00:00,continuous,95414.8,95483.1,95380.0,95380.0,8195419.185000002
2025-11-15 21:32:59.642000+00:00,2025-11-15 21:30:00+00:00,continuous,95380.0,95395.4,95312.6,95348.6,7708049.128199985
2025-11-15 21:35:58.595000+00:00,2025-11-15 21:33:00+00:00,continuous,95348.6,95431.3,95345.2,95394.2,5505047.270499992
2025-11-15 21:38:59.857000+00:00,2025-11-15 21:36:00+00:00,continuous,95394.2,95469.1,95394.2,95469.1,4504900.448699999
2025-11-15 21:41:59.834000+00:00,2025-11-15 21:39:00+00:00,continuous,95469.1,95469.1,95145.4,95188.0,17432837.223600015
2025-11-15 21:44:59.406000+00:00,2025-11-15 21:42:00+00:00,continuous,95188.0,95216.3,95114.7,95194.7,13907311.203399953
2025-11-15 21:47:59.894000+00:00,2025-11-15 21:45:00+00:00,continuous,95194.6,95227.4,95170.0,95207.7,6744832.326400012
2025-11-15 21:50:59.816000+00:00,2025-11-15 21:48:00+00:00,continuous,95207.6,95274.3,95188.8,95204.2,7181549.839799999
2025-11-15 21:53:58.838000+00:00,2025-11-15 21:51:00+00:00,continuous,95204.2,95204.2,95086.8,95127.3,12707854.113600018
2025-11-15 21:56:59.623000+00:00,2025-11-15 21:54:00+00:00,continuous,95127.2,95205.0,95109.6,95205.0,8821400.4067
2025-11-15 21:59:59.874000+00:00,2025-11-15 21:57:00+00:00,continuous,95205.0,95245.4,95183.8,95245.4,6312844.029100007
2025-11-15 22:02:59.462000+00:00,2025-11-15 22:00:00+00:00,continuous,95245.4,95359.8,95186.1,95335.3,11914214.572599988
2025-11-15 22:05:59.759000+00:00,2025-11-15 22:03:00+00:00,continuous,95335.3,95360.2,95303.3,95320.3,5314660.046400015
2025-11-15 22:08:59.808000+00:00,2025-11-15 22:06:00+00:00,continuous,95320.3,95359.3,95308.4,95327.5,6908985.813299996
2025-11-15 22:11:59.927000+00:00,2025-11-15 22:09:00+00:00,continuous,95327.6,95327.6,95245.1,95316.3,9245767.873199997
2025-11-15 22:14:59.915000+00:00,2025-11-15 22:12:00+00:00,continuous,95316.7,95512.7,95304.9,95512.6,10550362.624000007
2025-11-15 22:17:59.996000+00:00,2025-11-15 22:15:00+00:00,continuous,95512.7,95541.1,95434.9,95529.1,10284743.2409
2025-11-15 22:20:59.601000+00:00,2025-11-15 22:18:00+00:00,continuous,95529.2,95566.4,95386.1,95423.5,9759506.630799985
2025-11-15 22:23:59.671000+00:00,2025-11-15 22:21:00+00:00,continuous,95423.5,95587.7,95407.1,95542.3,7173498.046900002
2025-11-15 22:26:59.831000+00:00,2025-11-15 22:24:00+00:00,continuous,95542.2,95619.9,95520.5,95561.4,6750983.055300007
2025-11-15 22:29:59.582000+00:00,2025-11-15 22:27:00+00:00,continuous,95561.4,95619.9,95555.1,95570.5,3855741.217600004
2025-11-15 22:32:59.502000+00:00,2025-11-15 22:30:00+00:00,continuous,95570.5,95610.4,95535.1,95535.1,4679425.223299994
2025-11-15 22:35:58.969000+00:00,2025-11-15 22:33:00+00:00,continuous,95535.2,95535.2,95426.6,95426.6,4148696.084700004
2025-11-15 22:38:59.949000+00:00,2025-11-15 22:36:00+00:00,continuous,95426.7,95551.6,95337.6,95530.3,12355012.343599992
2025-11-15 22:41:59.901000+00:00,2025-11-15 22:39:00+00:00,continuous,95530.3,95530.4,95468.1,95489.8,4819106.846299999
2025-11-15 22:44:59.790000+00:00,2025-11-15 22:42:00+00:00,continuous,95489.7,95489.8,95455.0,95455.0,3281033.6765999994
2025-11-15 22:47:59.164000+00:00,2025-11-15 22:45:00+00:00,continuous,95455.0,95478.7,95421.6,95439.0,9544853.72959999
2025-11-15 22:50:58.188000+00:00,2025-11-15 22:48:00+00:00,continuous,95439.0,95439.1,95363.9,95414.4,5294319.398500003
2025-11-15 22:53:59.567000+00:00,2025-11-15 22:51:00+00:00,continuous,95414.5,95469.0,95414.4,95469.0,2598634.8616000074
2025-11-15 22:56:59.881000+00:00,2025-11-15 22:54:00+00:00,continuous,95469.0,95608.2,95462.4,95576.3,14041785.980099987
2025-11-15 22:59:59.270000+00:00,2025-11-15 22:57:00+00:00,continuous,95576.2,95621.1,95469.1,95577.4,11936320.329699991
2025-11-15 23:02:58.469000+00:00,2025-11-15 23:00:00+00:00,continuous,95577.4,95600.0,95535.6,95540.0,6562683.918799999
2025-11-15 23:05:59.193000+00:00,2025-11-15 23:03:00+00:00,continuous,95539.9,95554.9,95479.8,95519.9,7285569.960599994
2025-11-15 23:08:59.262000+00:00,2025-11-15 23:06:00+00:00,continuous,95519.8,95519.8,95451.3,95451.3,4846732.2040000055
2025-11-15 23:11:59.052000+00:00,2025-11-15 23:09:00+00:00,continuous,95451.3,95494.9,95450.0,95461.5,5155867.057499996
2025-11-15 23:14:59.935000+00:00,2025-11-15 23:12:00+00:00,continuous,95461.5,95527.7,95461.5,95498.9,5296436.0532
2025-11-15 23:17:59.917000+00:00,2025-11-15 23:15:00+00:00,continuous,95498.9,95655.0,95489.9,95645.5,17546991.71320001
2025-11-15 23:20:59.957000+00:00,2025-11-15 23:18:00+00:00,continuous,95645.6,95649.4,95567.9,95625.6,10011180.517200006
2025-11-15 23:23:59.883000+00:00,2025-11-15 23:21:00+00:00,continuous,95625.6,95625.6,95561.2,95595.0,4478180.347199994
2025-11-15 23:26:59.905000+00:00,2025-11-15 23:24:00+00:00,continuous,95595.1,95627.7,95586.3,95617.6,3629410.5368999992
2025-11-15 23:29:59.834000+00:00,2025-11-15 23:27:00+00:00,continuous,95617.6,95644.6,95570.0,95594.0,5835991.144999999
2025-11-15 23:32:58.260000+00:00,2025-11-15 23:30:00+00:00,continuous,95594.1,95629.8,95582.8,95625.5,3519716.4521000013
2025-11-15 23:35:59.072000+00:00,2025-11-15 23:33:00+00:00,continuous,95625.6,95642.0,95605.3,95639.9,4105569.0048999963
2025-11-15 23:38:59.543000+00:00,2025-11-15 23:36:00+00:00,continuous,95640.0,95642.9,95604.6,95609.0,4297323.123600003
2025-11-15 23:41:59.311000+00:00,2025-11-15 23:39:00+00:00,continuous,95609.0,95609.1,95517.6,95517.6,5646296.658100004
2025-11-15 23:44:58.753000+00:00,2025-11-15 23:42:00+00:00,continuous,95517.6,95537.2,95500.0,95526.9,6181319.953399998
2025-11-15 23:47:59.951000+00:00,2025-11-15 23:45:00+00:00,continuous,95526.9,95583.3,95520.0,95583.3,3306704.151700002
2025-11-15 23:50:59.720000+00:00,2025-11-15 23:48:00+00:00,continuous,95583.3,95601.2,95515.1,95520.9,8047581.969399997
2025-11-15 23:53:59.744000+00:00,2025-11-15 23:51:00+00:00,continuous,95520.9,95572.8,95520.8,95572.7,2942848.833100005
2025-11-15 23:56:59.536000+00:00,2025-11-15 23:54:00+00:00,continuous,95572.8,95572.8,95517.8,95534.3,4441729.577800006
2025-11-15 23:59:59.852000+00:00,2025-11-15 23:57:00+00:00,continuous,95534.2,95560.3,95512.6,95560.3,4114724.1258000014
2025-11-16 00:02:59.910000+00:00,2025-11-16 00:00:00+00:00,continuous,95560.4,95627.0,95558.2,95627.0,8702630.622800004
2025-11-16 00:05:59.674000+00:00,2025-11-16 00:03:00+00:00,continuous,95627.0,95672.7,95415.8,95415.9,22841883.152399953
2025-11-16 00:08:59.871000+00:00,2025-11-16 00:06:00+00:00,continuous,95415.9,95458.1,95323.0,95323.0,19641274.40410006
2025-11-16 00:11:59.703000+00:00,2025-11-16 00:09:00+00:00,continuous,95323.1,95400.7,95323.0,95361.7,6527183.490599987
2025-11-16 00:14:59.994000+00:00,2025-11-16 00:12:00+00:00,continuous,95361.6,95388.7,95325.6,95340.4,7404132.325999987
2025-11-16 00:17:59.870000+00:00,2025-11-16 00:15:00+00:00,continuous,95340.4,95348.3,95247.3,95314.1,13771246.107699987
2025-11-16 00:20:59.790000+00:00,2025-11-16 00:18:00+00:00,continuous,95314.1,95314.1,95222.7,95240.4,14930698.873400005
2025-11-16 00:23:59.960000+00:00,2025-11-16 00:21:00+00:00,continuous,95240.5,95286.5,95224.8,95270.3,6708028.9308999935
2025-11-16 00:26:59.864000+00:00,2025-11-16 00:24:00+00:00,continuous,95270.4,95283.7,95200.5,95247.0,7418416.3111
2025-11-16 00:29:59.870000+00:00,2025-11-16 00:27:00+00:00,continuous,95247.0,95259.5,95227.3,95227.4,5202578.76030001
2025-11-16 00:32:59.918000+00:00,2025-11-16 00:30:00+00:00,continuous,95227.4,95240.0,95159.0,95185.9,13087116.987400014
2025-11-16 00:35:59.986000+00:00,2025-11-16 00:33:00+00:00,continuous,95186.0,95314.4,95180.9,95306.8,8661345.688600004
2025-11-16 00:38:59.926000+00:00,2025-11-16 00:36:00+00:00,continuous,95306.8,95308.1,95231.9,95258.9,4402832.313099995
2025-11-16 00:41:59.837000+00:00,2025-11-16 00:39:00+00:00,continuous,95258.9,95361.4,95232.3,95337.6,8332699.920899992
2025-11-16 00:44:59.453000+00:00,2025-11-16 00:42:00+00:00,continuous,95337.5,95423.3,95297.0,95423.3,12356903.059200007
2025-11-16 00:47:59.977000+00:00,2025-11-16 00:45:00+00:00,continuous,95423.2,95446.2,95382.3,95406.0,7823789.973900006
2025-11-16 00:50:59.891000+00:00,2025-11-16 00:48:00+00:00,continuous,95406.1,95499.9,95406.1,95499.8,4327342.541699998
2025-11-16 00:53:59.808000+00:00,2025-11-16 00:51:00+00:00,continuous,95499.9,95540.5,95450.0,95477.9,8786397.166299991
2025-11-16 00:56:59.211000+00:00,2025-11-16 00:54:00+00:00,continuous,95477.9,95528.8,95465.1,95516.2,7545312.073499979
2025-11-16 00:59:59.989000+00:00,2025-11-16 00:57:00+00:00,continuous,95516.3,95516.3,95327.0,95327.0,13138435.88390002
2025-11-16 01:02:59.824000+00:00,2025-11-16 01:00:00+00:00,continuous,95327.1,95327.1,95007.0,95167.8,52634144.46799986
2025-11-16 01:05:59.992000+00:00,2025-11-16 01:03:00+00:00,continuous,95167.8,95200.4,95101.8,95132.1,14563053.071500005
2025-11-16 01:08:59.889000+00:00,2025-11-16 01:06:00+00:00,continuous,95132.0,95258.0,95065.0,95222.4,12168344.751999965
2025-11-16 01:11:59.973000+00:00,2025-11-16 01:09:00+00:00,continuous,95223.0,95432.1,95182.6,95432.1,17786813.578699995
2025-11-16 01:14:59.820000+00:00,2025-11-16 01:12:00+00:00,continuous,95432.1,95461.4,95389.9,95456.2,8399786.5771
2025-11-16 01:17:59.810000+00:00,2025-11-16 01:15:00+00:00,continuous,95456.3,95456.3,95186.2,95231.2,17983103.931300014
2025-11-16 01:20:59.538000+00:00,2025-11-16 01:18:00+00:00,continuous,95231.3,95341.0,95226.5,95296.4,10914975.716099992
2025-11-16 01:23:59.930000+00:00,2025-11-16 01:21:00+00:00,continuous,95296.5,95350.0,95284.1,95328.6,6427069.458099998
2025-11-16 01:26:59.975000+00:00,2025-11-16 01:24:00+00:00,continuous,95328.7,95352.7,95239.4,95320.1,10272401.219000008
2025-11-16 01:29:59.958000+00:00,2025-11-16 01:27:00+00:00,continuous,95320.0,95462.2,95302.8,95408.1,11856627.700100027
2025-11-16 01:32:59.934000+00:00,2025-11-16 01:30:00+00:00,continuous,95408.1,95418.0,95205.9,95225.7,12362881.396699997
2025-11-16 01:35:59.900000+00:00,2025-11-16 01:33:00+00:00,continuous,95225.7,95225.8,95035.5,95132.5,27791560.80160001
2025-11-16 01:38:59.900000+00:00,2025-11-16 01:36:00+00:00,continuous,95132.5,95163.0,95054.6,95062.6,10878464.917599998
2025-11-16 01:41:59.916000+00:00,2025-11-16 01:39:00+00:00,continuous,95062.5,95108.8,94800.0,94953.5,88952576.61490001
2025-11-16 01:44:59.629000+00:00,2025-11-16 01:42:00+00:00,continuous,94953.5,95067.2,94926.1,94969.7,18436585.09880002
2025-11-16 01:47:59.973000+00:00,2025-11-16 01:45:00+00:00,continuous,94969.6,95024.0,94804.5,94869.9,31520950.570099983
2025-11-16 01:50:59.351000+00:00,2025-11-16 01:48:00+00:00,continuous,94870.0,95072.1,94864.4,95072.0,22015626.738400057
2025-11-16 01:53:59.957000+00:00,2025-11-16 01:51:00+00:00,continuous,95072.1,95250.0,95068.8,95224.3,24740430.846900027
2025-11-16 01:56:59.538000+00:00,2025-11-16 01:54:00+00:00,continuous,95224.3,95281.6,95166.4,95281.6,26080850.285599947
2025-11-16 01:59:59.764000+00:00,2025-11-16 01:57:00+00:00,continuous,95281.6,95360.0,95243.7,95243.7,17691466.793700002
2025-11-16 02:02:59.688000+00:00,2025-11-16 02:00:00+00:00,continuous,95243.7,95253.5,95105.1,95141.1,20790180.182200026
2025-11-16 02:05:59.283000+00:00,2025-11-16 02:03:00+00:00,continuous,95141.1,95193.6,95111.9,95142.5,9607476.358699996
2025-11-16 02:08:59.997000+00:00,2025-11-16 02:06:00+00:00,continuous,95142.6,95150.4,95055.0,95150.4,11380483.480999986
2025-11-16 02:11:59.932000+00:00,2025-11-16 02:09:00+00:00,continuous,95150.5,95420.0,95150.5,95366.7,29944042.997400045
2025-11-16 02:14:59.216000+00:00,2025-11-16 02:12:00+00:00,continuous,95366.8,95429.3,95251.2,95251.3,13546671.980200019
2025-11-16 02:17:59.989000+00:00,2025-11-16 02:15:00+00:00,continuous,95251.3,95422.3,95251.3,95414.2,17430633.899699986
2025-11-16 02:20:59.922000+00:00,2025-11-16 02:18:00+00:00,continuous,95414.2,95473.8,95414.2,95451.7,22291714.31760003
2025-11-16 02:23:59.667000+00:00,2025-11-16 02:21:00+00:00,continuous,95451.7,95451.7,95321.1,95354.5,13601176.081899984
2025-11-16 02:26:59.637000+00:00,2025-11-16 02:24:00+00:00,continuous,95354.4,95375.3,95314.8,95364.2,5454823.924300002
2025-11-16 02:29:59.969000+00:00,2025-11-16 02:27:00+00:00,continuous,95364.3,95773.2,95364.2,95626.0,74616726.04170007
2025-11-16 02:32:59.768000+00:00,2025-11-16 02:30:00+00:00,continuous,95625.9,95692.5,95555.1,95567.1,20692269.215399977
2025-11-16 02:35:59.494000+00:00,2025-11-16 02:33:00+00:00,continuous,95567.1,95676.7,95559.4,95600.0,14906138.360799972
2025-11-16 02:38:59.642000+00:00,2025-11-16 02:36:00+00:00,continuous,95600.0,95713.4,95596.3,95664.3,13877622.945800018
2025-11-16 02:41:59.321000+00:00,2025-11-16 02:39:00+00:00,continuous,95664.2,95688.8,95606.0,95640.4,10728533.104299987
2025-11-16 02:44:59.947000+00:00,2025-11-16 02:42:00+00:00,continuous,95640.4,95692.0,95620.0,95692.0,10197389.883299988
2025-11-16 02:47:59.985000+00:00,2025-11-16 02:45:00+00:00,continuous,95691.9,95752.8,95629.3,95745.3,13433252.886099977
2025-11-16 02:50:59.951000+00:00,2025-11-16 02:48:00+00:00,continuous,95745.6,95856.9,95741.0,95754.6,25049231.050899886
2025-11-16 02:53:59.986000+00:00,2025-11-16 02:51:00+00:00,continuous,95754.6,95844.9,95712.9,95829.3,15392574.539100004
2025-11-16 02:56:59.255000+00:00,2025-11-16 02:54:00+00:00,continuous,95829.3,95868.2,95795.0,95806.1,15569716.255200012
2025-11-16 02:59:59.961000+00:00,2025-11-16 02:57:00+00:00,continuous,95806.2,95937.7,95806.1,95934.3,18860944.340000015
2025-11-16 03:02:59.334000+00:00,2025-11-16 03:00:00+00:00,continuous,95934.2,95946.4,95803.8,95890.4,18372800.216600068
2025-11-16 03:05:59.308000+00:00,2025-11-16 03:03:00+00:00,continuous,95890.4,95906.4,95808.2,95808.6,7229952.678099989
2025-11-16 03:08:59.934000+00:00,2025-11-16 03:06:00+00:00,continuous,95808.6,95821.4,95763.4,95778.0,13795270.843
2025-11-16 03:11:59.820000+00:00,2025-11-16 03:09:00+00:00,continuous,95778.1,95823.2,95771.0,95775.7,5599763.003900007
2025-11-16 03:14:59.747000+00:00,2025-11-16 03:12:00+00:00,continuous,95775.7,95784.1,95729.2,95736.6,7102421.991299999
2025-11-16 03:17:59.416000+00:00,2025-11-16 03:15:00+00:00,continuous,95736.6,95813.1,95736.6,95800.9,6993335.895099998
2025-11-16 03:20:59.357000+00:00,2025-11-16 03:18:00+00:00,continuous,95800.9,95912.6,95800.0,95827.5,11144229.782100001
2025-11-16 03:23:59.866000+00:00,2025-11-16 03:21:00+00:00,continuous,95827.4,95912.7,95821.5,95825.0,10562613.580799997
2025-11-16 03:26:59.555000+00:00,2025-11-16 03:24:00+00:00,continuous,95825.0,95834.8,95746.2,95757.7,7922732.933200001
2025-11-16 03:29:59.204000+00:00,2025-11-16 03:27:00+00:00,continuous,95757.7,95777.6,95729.2,95769.4,9015105.07149998
2025-11-16 03:32:59.300000+00:00,2025-11-16 03:30:00+00:00,continuous,95769.5,95798.6,95730.2,95751.9,5353822.592199999
2025-11-16 03:35:59.974000+00:00,2025-11-16 03:33:00+00:00,continuous,95751.8,95775.4,95700.0,95700.0,6144460.088200003
2025-11-16 03:38:59.384000+00:00,2025-11-16 03:36:00+00:00,continuous,95700.0,95703.7,95616.0,95691.1,13978214.182500018
2025-11-16 03:41:59.688000+00:00,2025-11-16 03:39:00+00:00,continuous,95691.1,95762.5,95691.1,95762.5,6356716.8167999955
2025-11-16 03:44:59.653000+00:00,2025-11-16 03:42:00+00:00,continuous,95762.7,95782.7,95742.4,95757.0,5430603.329200001
2025-11-16 03:47:59.460000+00:00,2025-11-16 03:45:00+00:00,continuous,95756.9,95765.0,95642.1,95678.4,9176858.880899992
2025-11-16 03:50:59.953000+00:00,2025-11-16 03:48:00+00:00,continuous,95678.4,95760.0,95678.4,95742.5,3691213.8665000102
2025-11-16 03:53:59.817000+00:00,2025-11-16 03:51:00+00:00,continuous,95742.5,95765.6,95580.5,95638.0,11422929.369200002
2025-11-16 03:56:59.787000+00:00,2025-11-16 03:54:00+00:00,continuous,95637.9,95696.5,95637.9,95685.5,7429467.178600005
2025-11-16 03:59:59.785000+00:00,2025-11-16 03:57:00+00:00,continuous,95685.4,95800.0,95658.5,95782.0,15973343.733200021
2025-11-16 04:02:59.324000+00:00,2025-11-16 04:00:00+00:00,continuous,95782.0,95865.0,95765.8,95772.2,13717575.075299995
2025-11-16 04:05:59.781000+00:00,2025-11-16 04:03:00+00:00,continuous,95772.2,95776.0,95682.1,95688.3,7940566.809999985
2025-11-16 04:08:59.131000+00:00,2025-11-16 04:06:00+00:00,continuous,95688.4,95739.5,95678.9,95739.5,4785334.580899994
2025-11-16 04:11:59.841000+00:00,2025-11-16 04:09:00+00:00,continuous,95739.5,95891.4,95723.0,95863.6,22127703.023699995
2025-11-16 04:14:59.906000+00:00,2025-11-16 04:12:00+00:00,continuous,95863.5,95870.4,95789.1,95831.1,10217213.273099998
2025-11-16 04:17:59.431000+00:00,2025-11-16 04:15:00+00:00,continuous,95831.0,95856.7,95768.0,95832.7,9173823.9663
2025-11-16 04:20:59.849000+00:00,2025-11-16 04:18:00+00:00,continuous,95832.7,95867.7,95767.8,95768.1,5743028.467700006
2025-11-16 04:23:59.834000+00:00,2025-11-16 04:21:00+00:00,continuous,95768.1,95775.0,95653.9,95725.0,10732660.805999976
2025-11-16 04:26:59.197000+00:00,2025-11-16 04:24:00+00:00,continuous,95725.7,95778.3,95701.3,95752.5,11040479.59760002
2025-11-16 04:29:59.221000+00:00,2025-11-16 04:27:00+00:00,continuous,95752.4,95816.8,95752.4,95792.9,4526755.972799993
2025-11-16 04:32:59.600000+00:00,2025-11-16 04:30:00+00:00,continuous,95792.8,95792.9,95622.9,95645.7,10981895.848699963
2025-11-16 04:35:59.851000+00:00,2025-11-16 04:33:00+00:00,continuous,95645.7,95673.4,95609.6,95645.4,10169627.023099985
2025-11-16 04:38:59.983000+00:00,2025-11-16 04:36:00+00:00,continuous,95645.5,95680.2,95636.1,95636.1,4957688.76479999
2025-11-16 04:41:58.918000+00:00,2025-11-16 04:39:00+00:00,continuous,95636.1,95687.2,95635.3,95646.6,4857251.074500006
2025-11-16 04:44:59.730000+00:00,2025-11-16 04:42:00+00:00,continuous,95646.5,95650.0,95602.0,95642.8,8213836.069099982
2025-11-16 04:47:59.908000+00:00,2025-11-16 04:45:00+00:00,continuous,95642.8,95693.8,95622.4,95646.8,4497682.128100009
2025-11-16 04:50:59.814000+00:00,2025-11-16 04:48:00+00:00,continuous,95646.8,95781.2,95646.8,95774.8,10101464.498799987
2025-11-16 04:53:58.443000+00:00,2025-11-16 04:51:00+00:00,continuous,95774.7,95774.8,95744.3,95744.3,2091391.8513999968
2025-11-16 04:56:59.935000+00:00,2025-11-16 04:54:00+00:00,continuous,95744.3,95793.6,95744.3,95793.5,4126078.0363000035
2025-11-16 04:59:59.435000+00:00,2025-11-16 04:57:00+00:00,continuous,95793.6,95795.4,95754.0,95781.0,3567563.974199998
2025-11-16 05:02:59.981000+00:00,2025-11-16 05:00:00+00:00,continuous,95781.0,95857.5,95772.2,95820.0,8964833.80149999
2025-11-16 05:05:59.775000+00:00,2025-11-16 05:03:00+00:00,continuous,95820.1,95840.0,95815.2,95835.4,4544640.804000008
2025-11-16 05:08:59.999000+00:00,2025-11-16 05:06:00+00:00,continuous,95835.4,95939.0,95835.4,95871.0,14801915.142400023
2025-11-16 05:11:59.847000+00:00,2025-11-16 05:09:00+00:00,continuous,95870.9,95995.7,95868.6,95988.0,18458157.990100015
2025-11-16 05:14:59.921000+00:00,2025-11-16 05:12:00+00:00,continuous,95988.0,96000.0,95978.0,96000.0,10563992.794200033
2025-11-16 05:17:59.947000+00:00,2025-11-16 05:15:00+00:00,continuous,95999.9,96170.6,95956.2,96113.1,107809022.66169982
2025-11-16 05:20:59.530000+00:00,2025-11-16 05:18:00+00:00,continuous,96113.1,96113.2,95893.1,95958.4,74001017.60350001
2025-11-16 05:23:59.713000+00:00,2025-11-16 05:21:00+00:00,continuous,95958.5,96050.0,95922.6,95922.6,12977552.522400012
2025-11-16 05:26:59.284000+00:00,2025-11-16 05:24:00+00:00,continuous,95922.6,95988.0,95860.0,95934.5,13433003.05829998
2025-11-16 05:29:58.315000+00:00,2025-11-16 05:27:00+00:00,continuous,95934.5,95953.2,95909.6,95929.6,5989476.959000004
2025-11-16 05:32:59.899000+00:00,2025-11-16 05:30:00+00:00,continuous,95929.6,95938.9,95860.3,95883.2,13437532.739700004
2025-11-16 05:35:59.955000+00:00,2025-11-16 05:33:00+00:00,continuous,95883.2,95929.2,95883.2,95929.1,4238759.657700005
2025-11-16 05:38:59.360000+00:00,2025-11-16 05:36:00+00:00,continuous,95929.1,95933.0,95878.3,95896.2,6298910.8264999995
2025-11-16 05:41:59.183000+00:00,2025-11-16 05:39:00+00:00,continuous,95896.2,95898.0,95827.2,95856.8,6159720.705800007
2025-11-16 05:44:59.891000+00:00,2025-11-16 05:42:00+00:00,continuous,95856.8,95912.2,95856.8,95908.7,5335682.213100014
2025-11-16 05:47:59.648000+00:00,2025-11-16 05:45:00+00:00,continuous,95908.7,95942.4,95872.5,95919.0,4821744.653200005
2025-11-16 05:50:59.456000+00:00,2025-11-16 05:48:00+00:00,continuous,95919.1,95942.4,95894.4,95894.6,4342977.763100006
2025-11-16 05:53:57.838000+00:00,2025-11-16 05:51:00+00:00,continuous,95894.6,95961.6,95894.5,95921.8,3733789.6147
2025-11-16 05:56:59.982000+00:00,2025-11-16 05:54:00+00:00,continuous,95921.7,95930.1,95888.4,95914.6,3770880.6203000024
2025-11-16 05:59:58.791000+00:00,2025-11-16 05:57:00+00:00,continuous,95914.6,95914.7,95830.3,95850.0,6729375.621000001
2025-11-16 06:02:59.364000+00:00,2025-11-16 06:00:00+00:00,continuous,95849.9,95851.4,95736.5,95817.2,15606477.276100012
2025-11-16 06:05:58.989000+00:00,2025-11-16 06:03:00+00:00,continuous,95817.2,95899.8,95811.0,95899.8,4117860.0164000033
2025-11-16 06:08:59.799000+00:00,2025-11-16 06:06:00+00:00,continuous,95899.9,95956.6,95894.4,95919.6,6286927.360099988
2025-11-16 06:11:59.909000+00:00,2025-11-16 06:09:00+00:00,continuous,95919.4,96001.6,95911.7,96001.6,4802954.542400006
2025-11-16 06:14:59.908000+00:00,2025-11-16 06:12:00+00:00,continuous,96001.6,96007.1,95896.3,95911.3,9809427.155799989
2025-11-16 06:17:59.865000+00:00,2025-11-16 06:15:00+00:00,continuous,95911.3,95923.7,95883.3,95923.6,4788606.694499997
2025-11-16 06:20:59.910000+00:00,2025-11-16 06:18:00+00:00,continuous,95923.7,95945.4,95900.0,95900.5,7242499.740800007
2025-11-16 06:23:59.822000+00:00,2025-11-16 06:21:00+00:00,continuous,95900.4,95910.0,95864.9,95910.0,4893228.651900008
2025-11-16 06:26:59.857000+00:00,2025-11-16 06:24:00+00:00,continuous,95910.0,95950.9,95870.4,95950.9,3358694.9550000043
2025-11-16 06:29:58.982000+00:00,2025-11-16 06:27:00+00:00,continuous,95950.9,95954.6,95936.2,95944.0,3670476.9737999993
2025-11-16 06:32:59.772000+00:00,2025-11-16 06:30:00+00:00,continuous,95943.9,95972.7,95912.1,95953.4,6072093.561100003
2025-11-16 06:35:59.266000+00:00,2025-11-16 06:33:00+00:00,continuous,95953.3,95953.4,95914.1,95934.5,5835677.203500007
2025-11-16 06:38:59.922000+00:00,2025-11-16 06:36:00+00:00,continuous,95934.5,95958.1,95907.0,95916.3,9824975.939200005
2025-11-16 06:41:59.753000+00:00,2025-11-16 06:39:00+00:00,continuous,95916.3,95949.0,95915.7,95927.8,3313926.3907000017
2025-11-16 06:44:59.286000+00:00,2025-11-16 06:42:00+00:00,continuous,95927.8,95946.6,95898.3,95900.4,3015632.4058999964
2025-11-16 06:47:58.756000+00:00,2025-11-16 06:45:00+00:00,continuous,95900.4,95927.9,95898.5,95927.7,3469482.928899999
2025-11-16 06:50:58.994000+00:00,2025-11-16 06:48:00+00:00,continuous,95927.8,95937.8,95920.8,95936.0,3292370.209099995
2025-11-16 06:53:59.837000+00:00,2025-11-16 06:51:00+00:00,continuous,95935.9,95936.0,95900.8,95908.5,8938037.284100002
2025-11-16 06:56:59.734000+00:00,2025-11-16 06:54:00+00:00,continuous,95908.5,95917.5,95776.9,95793.9,14090181.614799988
2025-11-16 06:59:59.995000+00:00,2025-11-16 06:57:00+00:00,continuous,95793.9,95794.0,95710.0,95762.8,14753927.611700023
2025-11-16 07:02:59.826000+00:00,2025-11-16 07:00:00+00:00,continuous,95763.0,95821.6,95733.0,95821.6,12165454.736900002
2025-11-16 07:05:59.246000+00:00,2025-11-16 07:03:00+00:00,continuous,95821.5,95821.5,95744.6,95782.2,8427678.027399987
2025-11-16 07:08:59.525000+00:00,2025-11-16 07:06:00+00:00,continuous,95782.2,95806.9,95777.7,95793.4,7296261.593699994
2025-11-16 07:11:59.526000+00:00,2025-11-16 07:09:00+00:00,continuous,95793.4,95893.5,95793.4,95874.0,4770385.384800005
2025-11-16 07:14:58.530000+00:00,2025-11-16 07:12:00+00:00,continuous,95874.0,95888.0,95818.7,95818.8,5800096.07689999
2025-11-16 07:17:59.155000+00:00,2025-11-16 07:15:00+00:00,continuous,95818.7,95864.0,95797.8,95844.5,6017532.122900002
2025-11-16 07:20:59.567000+00:00,2025-11-16 07:18:00+00:00,continuous,95844.5,95927.4,95834.1,95927.4,12025352.951500025
2025-11-16 07:23:59.984000+00:00,2025-11-16 07:21:00+00:00,continuous,95927.4,95935.2,95790.2,95790.2,5330353.731300012
2025-11-16 07:26:59.981000+00:00,2025-11-16 07:24:00+00:00,continuous,95790.3,95793.3,95690.0,95749.4,18713095.333899997
2025-11-16 07:29:59.683000+00:00,2025-11-16 07:27:00+00:00,continuous,95749.4,95789.4,95721.6,95781.2,8610519.3913
2025-11-16 07:32:59.721000+00:00,2025-11-16 07:30:00+00:00,continuous,95781.2,95903.9,95781.2,95825.3,7840149.293599996
2025-11-16 07:35:59.719000+00:00,2025-11-16 07:33:00+00:00,continuous,95825.3,95885.1,95796.9,95885.1,6654423.126199996
2025-11-16 07:38:59.554000+00:00,2025-11-16 07:36:00+00:00,continuous,95885.1,95903.6,95851.5,95863.0,8344499.732399985
2025-11-16 07:41:59.937000+00:00,2025-11-16 07:39:00+00:00,continuous,95863.1,95902.9,95863.0,95895.5,7600091.841500005
2025-11-16 07:44:59.788000+00:00,2025-11-16 07:42:00+00:00,continuous,95895.5,95907.4,95866.0,95884.8,5909210.162099996
2025-11-16 07:47:59.131000+00:00,2025-11-16 07:45:00+00:00,continuous,95884.8,95936.0,95884.7,95895.9,7126813.327000006
2025-11-16 07:50:59.987000+00:00,2025-11-16 07:48:00+00:00,continuous,95896.0,96002.0,95896.0,96002.0,17484743.66409997
2025-11-16 07:53:59.559000+00:00,2025-11-16 07:51:00+00:00,continuous,96001.9,96029.7,95961.8,95988.3,22468292.309099987
2025-11-16 07:56:59.943000+00:00,2025-11-16 07:54:00+00:00,continuous,95988.3,96009.4,95974.3,96009.3,8372101.9183000075
2025-11-16 07:59:59.971000+00:00,2025-11-16 07:57:00+00:00,continuous,96009.4,96067.1,96003.6,96064.8,14121541.319900006
2025-11-16 08:02:59.998000+00:00,2025-11-16 08:00:00+00:00,continuous,96064.8,96222.0,96039.2,96039.2,42126765.68669992
2025-11-16 08:05:59.988000+00:00,2025-11-16 08:03:00+00:00,continuous,96039.3,96073.2,95958.4,95965.7,17642875.853499997
2025-11-16 08:08:59.731000+00:00,2025-11-16 08:06:00+00:00,continuous,95965.6,95981.5,95903.5,95914.0,19632051.669600047
2025-11-16 08:11:59.892000+00:00,2025-11-16 08:09:00+00:00,continuous,95914.0,95977.6,95881.8,95929.1,17205382.509900004
2025-11-16 08:14:59.941000+00:00,2025-11-16 08:12:00+00:00,continuous,95929.1,96047.0,95918.0,95927.0,13368275.352399983
2025-11-16 08:17:59.883000+00:00,2025-11-16 08:15:00+00:00,continuous,95926.9,95974.0,95829.0,95829.1,16256206.560400072
2025-11-16 08:20:59.918000+00:00,2025-11-16 08:18:00+00:00,continuous,95829.1,95889.9,95818.6,95887.7,16118984.03410001
2025-11-16 08:23:59.975000+00:00,2025-11-16 08:21:00+00:00,continuous,95887.6,95995.9,95887.6,95932.8,10524975.84190004
2025-11-16 08:26:59.782000+00:00,2025-11-16 08:24:00+00:00,continuous,95933.0,95956.4,95824.1,95873.1,11931629.25460001
2025-11-16 08:29:59.293000+00:00,2025-11-16 08:27:00+00:00,continuous,95873.2,95873.2,95834.1,95839.1,6038921.009700002
2025-11-16 08:32:59.827000+00:00,2025-11-16 08:30:00+00:00,continuous,95839.0,95966.2,95839.0,95902.0,16518464.203499993
2025-11-16 08:35:59.727000+00:00,2025-11-16 08:33:00+00:00,continuous,95902.0,95914.3,95841.6,95858.0,8303077.23000002
2025-11-16 08:38:58.063000+00:00,2025-11-16 08:36:00+00:00,continuous,95858.0,95880.6,95858.0,95873.3,2997357.901400001
2025-11-16 08:41:59.271000+00:00,2025-11-16 08:39:00+00:00,continuous,95873.4,95950.0,95871.2,95942.7,6520787.626500001
2025-11-16 08:44:59.936000+00:00,2025-11-16 08:42:00+00:00,continuous,95942.7,96007.1,95942.6,96007.0,5287539.802899992
2025-11-16 08:47:59.650000+00:00,2025-11-16 08:45:00+00:00,continuous,96007.1,96037.0,95988.1,95988.2,8163187.636800013
2025-11-16 08:50:58.894000+00:00,2025-11-16 08:48:00+00:00,continuous,95988.2,96009.6,95961.0,95978.6,4101199.2823
2025-11-16 08:53:59.685000+00:00,2025-11-16 08:51:00+00:00,continuous,95978.6,95978.7,95857.9,95939.9,9399263.274699997
2025-11-16 08:56:59.936000+00:00,2025-11-16 08:54:00+00:00,continuous,95940.0,96105.0,95940.0,96105.0,13683614.432000007
2025-11-16 08:59:59.332000+00:00,2025-11-16 08:57:00+00:00,continuous,96105.0,96150.1,96048.6,96083.5,11900836.399400009
2025-11-16 09:02:59.927000+00:00,2025-11-16 09:00:00+00:00,continuous,96083.5,96091.2,95933.2,95977.1,16193280.622999964
2025-11-16 09:05:59.958000+00:00,2025-11-16 09:03:00+00:00,continuous,95977.0,95977.4,95900.0,95947.0,7529730.815900003
2025-11-16 09:08:59.670000+00:00,2025-11-16 09:06:00+00:00,continuous,95946.9,96054.8,95931.3,96045.8,13316059.610100001
2025-11-16 09:11:59.947000+00:00,2025-11-16 09:09:00+00:00,continuous,96045.8,96045.8,95995.4,96018.2,7808614.786200003
2025-11-16 09:14:59.894000+00:00,2025-11-16 09:12:00+00:00,continuous,96018.2,96032.0,95987.1,96031.9,5643658.535300004
2025-11-16 09:17:59.071000+00:00,2025-11-16 09:15:00+00:00,continuous,96031.9,96032.0,95956.8,95956.8,5343192.467900014
2025-11-16 09:20:59.372000+00:00,2025-11-16 09:18:00+00:00,continuous,95956.8,95956.8,95896.2,95949.6,10079051.76389999
2025-11-16 09:23:59.345000+00:00,2025-11-16 09:21:00+00:00,continuous,95949.6,95950.7,95903.6,95950.6,3796254.4852000005
2025-11-16 09:26:57.512000+00:00,2025-11-16 09:24:00+00:00,continuous,95950.7,95980.0,95937.5,95980.0,3760386.7226999956
2025-11-16 09:29:59.413000+00:00,2025-11-16 09:27:00+00:00,continuous,95979.9,96097.0,95979.9,96073.9,10520311.34310001
2025-11-16 09:32:59.475000+00:00,2025-11-16 09:30:00+00:00,continuous,96073.8,96094.7,96021.0,96066.6,6590795.145399982
2025-11-16 09:35:59.666000+00:00,2025-11-16 09:33:00+00:00,continuous,96066.5,96106.8,96064.1,96064.2,5534601.321200007
2025-11-16 09:38:59.886000+00:00,2025-11-16 09:36:00+00:00,continuous,96064.2,96110.0,96038.4,96077.2,6203062.464799996
2025-11-16 09:41:59.912000+00:00,2025-11-16 09:39:00+00:00,continuous,96077.2,96110.0,96044.9,96110.0,5037524.576200007
2025-11-16 09:44:59.950000+00:00,2025-11-16 09:42:00+00:00,continuous,96109.9,96197.0,96109.9,96161.4,12899695.182899984
2025-11-16 09:47:59.784000+00:00,2025-11-16 09:45:00+00:00,continuous,96161.4,96221.9,96135.4,96172.0,17747979.130799983
2025-11-16 09:50:59.856000+00:00,2025-11-16 09:48:00+00:00,continuous,96172.1,96283.1,96128.1,96233.9,22953802.87660003
2025-11-16 09:53:59.933000+00:00,2025-11-16 09:51:00+00:00,continuous,96233.8,96547.6,96233.8,96485.9,96153645.72929937
2025-11-16 09:56:59.823000+00:00,2025-11-16 09:54:00+00:00,continuous,96485.9,96487.9,96364.0,96452.3,27055582.023899954
2025-11-16 09:59:59.964000+00:00,2025-11-16 09:57:00+00:00,continuous,96452.3,96600.0,96449.3,96597.4,48809221.56819999
2025-11-16 10:02:59.949000+00:00,2025-11-16 10:00:00+00:00,continuous,96597.3,96597.3,96469.3,96497.2,36234949.45620008
2025-11-16 10:05:59.892000+00:00,2025-11-16 10:03:00+00:00,continuous,96497.2,96501.0,96404.6,96420.7,19550415.258999996
2025-11-16 10:08:59.883000+00:00,2025-11-16 10:06:00+00:00,continuous,96420.6,96437.6,96344.2,96361.0,23886315.339500032
2025-11-16 10:11:59.947000+00:00,2025-11-16 10:09:00+00:00,continuous,96361.0,96456.5,96340.0,96453.6,11834435.351300018
2025-11-16 10:14:59.431000+00:00,2025-11-16 10:12:00+00:00,continuous,96453.6,96488.0,96443.9,96479.8,11622496.46859999
2025-11-16 10:17:59.882000+00:00,2025-11-16 10:15:00+00:00,continuous,96479.8,96580.8,96371.1,96553.2,25572101.8662001
2025-11-16 10:20:59.570000+00:00,2025-11-16 10:18:00+00:00,continuous,96553.3,96553.3,96459.9,96459.9,16571901.533800023
2025-11-16 10:23:59.937000+00:00,2025-11-16 10:21:00+00:00,continuous,96460.0,96460.0,96370.2,96436.5,17041348.4266
2025-11-16 10:26:59.811000+00:00,2025-11-16 10:24:00+00:00,continuous,96436.6,96522.3,96436.5,96501.1,10301981.951399997
2025-11-16 10:29:59.463000+00:00,2025-11-16 10:27:00+00:00,continuous,96501.0,96510.7,96440.0,96440.0,8479333.457099998
2025-11-16 10:32:59.908000+00:00,2025-11-16 10:30:00+00:00,continuous,96440.1,96483.7,96398.1,96483.6,8581160.858499995
2025-11-16 10:35:59.994000+00:00,2025-11-16 10:33:00+00:00,continuous,96483.7,96486.0,96408.1,96452.1,8175233.373099999
2025-11-16 10:38:59.671000+00:00,2025-11-16 10:36:00+00:00,continuous,96452.2,96452.2,96365.2,96365.2,6649847.272600011
2025-11-16 10:41:59.634000+00:00,2025-11-16 10:39:00+00:00,continuous,96365.2,96430.5,96365.2,96391.5,5985063.195899996
2025-11-16 10:44:59.574000+00:00,2025-11-16 10:42:00+00:00,continuous,96391.5,96407.4,96384.4,96399.6,5033120.596099996
2025-11-16 10:47:59.250000+00:00,2025-11-16 10:45:00+00:00,continuous,96399.6,96453.5,96384.9,96453.5,7916176.260099992
2025-11-16 10:50:59.794000+00:00,2025-11-16 10:48:00+00:00,continuous,96453.6,96471.6,96413.7,96436.6,7743580.912300003
2025-11-16 10:53:59.961000+00:00,2025-11-16 10:51:00+00:00,continuous,96436.6,96472.3,96419.9,96464.5,5027746.654599997
2025-11-16 10:56:59.206000+00:00,2025-11-16 10:54:00+00:00,continuous,96464.5,96464.5,96400.0,96400.1,7136204.605799999
2025-11-16 10:59:59.612000+00:00,2025-11-16 10:57:00+00:00,continuous,96400.1,96440.8,96387.0,96412.7,5298426.296300001
2025-11-16 11:02:59.821000+00:00,2025-11-16 11:00:00+00:00,continuous,96412.7,96414.0,96364.5,96408.9,12384221.106599981
2025-11-16 11:05:59.874000+00:00,2025-11-16 11:03:00+00:00,continuous,96409.0,96412.1,96330.1,96330.1,23015637.767100032
2025-11-16 11:08:59.974000+00:00,2025-11-16 11:06:00+00:00,continuous,96330.1,96330.4,96259.0,96274.3,18763075.464000005
2025-11-16 11:11:59.746000+00:00,2025-11-16 11:09:00+00:00,continuous,96274.3,96286.5,96100.2,96115.8,43514525.254299946
2025-11-16 11:14:59.986000+00:00,2025-11-16 11:12:00+00:00,continuous,96115.8,96143.8,95875.8,95909.5,73050016.4361999
2025-11-16 11:17:59.907000+00:00,2025-11-16 11:15:00+00:00,continuous,95909.4,96060.1,95885.5,96024.4,34949189.775900096
2025-11-16 11:20:59.930000+00:00,2025-11-16 11:18:00+00:00,continuous,96024.4,96055.5,95904.9,95974.7,25688878.17650004
2025-11-16 11:23:59.904000+00:00,2025-11-16 11:21:00+00:00,continuous,95974.6,95974.6,95738.7,95766.7,67624720.9564
2025-11-16 11:26:59.750000+00:00,2025-11-16 11:24:00+00:00,continuous,95766.7,95791.4,95616.0,95632.8,70092072.33939981
2025-11-16 11:29:59.959000+00:00,2025-11-16 11:27:00+00:00,continuous,95632.7,95688.8,95488.7,95563.6,114411437.42310008
2025-11-16 11:32:59.897000+00:00,2025-11-16 11:30:00+00:00,continuous,95563.5,95729.1,95522.0,95683.6,56037802.48929991
2025-11-16 11:35:59.847000+00:00,2025-11-16 11:33:00+00:00,continuous,95683.5,95685.6,95620.1,95680.2,19903217.427800007
2025-11-16 11:38:59.903000+00:00,2025-11-16 11:36:00+00:00,continuous,95680.3,95738.0,95587.0,95647.2,21826092.073699914
2025-11-16 11:41:59.778000+00:00,2025-11-16 11:39:00+00:00,continuous,95647.3,95652.7,95443.6,95595.9,42617595.00099996
2025-11-16 11:44:59.997000+00:00,2025-11-16 11:42:00+00:00,continuous,95595.8,95595.9,95479.5,95538.3,31109799.307499997
2025-11-16 11:47:59.678000+00:00,2025-11-16 11:45:00+00:00,continuous,95538.2,95652.4,95521.9,95607.3,33164957.535400014
2025-11-16 11:50:59.937000+00:00,2025-11-16 11:48:00+00:00,continuous,95607.3,95636.5,95588.1,95610.2,10762324.997900013
2025-11-16 11:53:59.937000+00:00,2025-11-16 11:51:00+00:00,continuous,95610.1,95610.2,95487.1,95587.8,39705736.927800015
2025-11-16 11:56:59.347000+00:00,2025-11-16 11:54:00+00:00,continuous,95587.8,95625.3,95552.8,95597.1,13713958.927200006
2025-11-16 11:59:59.904000+00:00,2025-11-16 11:57:00+00:00,continuous,95597.1,95647.3,95559.9,95588.0,13030713.722100014
2025-11-16 12:02:59.656000+00:00,2025-11-16 12:00:00+00:00,continuous,95588.0,95625.0,95540.0,95624.9,14323865.031899987
2025-11-16 12:05:59.877000+00:00,2025-11-16 12:03:00+00:00,continuous,95625.0,95695.2,95610.7,95636.7,35519306.36070003
2025-11-16 12:08:59.903000+00:00,2025-11-16 12:06:00+00:00,continuous,95636.7,95692.6,95636.6,95653.0,13707688.10749998
2025-11-16 12:11:59.984000+00:00,2025-11-16 12:09:00+00:00,continuous,95653.0,95666.5,95616.8,95640.1,8892419.567300003
2025-11-16 12:14:59.992000+00:00,2025-11-16 12:12:00+00:00,continuous,95640.1,95702.0,95628.0,95628.2,13052557.791300043
2025-11-16 12:17:59.943000+00:00,2025-11-16 12:15:00+00:00,continuous,95628.2,95826.0,95610.0,95813.4,33603214.82079996
2025-11-16 12:20:59.947000+00:00,2025-11-16 12:18:00+00:00,continuous,95813.3,95870.0,95787.3,95805.7,26523648.457600027
2025-11-16 12:23:59.834000+00:00,2025-11-16 12:21:00+00:00,continuous,95805.7,95805.8,95643.2,95643.2,16693972.207599994
2025-11-16 12:26:59.703000+00:00,2025-11-16 12:24:00+00:00,continuous,95643.2,95765.6,95608.9,95743.0,20692515.776500028
2025-11-16 12:29:59.931000+00:00,2025-11-16 12:27:00+00:00,continuous,95743.0,95791.3,95737.7,95769.0,13017276.501999982
2025-11-16 12:32:59.759000+00:00,2025-11-16 12:30:00+00:00,continuous,95769.0,95791.3,95625.1,95625.1,21668677.541300014
2025-11-16 12:35:59.920000+00:00,2025-11-16 12:33:00+00:00,continuous,95625.0,95652.4,95504.3,95526.9,25548250.82469993
2025-11-16 12:38:59.943000+00:00,2025-11-16 12:36:00+00:00,continuous,95527.0,95590.5,95385.1,95478.3,39873932.2700999
2025-11-16 12:41:59.973000+00:00,2025-11-16 12:39:00+00:00,continuous,95478.2,95624.1,95463.1,95614.6,19487843.63209996
2025-11-16 12:44:59.783000+00:00,2025-11-16 12:42:00+00:00,continuous,95614.9,95805.8,95612.9,95783.3,19282430.470200025
2025-11-16 12:47:59.562000+00:00,2025-11-16 12:45:00+00:00,continuous,95783.4,95795.0,95658.1,95675.1,21700030.561600126
2025-11-16 12:50:59.895000+00:00,2025-11-16 12:48:00+00:00,continuous,95675.1,95800.0,95671.4,95800.0,12200901.079299979
2025-11-16 12:53:59.553000+00:00,2025-11-16 12:51:00+00:00,continuous,95800.0,95855.7,95795.6,95811.2,19239273.971499987
2025-11-16 12:56:59.834000+00:00,2025-11-16 12:54:00+00:00,continuous,95811.2,95841.7,95650.0,95657.6,16382963.496200034
2025-11-16 12:59:59.874000+00:00,2025-11-16 12:57:00+00:00,continuous,95657.6,95713.7,95638.6,95713.7,11983217.92540002
2025-11-16 13:02:59.729000+00:00,2025-11-16 13:00:00+00:00,continuous,95713.6,95732.7,95671.0,95710.5,6585181.027999985
2025-11-16 13:05:59.862000+00:00,2025-11-16 13:03:00+00:00,continuous,95710.5,95717.7,95506.7,95520.0,16938709.945000026
2025-11-16 13:08:59.944000+00:00,2025-11-16 13:06:00+00:00,continuous,95519.9,95771.0,95519.9,95743.0,17146402.6502
2025-11-16 13:11:59.916000+00:00,2025-11-16 13:09:00+00:00,continuous,95742.9,95815.0,95738.8,95783.0,12500532.408800004
2025-11-16 13:14:59.720000+00:00,2025-11-16 13:12:00+00:00,continuous,95782.9,95787.0,95711.8,95722.8,10649067.893100003
2025-11-16 13:17:59.885000+00:00,2025-11-16 13:15:00+00:00,continuous,95722.8,95770.0,95720.0,95743.8,8926898.498400006
2025-11-16 13:20:59.440000+00:00,2025-11-16 13:18:00+00:00,continuous,95743.7,95800.0,95743.7,95755.6,4923086.772399997
2025-11-16 13:23:59.689000+00:00,2025-11-16 13:21:00+00:00,continuous,95755.5,95758.2,95649.9,95656.4,11396872.257600002
2025-11-16 13:26:59.987000+00:00,2025-11-16 13:24:00+00:00,continuous,95656.4,95664.7,95537.9,95590.8,11011998.3476
2025-11-16 13:29:59.836000+00:00,2025-11-16 13:27:00+00:00,continuous,95590.7,95590.7,95300.7,95345.8,60283226.09640003
2025-11-16 13:32:59.938000+00:00,2025-11-16 13:30:00+00:00,continuous,95345.7,95420.4,95270.1,95414.5,36974590.31349993
2025-11-16 13:35:59.911000+00:00,2025-11-16 13:33:00+00:00,continuous,95414.6,95483.6,95360.0,95360.0,23862376.356999975
2025-11-16 13:38:59.803000+00:00,2025-11-16 13:36:00+00:00,continuous,95360.1,95384.8,95179.4,95254.3,47560703.437799975
2025-11-16 13:41:59.938000+00:00,2025-11-16 13:39:00+00:00,continuous,95254.3,95302.4,95169.3,95226.3,25380116.845800035
2025-11-16 13:44:59.919000+00:00,2025-11-16 13:42:00+00:00,continuous,95226.3,95236.5,95163.4,95180.1,20040107.283599958
2025-11-16 13:47:59.966000+00:00,2025-11-16 13:45:00+00:00,continuous,95180.0,95243.4,95082.4,95098.6,53164350.82800003
2025-11-16 13:50:59.973000+00:00,2025-11-16 13:48:00+00:00,continuous,95098.6,95329.5,95073.0,95329.5,39852040.01240008
2025-11-16 13:53:59.785000+00:00,2025-11-16 13:51:00+00:00,continuous,95329.5,95365.0,95211.9,95323.9,14969253.836899988
2025-11-16 13:56:59.845000+00:00,2025-11-16 13:54:00+00:00,continuous,95323.9,95352.0,95275.1,95351.9,10311639.356899986
2025-11-16 13:59:59.980000+00:00,2025-11-16 13:57:00+00:00,continuous,95351.9,95412.5,95330.0,95371.8,12610695.975699969
2025-11-16 14:02:59.914000+00:00,2025-11-16 14:00:00+00:00,continuous,95371.9,95400.0,95345.6,95392.5,13233647.94230002
2025-11-16 14:05:59.876000+00:00,2025-11-16 14:03:00+00:00,continuous,95392.5,95530.9,95380.7,95407.6,20325619.410199925
2025-11-16 14:08:59.971000+00:00,2025-11-16 14:06:00+00:00,continuous,95407.5,95449.4,95253.9,95426.0,34610748.58629993
2025-11-16 14:11:59.838000+00:00,2025-11-16 14:09:00+00:00,continuous,95425.9,95458.7,95378.1,95390.4,10023000.220699986
2025-11-16 14:14:59.900000+00:00,2025-11-16 14:12:00+00:00,continuous,95390.2,95427.8,95380.5,95415.8,12160910.425500024
2025-11-16 14:17:59.786000+00:00,2025-11-16 14:15:00+00:00,continuous,95415.8,95444.4,95310.1,95310.1,11172567.383499993
2025-11-16 14:20:59.979000+00:00,2025-11-16 14:18:00+00:00,continuous,95310.0,95388.1,95310.0,95371.8,6126667.764600002
2025-11-16 14:23:59.852000+00:00,2025-11-16 14:21:00+00:00,continuous,95371.7,95371.8,95289.0,95345.9,7491120.5642
2025-11-16 14:26:59.687000+00:00,2025-11-16 14:24:00+00:00,continuous,95345.9,95361.3,95321.3,95361.3,4320821.685599999
2025-11-16 14:29:59.804000+00:00,2025-11-16 14:27:00+00:00,continuous,95361.3,95420.4,95355.2,95372.0,6029792.784900007
2025-11-16 14:32:59.845000+00:00,2025-11-16 14:30:00+00:00,continuous,95372.0,95418.1,95330.4,95418.1,7778336.4903000025
2025-11-16 14:35:59.584000+00:00,2025-11-16 14:33:00+00:00,continuous,95418.0,95463.9,95406.6,95438.6,10548053.193799993
2025-11-16 14:38:59.947000+00:00,2025-11-16 14:36:00+00:00,continuous,95438.6,95515.1,95417.9,95466.0,9749576.715100009
2025-11-16 14:41:59.103000+00:00,2025-11-16 14:39:00+00:00,continuous,95466.0,95636.0,95466.0,95556.8,29865807.42729994
2025-11-16 14:44:59.759000+00:00,2025-11-16 14:42:00+00:00,continuous,95556.9,95581.1,95460.7,95555.1,18770815.02159996
2025-11-16 14:47:59.788000+00:00,2025-11-16 14:45:00+00:00,continuous,95555.1,95589.6,95535.2,95551.8,10046936.878300004
2025-11-16 14:50:59.960000+00:00,2025-11-16 14:48:00+00:00,continuous,95551.8,95615.0,95528.9,95535.9,7622104.246200005
2025-11-16 14:53:59.946000+00:00,2025-11-16 14:51:00+00:00,continuous,95536.0,95587.3,95485.0,95522.3,9495057.204099992
2025-11-16 14:56:59.821000+00:00,2025-11-16 14:54:00+00:00,continuous,95522.3,95546.6,95500.0,95530.1,6035242.434299995
2025-11-16 14:59:59.886000+00:00,2025-11-16 14:57:00+00:00,continuous,95530.1,95530.1,95487.0,95487.0,5706438.003199998
2025-11-16 15:02:59.921000+00:00,2025-11-16 15:00:00+00:00,continuous,95487.1,95490.5,95265.2,95315.1,27845757.39729998
2025-11-16 15:05:59.686000+00:00,2025-11-16 15:03:00+00:00,continuous,95315.0,95327.8,95255.5,95327.8,12205942.497899983
2025-11-16 15:08:59.858000+00:00,2025-11-16 15:06:00+00:00,continuous,95327.7,95502.2,95327.7,95421.1,15000466.246200044
2025-11-16 15:11:59.810000+00:00,2025-11-16 15:09:00+00:00,continuous,95421.1,95469.4,95376.1,95461.4,7081082.621499997
2025-11-16 15:14:59.813000+00:00,2025-11-16 15:12:00+00:00,continuous,95461.5,95461.5,95398.4,95414.8,6334605.685499993
2025-11-16 15:17:59.794000+00:00,2025-11-16 15:15:00+00:00,continuous,95414.7,95517.0,95352.0,95496.3,9531101.529899998
2025-11-16 15:20:59.727000+00:00,2025-11-16 15:18:00+00:00,continuous,95496.3,95512.7,95462.6,95472.4,7207926.683699999
2025-11-16 15:23:59.350000+00:00,2025-11-16 15:21:00+00:00,continuous,95472.4,95504.3,95457.5,95495.0,4230520.938199997
2025-11-16 15:26:59.736000+00:00,2025-11-16 15:24:00+00:00,continuous,95495.1,95495.1,95335.4,95395.4,8861389.694899995
2025-11-16 15:29:59.925000+00:00,2025-11-16 15:27:00+00:00,continuous,95395.4,95452.7,95393.6,95393.6,4376896.790699998
2025-11-16 15:32:59.550000+00:00,2025-11-16 15:30:00+00:00,continuous,95393.6,95393.6,95300.0,95314.6,9539131.34660001
2025-11-16 15:35:59.893000+00:00,2025-11-16 15:33:00+00:00,continuous,95314.6,95400.0,95314.6,95357.9,5397640.429799994
2025-11-16 15:38:59.473000+00:00,2025-11-16 15:36:00+00:00,continuous,95357.9,95388.2,95345.4,95375.4,5066407.298199996
2025-11-16 15:41:59.905000+00:00,2025-11-16 15:39:00+00:00,continuous,95375.4,95433.4,95364.6,95397.5,12886006.308300003
2025-11-16 15:44:59.925000+00:00,2025-11-16 15:42:00+00:00,continuous,95397.6,95397.6,95348.1,95374.4,6429133.375000002
2025-11-16 15:47:59.869000+00:00,2025-11-16 15:45:00+00:00,continuous,95374.3,95397.5,95251.9,95284.1,9025942.584099999
2025-11-16 15:50:59.767000+00:00,2025-11-16 15:48:00+00:00,continuous,95284.2,95284.7,95200.0,95226.9,14469956.648100015
2025-11-16 15:53:59.995000+00:00,2025-11-16 15:51:00+00:00,continuous,95226.9,95252.8,94517.2,94830.6,222229681.44259953
2025-11-16 15:56:59.913000+00:00,2025-11-16 15:54:00+00:00,continuous,94830.7,94867.5,94530.0,94531.1,144591866.4559991
2025-11-16 15:59:59.943000+00:00,2025-11-16 15:57:00+00:00,continuous,94530.7,94697.1,94300.0,94531.3,175160327.8610004
2025-11-16 16:02:59.927000+00:00,2025-11-16 16:00:00+00:00,continuous,94531.2,94652.9,94325.3,94567.9,108084599.51579957
2025-11-16 16:05:59.824000+00:00,2025-11-16 16:03:00+00:00,continuous,94568.0,94902.5,94471.1,94832.0,91575924.99860038
2025-11-16 16:08:59.817000+00:00,2025-11-16 16:06:00+00:00,continuous,94832.0,94900.0,94699.9,94699.9,57395249.18209966
2025-11-16 16:11:59.986000+00:00,2025-11-16 16:09:00+00:00,continuous,94699.9,94700.0,94418.0,94459.6,72728650.1362002
2025-11-16 16:14:59.955000+00:00,2025-11-16 16:12:00+00:00,continuous,94459.5,94569.9,94356.7,94372.4,40157814.43769992
2025-11-16 16:17:59.913000+00:00,2025-11-16 16:15:00+00:00,continuous,94372.3,94513.9,94350.0,94364.8,48590919.53409975
2025-11-16 16:20:59.941000+00:00,2025-11-16 16:18:00+00:00,continuous,94364.9,94484.7,94231.6,94291.9,61763159.828600146
2025-11-16 16:23:59.971000+00:00,2025-11-16 16:21:00+00:00,continuous,94291.9,94313.9,94159.3,94278.0,92573924.88849975
2025-11-16 16:26:59.863000+00:00,2025-11-16 16:24:00+00:00,continuous,94278.0,94285.8,94077.0,94150.1,110834874.25629969
2025-11-16 16:29:59.959000+00:00,2025-11-16 16:27:00+00:00,continuous,94150.0,94360.8,94072.2,94248.2,67408482.96640007
2025-11-16 16:32:59.943000+00:00,2025-11-16 16:30:00+00:00,continuous,94248.1,94248.2,94108.1,94152.5,48565572.5769001
2025-11-16 16:35:59.927000+00:00,2025-11-16 16:33:00+00:00,continuous,94152.6,94219.4,94091.8,94119.6,27589881.99160008
2025-11-16 16:38:59.974000+00:00,2025-11-16 16:36:00+00:00,continuous,94119.7,94128.3,94050.0,94058.3,30978067.006100014
2025-11-16 16:41:59.934000+00:00,2025-11-16 16:39:00+00:00,continuous,94058.3,94326.0,94000.0,94176.0,121831393.27909999
2025-11-16 16:44:59.981000+00:00,2025-11-16 16:42:00+00:00,continuous,94175.9,94444.6,94082.6,94287.0,80547886.90719979
2025-11-16 16:47:59.884000+00:00,2025-11-16 16:45:00+00:00,continuous,94287.0,94456.0,94059.1,94113.0,68639787.75169994
2025-11-16 16:50:59.886000+00:00,2025-11-16 16:48:00+00:00,continuous,94113.1,94288.6,94102.8,94241.8,31630336.565600015
2025-11-16 16:53:59.844000+00:00,2025-11-16 16:51:00+00:00,continuous,94241.8,94392.8,94241.7,94243.4,22194025.05780003
2025-11-16 16:56:59.665000+00:00,2025-11-16 16:54:00+00:00,continuous,94243.3,94350.0,94238.1,94325.2,16794158.605199996
2025-11-16 16:59:59.992000+00:00,2025-11-16 16:57:00+00:00,continuous,94325.2,94325.3,94107.3,94185.4,44026449.921800084
2025-11-16 17:02:59.775000+00:00,2025-11-16 17:00:00+00:00,continuous,94184.8,94349.3,94161.5,94213.2,33798849.51229994
2025-11-16 17:05:59.978000+00:00,2025-11-16 17:03:00+00:00,continuous,94213.2,94266.4,94160.7,94220.0,18173230.26190003
2025-11-16 17:08:59.709000+00:00,2025-11-16 17:06:00+00:00,continuous,94219.9,94286.5,94204.1,94284.4,14584849.08240001
2025-11-16 17:11:59.867000+00:00,2025-11-16 17:09:00+00:00,continuous,94284.4,94305.8,94260.0,94261.7,9215328.6426
2025-11-16 17:14:59.988000+00:00,2025-11-16 17:12:00+00:00,continuous,94261.7,94291.1,94190.8,94246.6,11649982.198699998
2025-11-16 17:17:59.751000+00:00,2025-11-16 17:15:00+00:00,continuous,94246.7,94506.8,94100.0,94123.4,64839351.27819996
2025-11-16 17:20:59.929000+00:00,2025-11-16 17:18:00+00:00,continuous,94123.4,94264.6,94089.0,94144.5,31836582.319600172
2025-11-16 17:23:59.934000+00:00,2025-11-16 17:21:00+00:00,continuous,94144.5,94361.9,94100.0,94310.9,32377840.2305999
2025-11-16 17:26:59.964000+00:00,2025-11-16 17:24:00+00:00,continuous,94311.0,94418.6,94310.9,94357.2,34539944.31530001
2025-11-16 17:29:59.851000+00:00,2025-11-16 17:27:00+00:00,continuous,94357.1,94413.4,94288.0,94363.2,24776151.913500015
2025-11-16 17:32:59.684000+00:00,2025-11-16 17:30:00+00:00,continuous,94363.1,94480.8,94284.5,94284.6,21734950.477900002
2025-11-16 17:35:59.979000+00:00,2025-11-16 17:33:00+00:00,continuous,94284.6,94321.0,94200.1,94272.5,19099320.155699953
2025-11-16 17:38:59.927000+00:00,2025-11-16 17:36:00+00:00,continuous,94272.3,94309.6,94090.0,94119.8,58229877.93029996
2025-11-16 17:41:59.874000+00:00,2025-11-16 17:39:00+00:00,continuous,94119.7,94165.0,94010.3,94034.7,56460491.4333
2025-11-16 17:44:59.881000+00:00,2025-11-16 17:42:00+00:00,continuous,94034.7,94070.5,93817.4,93962.3,181106439.32549977
2025-11-16 17:47:59.929000+00:00,2025-11-16 17:45:00+00:00,continuous,93962.3,94260.1,93962.3,94080.0,77814559.70089997
2025-11-16 17:50:59.929000+00:00,2025-11-16 17:48:00+00:00,continuous,94080.1,94244.2,94021.7,94120.0,31120425.29749993
2025-11-16 17:53:59.456000+00:00,2025-11-16 17:51:00+00:00,continuous,94120.1,94185.7,94055.0,94150.0,22301835.45370001
2025-11-16 17:56:59.891000+00:00,2025-11-16 17:54:00+00:00,continuous,94150.0,94175.3,93677.4,93834.8,164041254.46729916
2025-11-16 17:59:59.999000+00:00,2025-11-16 17:57:00+00:00,continuous,93834.9,94442.6,93834.8,94328.0,108162596.11560014
2025-11-16 18:02:59.970000+00:00,2025-11-16 18:00:00+00:00,continuous,94327.9,94780.0,94203.4,94780.0,142871347.85939988
2025-11-16 18:05:59.958000+00:00,2025-11-16 18:03:00+00:00,continuous,94780.0,94849.9,94560.4,94702.4,81953069.50129959
2025-11-16 18:08:59.987000+00:00,2025-11-16 18:06:00+00:00,continuous,94702.5,94749.0,94580.6,94640.5,37129716.11430005
2025-11-16 18:11:59.990000+00:00,2025-11-16 18:09:00+00:00,continuous,94640.5,95400.0,94640.4,95393.2,147010891.0659994
2025-11-16 18:14:59.888000+00:00,2025-11-16 18:12:00+00:00,continuous,95393.3,95544.8,95086.7,95152.0,222128686.90409955
2025-11-16 18:17:59.966000+00:00,2025-11-16 18:15:00+00:00,continuous,95152.0,95258.9,95010.4,95129.9,86355920.66469973
2025-11-16 18:20:59.821000+00:00,2025-11-16 18:18:00+00:00,continuous,95130.0,95139.2,94895.6,94902.9,64239679.38489999
2025-11-16 18:23:59.921000+00:00,2025-11-16 18:21:00+00:00,continuous,94903.0,94960.0,94750.0,94936.0,75315277.76769978
2025-11-16 18:26:59.734000+00:00,2025-11-16 18:24:00+00:00,continuous,94936.1,94942.8,94812.5,94846.6,40157772.69829994
2025-11-16 18:29:59.815000+00:00,2025-11-16 18:27:00+00:00,continuous,94846.7,94890.0,94725.0,94800.4,19154640.862999998
2025-11-16 18:32:59.839000+00:00,2025-11-16 18:30:00+00:00,continuous,94800.5,94800.5,94619.5,94681.1,26402697.903399944
2025-11-16 18:35:59.417000+00:00,2025-11-16 18:33:00+00:00,continuous,94681.1,94752.2,94652.5,94678.1,12444789.172400001
2025-11-16 18:38:59.993000+00:00,2025-11-16 18:36:00+00:00,continuous,94678.1,94695.0,94485.5,94523.2,34761534.97169996
2025-11-16 18:41:59.967000+00:00,2025-11-16 18:39:00+00:00,continuous,94523.1,94533.0,94152.0,94340.8,77779563.02060035
2025-11-16 18:44:59.959000+00:00,2025-11-16 18:42:00+00:00,continuous,94340.8,94353.3,94106.6,94136.2,36213358.18489995
2025-11-16 18:47:59.766000+00:00,2025-11-16 18:45:00+00:00,continuous,94136.3,94164.5,93714.7,93831.8,98052046.27810024
2025-11-16 18:50:59.975000+00:00,2025-11-16 18:48:00+00:00,continuous,93831.8,94105.0,93738.4,94006.8,123745704.18529946
2025-11-16 18:53:59.938000+00:00,2025-11-16 18:51:00+00:00,continuous,94006.8,94127.6,93761.7,93923.7,64062562.45209997
2025-11-16 18:56:59.934000+00:00,2025-11-16 18:54:00+00:00,continuous,93923.7,94105.5,93912.0,93955.5,28396691.63039989
2025-11-16 18:59:59.655000+00:00,2025-11-16 18:57:00+00:00,continuous,93955.4,94028.9,93908.0,94005.9,17860982.652899995
2025-11-16 19:02:59.892000+00:00,2025-11-16 19:00:00+00:00,continuous,94005.9,94245.9,93961.1,94089.9,36837121.80959987
2025-11-16 19:05:59.872000+00:00,2025-11-16 19:03:00+00:00,continuous,94089.9,94277.0,94042.9,94251.1,27861940.233899996
2025-11-16 19:08:59.913000+00:00,2025-11-16 19:06:00+00:00,continuous,94251.1,94290.0,94081.8,94124.1,29142266.163500093
2025-11-16 19:11:59.964000+00:00,2025-11-16 19:09:00+00:00,continuous,94124.2,94564.5,94112.0,94390.9,60074970.404299974
2025-11-16 19:14:59.776000+00:00,2025-11-16 19:12:00+00:00,continuous,94391.0,94537.5,94261.0,94447.2,52602767.82569987
2025-11-16 19:17:59.935000+00:00,2025-11-16 19:15:00+00:00,continuous,94447.2,94564.9,94374.8,94525.5,24771030.752600044
2025-11-16 19:20:59.987000+00:00,2025-11-16 19:18:00+00:00,continuous,94525.5,94558.4,94284.8,94350.0,26840455.795099877
2025-11-16 19:23:59.870000+00:00,2025-11-16 19:21:00+00:00,continuous,94349.9,94350.0,94228.8,94272.5,17041443.670699973
2025-11-16 19:26:59.808000+00:00,2025-11-16 19:24:00+00:00,continuous,94272.4,94294.0,94065.5,94292.5,41242459.62900007
2025-11-16 19:29:59.648000+00:00,2025-11-16 19:27:00+00:00,continuous,94292.6,94356.0,94275.2,94356.0,8786184.025899997
2025-11-16 19:32:59.821000+00:00,2025-11-16 19:30:00+00:00,continuous,94356.0,94380.4,94240.2,94380.3,10089275.134399984
2025-11-16 19:35:59.848000+00:00,2025-11-16 19:33:00+00:00,continuous,94380.4,94481.2,94349.8,94349.8,17328136.575500023
2025-11-16 19:38:59.672000+00:00,2025-11-16 19:36:00+00:00,continuous,94349.9,94389.8,94206.8,94209.7,10317643.973600013
2025-11-16 19:41:59.827000+00:00,2025-11-16 19:39:00+00:00,continuous,94209.8,94209.8,94089.9,94140.7,13845189.602900004
2025-11-16 19:44:59.622000+00:00,2025-11-16 19:42:00+00:00,continuous,94140.8,94207.9,94085.0,94152.3,13737084.282500012
2025-11-16 19:47:59.403000+00:00,2025-11-16 19:45:00+00:00,continuous,94152.4,94245.3,94118.3,94159.4,15768502.698099993
2025-11-16 19:50:59.568000+00:00,2025-11-16 19:48:00+00:00,continuous,94159.4,94266.5,94121.4,94223.2,9850339.453400007
2025-11-16 19:53:59.988000+00:00,2025-11-16 19:51:00+00:00,continuous,94223.2,94277.4,93897.0,94016.0,37931804.108199954
2025-11-16 19:56:59.942000+00:00,2025-11-16 19:54:00+00:00,continuous,94016.1,94016.1,93939.8,93976.6,17832123.689000033
2025-11-16 19:59:59.970000+00:00,2025-11-16 19:57:00+00:00,continuous,93976.7,93994.5,93916.0,93994.5,15445605.622599991
2025-11-16 20:02:59.825000+00:00,2025-11-16 20:00:00+00:00,continuous,93994.5,94060.0,93921.1,94001.0,18702381.73840002
2025-11-16 20:05:59.921000+00:00,2025-11-16 20:03:00+00:00,continuous,94001.0,94250.8,94001.0,94234.3,16417861.290799968
2025-11-16 20:08:59.768000+00:00,2025-11-16 20:06:00+00:00,continuous,94234.2,94320.9,94220.2,94279.8,23418223.098899998
2025-11-16 20:11:59.475000+00:00,2025-11-16 20:09:00+00:00,continuous,94280.0,94349.9,94258.7,94324.6,12528329.88339999
2025-11-16 20:14:59.577000+00:00,2025-11-16 20:12:00+00:00,continuous,94324.6,94350.0,94269.9,94338.0,8471636.563700018
2025-11-16 20:17:59.920000+00:00,2025-11-16 20:15:00+00:00,continuous,94338.0,94338.0,94165.8,94168.7,10092131.047599988
2025-11-16 20:20:59.978000+00:00,2025-11-16 20:18:00+00:00,continuous,94168.7,94242.7,94090.5,94228.1,14122226.554500004
2025-11-16 20:23:58.963000+00:00,2025-11-16 20:21:00+00:00,continuous,94228.2,94340.0,94207.3,94304.2,6653507.461099988
2025-11-16 20:26:58.680000+00:00,2025-11-16 20:24:00+00:00,continuous,94304.2,94575.2,94304.2,94513.9,49381125.37589999
2025-11-16 20:29:59.772000+00:00,2025-11-16 20:27:00+00:00,continuous,94513.9,94700.0,94487.4,94574.8,33792074.68000013
2025-11-16 20:32:59.920000+00:00,2025-11-16 20:30:00+00:00,continuous,94574.6,94632.4,94491.5,94498.9,27170891.903600138
2025-11-16 20:35:59.474000+00:00,2025-11-16 20:33:00+00:00,continuous,94498.9,94550.0,94369.4,94397.6,17121907.475799993
2025-11-16 20:38:59.860000+00:00,2025-11-16 20:36:00+00:00,continuous,94397.6,94470.1,94377.7,94385.5,13309000.345899994
2025-11-16 20:41:59.870000+00:00,2025-11-16 20:39:00+00:00,continuous,94385.6,94407.8,94285.6,94310.0,6744026.876900016
2025-11-16 20:44:59.717000+00:00,2025-11-16 20:42:00+00:00,continuous,94310.0,94317.8,94258.6,94291.4,7278803.153199992
2025-11-16 20:47:59.522000+00:00,2025-11-16 20:45:00+00:00,continuous,94291.5,94313.0,94210.2,94311.6,7701700.673499983
2025-11-16 20:50:59.302000+00:00,2025-11-16 20:48:00+00:00,continuous,94311.6,94311.6,94168.7,94201.7,8619211.728699999
2025-11-16 20:53:59.345000+00:00,2025-11-16 20:51:00+00:00,continuous,94201.6,94238.9,94157.6,94163.7,9890143.351300012
2025-11-16 20:56:59.765000+00:00,2025-11-16 20:54:00+00:00,continuous,94163.8,94215.2,94163.8,94201.1,4585692.828799996
2025-11-16 20:59:59.928000+00:00,2025-11-16 20:57:00+00:00,continuous,94201.1,94225.5,94050.0,94051.1,22393893.82879997
2025-11-16 21:02:59.372000+00:00,2025-11-16 21:00:00+00:00,continuous,94051.1,94171.5,94026.1,94045.0,23879560.582499977
2025-11-16 21:05:59.880000+00:00,2025-11-16 21:03:00+00:00,continuous,94045.1,94045.1,93701.9,93750.1,94841591.69980024
2025-11-16 21:08:59.917000+00:00,2025-11-16 21:06:00+00:00,continuous,93750.1,93888.0,93555.0,93588.3,144899201.4279001
2025-11-16 21:11:59.894000+00:00,2025-11-16 21:09:00+00:00,continuous,93588.4,93797.0,93588.4,93760.8,76829983.64879982
2025-11-16 21:14:59.892000+00:00,2025-11-16 21:12:00+00:00,continuous,93760.9,93786.2,93645.0,93745.6,34059911.67409999
2025-11-16 21:17:59.858000+00:00,2025-11-16 21:15:00+00:00,continuous,93745.6,93800.0,93700.0,93771.1,27979334.157
2025-11-16 21:20:59.765000+00:00,2025-11-16 21:18:00+00:00,continuous,93771.1,93836.7,93625.0,93713.0,34710530.21500003
2025-11-16 21:23:59.928000+00:00,2025-11-16 21:21:00+00:00,continuous,93712.9,93800.0,93666.8,93700.3,18676695.99339997
2025-11-16 21:26:59.929000+00:00,2025-11-16 21:24:00+00:00,continuous,93700.2,93700.2,93555.8,93600.1,24180189.298000034
2025-11-16 21:29:59.858000+00:00,2025-11-16 21:27:00+00:00,continuous,93600.1,93664.0,93555.0,93648.2,40763662.31859986
2025-11-16 21:32:59.859000+00:00,2025-11-16 21:30:00+00:00,continuous,93648.3,93750.1,93600.0,93707.0,27830617.524900038
2025-11-16 21:35:59.933000+00:00,2025-11-16 21:33:00+00:00,continuous,93707.0,93803.7,93619.7,93619.7,32825587.20050008
2025-11-16 21:38:59.949000+00:00,2025-11-16 21:36:00+00:00,continuous,93619.7,93695.8,93570.8,93580.0,39601601.316899955
2025-11-16 21:41:59.957000+00:00,2025-11-16 21:39:00+00:00,continuous,93580.1,93666.0,93566.0,93666.0,15316958.524099996
2025-11-16 21:44:59.953000+00:00,2025-11-16 21:42:00+00:00,continuous,93665.9,93665.9,93285.0,93455.9,153828693.79420015
2025-11-16 21:47:59.704000+00:00,2025-11-16 21:45:00+00:00,continuous,93455.9,93634.2,93400.0,93456.5,54487421.9548999
2025-11-16 21:50:59.902000+00:00,2025-11-16 21:48:00+00:00,continuous,93456.6,93496.6,93370.3,93481.0,44745696.06850007
2025-11-16 21:53:59.998000+00:00,2025-11-16 21:51:00+00:00,continuous,93480.9,93541.6,93432.6,93488.9,16639942.963399988
2025-11-16 21:56:59.743000+00:00,2025-11-16 21:54:00+00:00,continuous,93488.8,93496.1,93400.0,93480.3,22787654.797499996
2025-11-16 21:59:59.854000+00:00,2025-11-16 21:57:00+00:00,continuous,93480.2,93480.3,93373.1,93472.9,19294325.560000002
2025-11-16 22:02:59.988000+00:00,2025-11-16 22:00:00+00:00,continuous,93473.0,93500.0,93200.0,93257.5,92094724.8598002
2025-11-16 22:05:59.860000+00:00,2025-11-16 22:03:00+00:00,continuous,93257.4,93270.3,93111.0,93112.9,82665129.85030061
2025-11-16 22:08:59.935000+00:00,2025-11-16 22:06:00+00:00,continuous,93112.9,93178.4,93015.2,93029.9,56663343.475599945
2025-11-16 22:11:59.969000+00:00,2025-11-16 22:09:00+00:00,continuous,93029.8,93133.0,93000.0,93126.9,101298311.39560002
2025-11-16 22:14:59.997000+00:00,2025-11-16 22:12:00+00:00,continuous,93126.8,93505.0,93100.9,93336.3,60293827.603599876
2025-11-16 22:17:59.493000+00:00,2025-11-16 22:15:00+00:00,continuous,93336.4,93375.4,93166.9,93288.1,37976085.86569985
2025-11-16 22:20:59.850000+00:00,2025-11-16 22:18:00+00:00,continuous,93288.1,93574.9,93288.1,93450.5,43540023.69240004
2025-11-16 22:23:59.952000+00:00,2025-11-16 22:21:00+00:00,continuous,93450.6,93516.7,93318.4,93376.7,18637211.550199963
2025-11-16 22:26:59.998000+00:00,2025-11-16 22:24:00+00:00,continuous,93376.8,93575.4,93376.7,93484.7,23651041.884499993
2025-11-16 22:29:59.474000+00:00,2025-11-16 22:27:00+00:00,continuous,93484.7,93743.7,93484.7,93635.2,47850698.46050002
2025-11-16 22:32:59.996000+00:00,2025-11-16 22:30:00+00:00,continuous,93635.3,93786.8,93526.0,93767.7,47453131.406299904
2025-11-16 22:35:59.961000+00:00,2025-11-16 22:33:00+00:00,continuous,93767.6,93850.0,93684.4,93766.3,22645201.47320005
2025-11-16 22:38:59.959000+00:00,2025-11-16 22:36:00+00:00,continuous,93766.3,93840.2,93731.3,93835.0,21633493.314099986
2025-11-16 22:41:59.591000+00:00,2025-11-16 22:39:00+00:00,continuous,93834.9,93835.0,93555.1,93577.0,20484460.5034
2025-11-16 22:44:59.848000+00:00,2025-11-16 22:42:00+00:00,continuous,93577.1,93667.3,93523.9,93530.1,14905060.923899973
2025-11-16 22:47:59.802000+00:00,2025-11-16 22:45:00+00:00,continuous,93530.2,93777.8,93500.0,93752.8,20358969.175000038
2025-11-16 22:50:59.991000+00:00,2025-11-16 22:48:00+00:00,continuous,93752.8,94284.3,93716.5,94142.6,74728877.91580017
2025-11-16 22:53:59.924000+00:00,2025-11-16 22:51:00+00:00,continuous,94142.6,94473.3,94100.0,94461.7,77420784.98129977
2025-11-16 22:56:59.929000+00:00,2025-11-16 22:54:00+00:00,continuous,94461.7,94481.7,94257.6,94374.0,69708394.53310019
2025-11-16 22:59:59.985000+00:00,2025-11-16 22:57:00+00:00,continuous,94374.0,94374.0,94105.0,94156.7,30386950.370500013
2025-11-16 23:02:59.948000+00:00,2025-11-16 23:00:00+00:00,continuous,94156.6,94166.5,93037.6,93105.2,148886279.5444
2025-11-16 23:05:59.846000+00:00,2025-11-16 23:03:00+00:00,continuous,93102.8,93318.5,92922.8,93130.0,152206131.66780126
2025-11-16 23:08:59.996000+00:00,2025-11-16 23:06:00+00:00,continuous,93129.7,93509.4,93036.5,93325.5,83107917.06150012
2025-11-16 23:11:59.907000+00:00,2025-11-16 23:09:00+00:00,continuous,93325.4,93806.9,93323.5,93709.0,60308351.82219985
2025-11-16 23:14:59.917000+00:00,2025-11-16 23:12:00+00:00,continuous,93709.0,93922.1,93662.1,93785.7,54539831.65449986
2025-11-16 23:17:59.611000+00:00,2025-11-16 23:15:00+00:00,continuous,93783.9,94120.7,93753.7,93982.3,69794175.20640007
2025-11-16 23:20:59.956000+00:00,2025-11-16 23:18:00+00:00,continuous,93982.3,93982.3,93780.0,93885.8,43831589.66289991
2025-11-16 23:23:59.921000+00:00,2025-11-16 23:21:00+00:00,continuous,93885.8,94122.0,93873.2,94078.1,35459980.13170005
2025-11-16 23:26:59.988000+00:00,2025-11-16 23:24:00+00:00,continuous,94078.1,94360.0,94068.4,94210.0,58038334.997499876
2025-11-16 23:29:59.741000+00:00,2025-11-16 23:27:00+00:00,continuous,94209.9,94319.5,94185.3,94200.0,28308027.74140001
2025-11-16 23:32:59.936000+00:00,2025-11-16 23:30:00+00:00,continuous,94200.0,94350.0,94069.9,94208.4,54114830.52080008
2025-11-16 23:35:59.683000+00:00,2025-11-16 23:33:00+00:00,continuous,94208.3,94279.2,94018.0,94201.9,34255255.03140004
2025-11-16 23:38:59.510000+00:00,2025-11-16 23:36:00+00:00,continuous,94201.9,94383.0,94201.9,94296.4,31175891.818699963
2025-11-16 23:41:59.864000+00:00,2025-11-16 23:39:00+00:00,continuous,94296.3,94356.1,94223.2,94288.5,16971092.642700054
2025-11-16 23:44:59.999000+00:00,2025-11-16 23:42:00+00:00,continuous,94288.5,94370.0,94288.4,94315.2,14760262.430300001
2025-11-16 23:47:59.671000+00:00,2025-11-16 23:45:00+00:00,continuous,94314.9,94465.1,94272.1,94350.9,23509873.381199945
2025-11-16 23:50:59.898000+00:00,2025-11-16 23:48:00+00:00,continuous,94351.0,94441.4,94241.8,94417.6,18295125.41479995
2025-11-16 23:53:59.736000+00:00,2025-11-16 23:51:00+00:00,continuous,94417.5,94528.8,94409.0,94479.1,27631572.720099904
2025-11-16 23:56:59.907000+00:00,2025-11-16 23:54:00+00:00,continuous,94479.0,94496.5,94200.7,94306.5,29711240.79450005
2025-11-16 23:59:59.597000+00:00,2025-11-16 23:57:00+00:00,continuous,94306.6,94306.6,94192.5,94221.7,26618075.583199985
2025-11-17 00:02:59.787000+00:00,2025-11-17 00:00:00+00:00,continuous,94221.7,94261.9,94177.8,94221.5,37409953.317600146
2025-11-17 00:05:59.978000+00:00,2025-11-17 00:03:00+00:00,continuous,94221.6,94265.8,94087.0,94185.7,26023524.832799897
2025-11-17 00:08:58.859000+00:00,2025-11-17 00:06:00+00:00,continuous,94185.6,94420.0,94150.9,94345.1,29080175.7101
2025-11-17 00:11:59.705000+00:00,2025-11-17 00:09:00+00:00,continuous,94345.0,94448.4,94233.0,94413.7,25484915.86890003
2025-11-17 00:14:59.806000+00:00,2025-11-17 00:12:00+00:00,continuous,94413.7,94453.6,94198.8,94198.8,16601464.503699979
2025-11-17 00:17:59.735000+00:00,2025-11-17 00:15:00+00:00,continuous,94198.9,94231.1,93929.9,93929.9,55008488.61420013
2025-11-17 00:20:59.952000+00:00,2025-11-17 00:18:00+00:00,continuous,93930.0,94034.4,93742.0,93880.1,62681058.51130009
2025-11-17 00:23:59.758000+00:00,2025-11-17 00:21:00+00:00,continuous,93880.1,93880.1,93730.0,93813.0,24521328.783999905
2025-11-17 00:26:59.867000+00:00,2025-11-17 00:24:00+00:00,continuous,93813.0,94590.0,93813.0,94521.7,86072847.65450042
2025-11-17 00:29:59.984000+00:00,2025-11-17 00:27:00+00:00,continuous,94521.8,94699.0,94509.8,94688.0,54717872.99040042
2025-11-17 00:32:59.890000+00:00,2025-11-17 00:30:00+00:00,continuous,94687.9,94916.9,94634.3,94643.9,116927628.28339952
2025-11-17 00:35:59.970000+00:00,2025-11-17 00:33:00+00:00,continuous,94643.9,94985.0,94534.5,94879.4,55827565.607199855
2025-11-17 00:38:59.972000+00:00,2025-11-17 00:36:00+00:00,continuous,94879.3,94939.8,94755.9,94924.4,39490715.40290006
2025-11-17 00:41:59.964000+00:00,2025-11-17 00:39:00+00:00,continuous,94924.3,94997.5,94798.9,94801.9,62207042.76369999
2025-11-17 00:44:59.524000+00:00,2025-11-17 00:42:00+00:00,continuous,94801.8,94868.3,94660.1,94674.0,38693822.44849988
2025-11-17 00:47:59.496000+00:00,2025-11-17 00:45:00+00:00,continuous,94674.0,94687.7,94510.2,94610.9,32181924.306700014
2025-11-17 00:50:59.882000+00:00,2025-11-17 00:48:00+00:00,continuous,94610.9,94854.9,94610.8,94847.8,28141697.06589998
2025-11-17 00:53:59.848000+00:00,2025-11-17 00:51:00+00:00,continuous,94847.9,95134.5,94754.2,95113.4,125570756.14750014
2025-11-17 00:56:59.887000+00:00,2025-11-17 00:54:00+00:00,continuous,95113.5,95255.0,95000.0,95165.4,63006004.209500134
2025-11-17 00:59:59.946000+00:00,2025-11-17 00:57:00+00:00,continuous,95165.4,95354.3,95153.7,95254.4,73490376.26859978
2025-11-17 01:02:59.978000+00:00,2025-11-17 01:00:00+00:00,continuous,95254.4,95450.0,95224.4,95413.2,61669603.18530024
2025-11-17 01:05:59.929000+00:00,2025-11-17 01:03:00+00:00,continuous,95413.3,95470.2,95127.3,95155.0,58233975.08670021
2025-11-17 01:08:59.977000+00:00,2025-11-17 01:06:00+00:00,continuous,95155.1,95188.4,95030.8,95146.1,44850349.22199985
2025-11-17 01:11:59.944000+00:00,2025-11-17 01:09:00+00:00,continuous,95146.0,95242.8,95050.0,95075.5,23293705.925299972
2025-11-17 01:14:59.997000+00:00,2025-11-17 01:12:00+00:00,continuous,95075.5,95200.0,95070.2,95071.0,14737451.15809999
2025-11-17 01:17:59.980000+00:00,2025-11-17 01:15:00+00:00,continuous,95071.1,95081.6,94907.2,94942.1,27566305.02930001
2025-11-17 01:20:59.951000+00:00,2025-11-17 01:18:00+00:00,continuous,94942.1,94977.9,94888.3,94888.3,22679221.62960001
2025-11-17 01:23:59.452000+00:00,2025-11-17 01:21:00+00:00,continuous,94888.3,95057.6,94833.5,94896.9,33694197.494600005
2025-11-17 01:26:59.865000+00:00,2025-11-17 01:24:00+00:00,continuous,94897.0,95034.2,94855.1,94972.9,33151949.964399993
2025-11-17 01:29:59.945000+00:00,2025-11-17 01:27:00+00:00,continuous,94972.9,95148.0,94955.4,95116.2,20854963.764199972
2025-11-17 01:32:59.749000+00:00,2025-11-17 01:30:00+00:00,continuous,95116.2,95116.2,94973.4,95022.1,12262340.628499998
2025-11-17 01:35:59.999000+00:00,2025-11-17 01:33:00+00:00,continuous,95022.0,95098.9,94913.1,95050.9,17125884.73150002
2025-11-17 01:38:59.446000+00:00,2025-11-17 01:36:00+00:00,continuous,95050.8,95100.0,95008.0,95023.5,9686830.786299994
2025-11-17 01:41:59.727000+00:00,2025-11-17 01:39:00+00:00,continuous,95023.5,95023.5,94925.1,94957.8,9288006.061200002
2025-11-17 01:44:59.361000+00:00,2025-11-17 01:42:00+00:00,continuous,94957.7,94977.8,94855.0,94880.0,12805951.41159999
2025-11-17 01:47:59.975000+00:00,2025-11-17 01:45:00+00:00,continuous,94880.1,95010.7,94871.3,94905.1,10587754.867300017
2025-11-17 01:50:59.615000+00:00,2025-11-17 01:48:00+00:00,continuous,94905.1,94963.8,94821.1,94837.6,13272498.696800001
2025-11-17 01:53:59.426000+00:00,2025-11-17 01:51:00+00:00,continuous,94837.6,94886.5,94762.0,94767.3,13633720.673699986
2025-11-17 01:56:59.412000+00:00,2025-11-17 01:54:00+00:00,continuous,94767.2,94787.7,94672.1,94753.9,19301185.795699954
2025-11-17 01:59:59.892000+00:00,2025-11-17 01:57:00+00:00,continuous,94754.0,94795.0,94728.0,94732.5,14525048.502200022
2025-11-17 02:02:59.760000+00:00,2025-11-17 02:00:00+00:00,continuous,94732.5,94808.2,94673.5,94734.9,17744745.746200033
2025-11-17 02:05:59.988000+00:00,2025-11-17 02:03:00+00:00,continuous,94734.9,94970.8,94673.6,94938.9,22354597.746999953
2025-11-17 02:08:59.800000+00:00,2025-11-17 02:06:00+00:00,continuous,94939.0,95066.6,94892.0,94920.2,17595785.791600026
2025-11-17 02:11:59.965000+00:00,2025-11-17 02:09:00+00:00,continuous,94920.2,95362.2,94861.6,95248.5,58513609.954299934
2025-11-17 02:14:59.688000+00:00,2025-11-17 02:12:00+00:00,continuous,95248.4,95299.5,95188.7,95283.0,29913714.99399996
2025-11-17 02:17:59.652000+00:00,2025-11-17 02:15:00+00:00,continuous,95282.9,95384.6,95133.4,95166.8,41351149.07310001
2025-11-17 02:20:59.962000+00:00,2025-11-17 02:18:00+00:00,continuous,95166.8,95166.8,95017.0,95127.2,25442202.54920002
2025-11-17 02:23:59.883000+00:00,2025-11-17 02:21:00+00:00,continuous,95127.2,95200.4,95105.6,95199.9,21303114.094899934
2025-11-17 02:26:59.881000+00:00,2025-11-17 02:24:00+00:00,continuous,95199.9,95250.0,95013.2,95029.1,18937444.897399988
2025-11-17 02:29:58.625000+00:00,2025-11-17 02:27:00+00:00,continuous,95029.0,95131.3,95029.0,95131.2,9847918.910400016
2025-11-17 02:32:59.864000+00:00,2025-11-17 02:30:00+00:00,continuous,95131.3,95215.5,95085.6,95150.0,18346028.885999985
2025-11-17 02:35:59.119000+00:00,2025-11-17 02:33:00+00:00,continuous,95150.0,95150.0,95027.0,95075.5,10742004.332799995
2025-11-17 02:38:59.913000+00:00,2025-11-17 02:36:00+00:00,continuous,95075.5,95094.0,95032.7,95032.8,8768010.0855
2025-11-17 02:41:58.063000+00:00,2025-11-17 02:39:00+00:00,continuous,95032.8,95050.0,94951.3,94986.8,19345491.145200014
2025-11-17 02:44:59.900000+00:00,2025-11-17 02:42:00+00:00,continuous,94986.9,94986.9,94880.6,94934.9,16982001.86570003
2025-11-17 02:47:59.111000+00:00,2025-11-17 02:45:00+00:00,continuous,94934.9,94961.0,94870.3,94902.8,13515524.231700014
2025-11-17 02:50:59.236000+00:00,2025-11-17 02:48:00+00:00,continuous,94902.7,94951.8,94883.0,94951.7,7173773.890600005
2025-11-17 02:53:59.981000+00:00,2025-11-17 02:51:00+00:00,continuous,94951.8,94988.7,94856.3,94944.9,11509774.845400022
2025-11-17 02:56:58.011000+00:00,2025-11-17 02:54:00+00:00,continuous,94944.9,94961.4,94892.6,94961.4,9224006.844799997
2025-11-17 02:59:59.979000+00:00,2025-11-17 02:57:00+00:00,continuous,94961.3,94976.9,94888.0,94942.1,7934757.087999988
2025-11-17 03:02:58.902000+00:00,2025-11-17 03:00:00+00:00,continuous,94942.1,95044.2,94933.8,95000.1,15409418.864199976
2025-11-17 03:05:59.429000+00:00,2025-11-17 03:03:00+00:00,continuous,95000.0,95053.5,94971.9,95053.5,16394448.371799987
2025-11-17 03:08:59.559000+00:00,2025-11-17 03:06:00+00:00,continuous,95053.5,95179.7,95047.9,95170.7,20602572.53429994
2025-11-17 03:11:59.909000+00:00,2025-11-17 03:09:00+00:00,continuous,95170.7,95280.0,95112.1,95257.9,23510179.32569991
2025-11-17 03:14:59.783000+00:00,2025-11-17 03:12:00+00:00,continuous,95257.9,95333.0,95256.7,95331.0,25795976.33680006
2025-11-17 03:17:59.966000+00:00,2025-11-17 03:15:00+00:00,continuous,95330.9,95409.2,95319.6,95325.3,43014595.23110006
2025-11-17 03:20:59.566000+00:00,2025-11-17 03:18:00+00:00,continuous,95325.3,95343.0,95128.1,95210.0,25035215.132099986
2025-11-17 03:23:59.998000+00:00,2025-11-17 03:21:00+00:00,continuous,95210.0,95523.3,95207.7,95486.0,77592860.8947001
2025-11-17 03:26:59.819000+00:00,2025-11-17 03:24:00+00:00,continuous,95486.0,95539.3,95398.0,95450.0,32979154.29730007
2025-11-17 03:29:59.737000+00:00,2025-11-17 03:27:00+00:00,continuous,95450.0,95450.1,95348.4,95399.7,16591133.620600026
2025-11-17 03:32:59.814000+00:00,2025-11-17 03:30:00+00:00,continuous,95399.6,95473.0,95399.6,95431.8,8390169.427000005
2025-11-17 03:35:59.726000+00:00,2025-11-17 03:33:00+00:00,continuous,95431.9,95468.7,95277.6,95288.2,19221198.43080001
2025-11-17 03:38:59.778000+00:00,2025-11-17 03:36:00+00:00,continuous,95288.2,95308.5,95228.6,95228.7,12885449.365999987
2025-11-17 03:41:59.867000+00:00,2025-11-17 03:39:00+00:00,continuous,95228.6,95321.0,95176.1,95321.0,17170058.723999955
2025-11-17 03:44:59.054000+00:00,2025-11-17 03:42:00+00:00,continuous,95321.0,95371.0,95299.3,95315.1,8880717.015499992
2025-11-17 03:47:59.716000+00:00,2025-11-17 03:45:00+00:00,continuous,95315.1,95380.9,95270.3,95324.2,13170820.8015
2025-11-17 03:50:59.895000+00:00,2025-11-17 03:48:00+00:00,continuous,95324.3,95380.1,95292.3,95340.7,8174055.325700002
2025-11-17 03:53:59.578000+00:00,2025-11-17 03:51:00+00:00,continuous,95340.7,95482.1,95340.7,95430.5,19916913.725599974
2025-11-17 03:56:58.995000+00:00,2025-11-17 03:54:00+00:00,continuous,95430.5,95437.0,95352.0,95403.9,10197045.151400022
2025-11-17 03:59:59.993000+00:00,2025-11-17 03:57:00+00:00,continuous,95403.9,95480.0,95374.0,95472.1,12592211.236000005
2025-11-17 04:02:59.942000+00:00,2025-11-17 04:00:00+00:00,continuous,95472.0,95541.6,95455.9,95456.0,22103907.409200046
2025-11-17 04:05:59.985000+00:00,2025-11-17 04:03:00+00:00,continuous,95455.9,95498.5,95298.2,95310.7,21295692.957900017
2025-11-17 04:08:59.391000+00:00,2025-11-17 04:06:00+00:00,continuous,95310.7,95380.0,95307.9,95335.5,11475909.120900018
2025-11-17 04:11:59.935000+00:00,2025-11-17 04:09:00+00:00,continuous,95335.4,95364.0,95172.3,95246.7,64021849.57649983
2025-11-17 04:14:59.986000+00:00,2025-11-17 04:12:00+00:00,continuous,95246.8,95265.0,95067.8,95131.2,74224532.83439985
2025-11-17 04:17:59.990000+00:00,2025-11-17 04:15:00+00:00,continuous,95131.2,95182.0,94990.3,94990.3,80838326.69729991
2025-11-17 04:20:59.747000+00:00,2025-11-17 04:18:00+00:00,continuous,94990.4,95020.6,94915.9,94946.0,31199359.515300073
2025-11-17 04:23:59.657000+00:00,2025-11-17 04:21:00+00:00,continuous,94946.0,95032.8,94850.0,94957.8,44924208.81749994
2025-11-17 04:26:59.814000+00:00,2025-11-17 04:24:00+00:00,continuous,94957.8,95350.0,94957.8,95335.5,34910894.51779995
2025-11-17 04:29:59.882000+00:00,2025-11-17 04:27:00+00:00,continuous,95335.6,95467.9,95333.7,95378.6,48443976.718000054
2025-11-17 04:32:59.933000+00:00,2025-11-17 04:30:00+00:00,continuous,95378.6,95400.0,95279.5,95282.5,19318786.048200034
2025-11-17 04:35:59.873000+00:00,2025-11-17 04:33:00+00:00,continuous,95282.6,95286.5,95122.4,95190.5,18577619.55750003
2025-11-17 04:38:59.967000+00:00,2025-11-17 04:36:00+00:00,continuous,95190.6,95230.6,95165.3,95190.6,14809797.83010001
2025-11-17 04:41:59.996000+00:00,2025-11-17 04:39:00+00:00,continuous,95190.6,95319.6,95190.5,95272.0,19324533.66330002
2025-11-17 04:44:59.941000+00:00,2025-11-17 04:42:00+00:00,continuous,95272.1,95358.5,95262.5,95327.1,11266272.976899989
2025-11-17 04:47:59.775000+00:00,2025-11-17 04:45:00+00:00,continuous,95327.0,95339.1,95232.5,95232.8,8337675.557000011
2025-11-17 04:50:59.862000+00:00,2025-11-17 04:48:00+00:00,continuous,95232.7,95274.4,95200.0,95203.9,7418609.6489000125
2025-11-17 04:53:59.817000+00:00,2025-11-17 04:51:00+00:00,continuous,95203.8,95262.6,95107.2,95129.9,20100394.155799974
2025-11-17 04:56:58.337000+00:00,2025-11-17 04:54:00+00:00,continuous,95129.9,95150.8,95105.4,95123.9,8082980.930800004
2025-11-17 04:59:59.966000+00:00,2025-11-17 04:57:00+00:00,continuous,95123.9,95173.8,95057.5,95067.8,20465820.999900028
2025-11-17 05:02:59.045000+00:00,2025-11-17 05:00:00+00:00,continuous,95067.8,95086.9,94998.8,95016.3,17130543.47119997
2025-11-17 05:05:59.303000+00:00,2025-11-17 05:03:00+00:00,continuous,95016.4,95042.9,95007.0,95020.5,7793881.793000006
2025-11-17 05:08:59.987000+00:00,2025-11-17 05:06:00+00:00,continuous,95020.5,95167.5,95000.0,95000.0,16325708.031000026
2025-11-17 05:11:59.517000+00:00,2025-11-17 05:09:00+00:00,continuous,95000.0,95000.1,94911.2,94919.9,17250121.386299998
2025-11-17 05:14:59.389000+00:00,2025-11-17 05:12:00+00:00,continuous,94920.0,94937.9,94896.0,94910.8,11930961.011600008
2025-11-17 05:17:59.358000+00:00,2025-11-17 05:15:00+00:00,continuous,94910.8,95100.0,94893.4,94999.9,19272066.12859999
2025-11-17 05:20:59.399000+00:00,2025-11-17 05:18:00+00:00,continuous,94999.9,95038.4,94900.0,94993.7,19506162.101200044
2025-11-17 05:23:59.583000+00:00,2025-11-17 05:21:00+00:00,continuous,94993.7,95005.3,94866.2,94899.8,10805792.328600004
2025-11-17 05:26:58.137000+00:00,2025-11-17 05:24:00+00:00,continuous,94899.8,95024.9,94894.3,95015.4,10775658.571400013
2025-11-17 05:29:59.738000+00:00,2025-11-17 05:27:00+00:00,continuous,95015.3,95150.0,95013.6,95112.1,11671112.548999969
2025-11-17 05:32:59.688000+00:00,2025-11-17 05:30:00+00:00,continuous,95112.1,95183.3,95092.5,95154.7,9555922.66990001
2025-11-17 05:35:59.523000+00:00,2025-11-17 05:33:00+00:00,continuous,95154.7,95182.5,95016.4,95040.0,10777199.148100015
2025-11-17 05:38:59.655000+00:00,2025-11-17 05:36:00+00:00,continuous,95040.0,95129.0,95014.4,95014.4,11541690.557699982
2025-11-17 05:41:59.869000+00:00,2025-11-17 05:39:00+00:00,continuous,95014.4,95085.7,94991.2,95085.7,7669352.808199994
2025-11-17 05:44:59.562000+00:00,2025-11-17 05:42:00+00:00,continuous,95085.7,95121.0,95066.1,95090.1,4554172.300400009
2025-11-17 05:47:59.610000+00:00,2025-11-17 05:45:00+00:00,continuous,95090.0,95166.6,95080.0,95147.4,5767987.573900007
2025-11-17 05:50:59.554000+00:00,2025-11-17 05:48:00+00:00,continuous,95147.3,95236.0,95145.0,95195.0,7825065.53730001
2025-11-17 05:53:59.614000+00:00,2025-11-17 05:51:00+00:00,continuous,95195.0,95230.8,95095.2,95112.1,12964329.5785
2025-11-17 05:56:58.780000+00:00,2025-11-17 05:54:00+00:00,continuous,95112.2,95177.9,95099.5,95163.9,3835721.272800004
2025-11-17 05:59:59.911000+00:00,2025-11-17 05:57:00+00:00,continuous,95163.8,95200.0,95060.0,95088.6,6681687.393899993
2025-11-17 06:02:59.375000+00:00,2025-11-17 06:00:00+00:00,continuous,95088.6,95200.0,95088.6,95199.9,6263691.120100011
2025-11-17 06:05:59.720000+00:00,2025-11-17 06:03:00+00:00,continuous,95200.0,95205.4,95125.8,95154.9,6382818.463200004
2025-11-17 06:08:59.701000+00:00,2025-11-17 06:06:00+00:00,continuous,95155.0,95203.0,95100.0,95108.0,6102948.203999998
2025-11-17 06:11:59.825000+00:00,2025-11-17 06:09:00+00:00,continuous,95108.0,95110.1,94950.1,94985.5,13658491.997300016
2025-11-17 06:14:59.787000+00:00,2025-11-17 06:12:00+00:00,continuous,94985.4,94985.5,94852.0,94916.7,36957575.465499826
2025-11-17 06:17:59.892000+00:00,2025-11-17 06:15:00+00:00,continuous,94916.7,95007.1,94851.6,95007.1,20126621.875400037
2025-11-17 06:20:59.835000+00:00,2025-11-17 06:18:00+00:00,continuous,95007.2,95112.7,95007.2,95033.4,9543843.795299996
2025-11-17 06:23:58.906000+00:00,2025-11-17 06:21:00+00:00,continuous,95033.6,95081.3,94920.0,94965.7,14915683.702700013
2025-11-17 06:26:59.959000+00:00,2025-11-17 06:24:00+00:00,continuous,94965.7,94995.2,94934.1,94989.4,7162870.797200003
2025-11-17 06:29:59.897000+00:00,2025-11-17 06:27:00+00:00,continuous,94989.5,95059.1,94984.1,95023.9,4480099.851199996
2025-11-17 06:32:59.956000+00:00,2025-11-17 06:30:00+00:00,continuous,95023.9,95042.2,94878.9,94879.0,12107303.739500005
2025-11-17 06:35:59.914000+00:00,2025-11-17 06:33:00+00:00,continuous,94879.0,94935.7,94862.0,94883.0,8144473.528800027
2025-11-17 06:38:59.896000+00:00,2025-11-17 06:36:00+00:00,continuous,94883.0,94923.4,94883.0,94923.4,3567234.4546999983
2025-11-17 06:41:59.903000+00:00,2025-11-17 06:39:00+00:00,continuous,94923.4,94939.1,94880.9,94899.0,7650731.911000013
2025-11-17 06:44:59.134000+00:00,2025-11-17 06:42:00+00:00,continuous,94898.9,94918.6,94875.3,94898.8,4797939.906300003
2025-11-17 06:47:59.931000+00:00,2025-11-17 06:45:00+00:00,continuous,94898.8,94987.8,94884.0,94971.3,12661226.742199976
2025-11-17 06:50:59.898000+00:00,2025-11-17 06:48:00+00:00,continuous,94971.4,94999.7,94956.8,94999.6,3215966.5917000044
2025-11-17 06:53:59.783000+00:00,2025-11-17 06:51:00+00:00,continuous,94999.7,95222.1,94999.6,95222.1,28959165.191699967
2025-11-17 06:56:59.898000+00:00,2025-11-17 06:54:00+00:00,continuous,95222.1,95256.7,95132.2,95225.0,22431420.7181
2025-11-17 06:59:59.677000+00:00,2025-11-17 06:57:00+00:00,continuous,95225.1,95300.0,95225.1,95237.3,13746317.006800018
2025-11-17 07:02:59.881000+00:00,2025-11-17 07:00:00+00:00,continuous,95237.3,95302.8,95198.5,95247.3,11586153.884499982
2025-11-17 07:05:59.937000+00:00,2025-11-17 07:03:00+00:00,continuous,95247.2,95247.2,95163.4,95193.4,8268645.985900006
2025-11-17 07:08:59.767000+00:00,2025-11-17 07:06:00+00:00,continuous,95193.4,95435.7,95180.2,95405.2,23592973.781399947
2025-11-17 07:11:59.662000+00:00,2025-11-17 07:09:00+00:00,continuous,95405.2,95407.6,95334.1,95363.0,16066055.611099979
2025-11-17 07:14:59.150000+00:00,2025-11-17 07:12:00+00:00,continuous,95363.0,95363.6,95232.0,95278.8,29104325.84820002
2025-11-17 07:17:59.772000+00:00,2025-11-17 07:15:00+00:00,continuous,95278.8,95420.0,95274.0,95419.9,13382176.610700013
2025-11-17 07:20:59.778000+00:00,2025-11-17 07:18:00+00:00,continuous,95419.9,95450.0,95350.0,95449.9,18948756.570399985
2025-11-17 07:23:59.988000+00:00,2025-11-17 07:21:00+00:00,continuous,95450.0,95528.9,95450.0,95486.3,25508263.381200027
2025-11-17 07:26:59.659000+00:00,2025-11-17 07:24:00+00:00,continuous,95486.2,95614.4,95411.5,95459.5,44263966.58999987
2025-11-17 07:29:59.994000+00:00,2025-11-17 07:27:00+00:00,continuous,95459.6,95500.0,95399.0,95399.0,11317180.804200003
2025-11-17 07:32:59.272000+00:00,2025-11-17 07:30:00+00:00,continuous,95398.9,95414.0,95333.9,95367.4,10132376.77070001
2025-11-17 07:35:59.809000+00:00,2025-11-17 07:33:00+00:00,continuous,95367.4,95530.0,95367.4,95494.9,14539524.062799973
2025-11-17 07:38:59.894000+00:00,2025-11-17 07:36:00+00:00,continuous,95494.9,95637.0,95450.0,95603.9,45759286.423900016
2025-11-17 07:41:59.945000+00:00,2025-11-17 07:39:00+00:00,continuous,95603.8,95729.9,95585.3,95723.6,41820546.2746001
2025-11-17 07:44:59.544000+00:00,2025-11-17 07:42:00+00:00,continuous,95723.6,95774.3,95668.8,95695.3,21779852.691100013
2025-11-17 07:47:59.487000+00:00,2025-11-17 07:45:00+00:00,continuous,95695.3,95820.0,95695.2,95746.4,36389865.36749993
2025-11-17 07:50:59.999000+00:00,2025-11-17 07:48:00+00:00,continuous,95746.5,95838.0,95700.0,95786.6,24273373.95709992
2025-11-17 07:53:59.220000+00:00,2025-11-17 07:51:00+00:00,continuous,95786.7,95810.0,95643.1,95689.0,21554947.543400045
2025-11-17 07:56:59.951000+00:00,2025-11-17 07:54:00+00:00,continuous,95689.0,95716.8,95650.0,95681.0,16666305.753600037
2025-11-17 07:59:59.827000+00:00,2025-11-17 07:57:00+00:00,continuous,95681.0,95700.0,95587.8,95587.9,18530391.118300006
2025-11-17 08:02:59.430000+00:00,2025-11-17 08:00:00+00:00,continuous,95587.9,95678.3,95573.2,95638.1,14394026.117999984
2025-11-17 08:05:59.776000+00:00,2025-11-17 08:03:00+00:00,continuous,95638.1,95720.8,95617.2,95697.0,13996576.835900035
2025-11-17 08:08:59.714000+00:00,2025-11-17 08:06:00+00:00,continuous,95697.0,95704.9,95641.5,95663.9,10397896.762799967
2025-11-17 08:11:59.624000+00:00,2025-11-17 08:09:00+00:00,continuous,95663.8,95696.0,95614.4,95628.9,11828390.642300002
2025-11-17 08:14:59.927000+00:00,2025-11-17 08:12:00+00:00,continuous,95629.0,95688.0,95614.5,95614.6,7938044.366599994
2025-11-17 08:17:59.504000+00:00,2025-11-17 08:15:00+00:00,continuous,95614.6,95800.0,95606.5,95769.6,27829404.0457
2025-11-17 08:20:59.985000+00:00,2025-11-17 08:18:00+00:00,continuous,95769.6,95801.8,95744.3,95776.5,17994788.9376
2025-11-17 08:23:59.821000+00:00,2025-11-17 08:21:00+00:00,continuous,95776.6,95955.0,95776.5,95913.3,58926575.49220012
2025-11-17 08:26:59.804000+00:00,2025-11-17 08:24:00+00:00,continuous,95913.3,95980.1,95851.3,95851.3,39286389.384799995
2025-11-17 08:29:59.988000+00:00,2025-11-17 08:27:00+00:00,continuous,95851.4,95882.1,95763.9,95804.1,24344568.38589998
2025-11-17 08:32:59.828000+00:00,2025-11-17 08:30:00+00:00,continuous,95804.2,95873.0,95726.2,95738.1,17812132.457899988
2025-11-17 08:35:59.914000+00:00,2025-11-17 08:33:00+00:00,continuous,95738.0,95739.9,95675.3,95697.8,23682462.291800022
2025-11-17 08:38:59.521000+00:00,2025-11-17 08:36:00+00:00,continuous,95697.8,95697.8,95620.1,95665.3,15989330.958299978
2025-11-17 08:41:59.785000+00:00,2025-11-17 08:39:00+00:00,continuous,95665.3,95717.6,95657.4,95662.1,12570090.020700004
2025-11-17 08:44:59.985000+00:00,2025-11-17 08:42:00+00:00,continuous,95662.1,95663.4,95576.3,95576.9,24676147.629199985
2025-11-17 08:47:59.990000+00:00,2025-11-17 08:45:00+00:00,continuous,95576.8,95643.7,95528.9,95643.6,31036521.897399988
2025-11-17 08:50:59.997000+00:00,2025-11-17 08:48:00+00:00,continuous,95643.5,95643.5,95476.1,95569.8,41427956.85410002
2025-11-17 08:53:59.756000+00:00,2025-11-17 08:51:00+00:00,continuous,95569.9,95569.9,95520.6,95528.7,10860639.323699981
2025-11-17 08:56:59.510000+00:00,2025-11-17 08:54:00+00:00,continuous,95528.7,95597.2,95506.0,95592.7,9018943.181399997
2025-11-17 08:59:59.846000+00:00,2025-11-17 08:57:00+00:00,continuous,95592.6,95597.6,95558.0,95577.3,8098689.829700009
2025-11-17 09:02:59.959000+00:00,2025-11-17 09:00:00+00:00,continuous,95577.3,95640.3,95310.5,95320.7,38988699.664299995
2025-11-17 09:05:59.894000+00:00,2025-11-17 09:03:00+00:00,continuous,95320.8,95386.5,95320.7,95371.4,30051664.40950003
2025-11-17 09:08:59.893000+00:00,2025-11-17 09:06:00+00:00,continuous,95371.4,95383.6,95275.1,95311.2,34680921.267199986
2025-11-17 09:11:59.383000+00:00,2025-11-17 09:09:00+00:00,continuous,95311.3,95502.8,95268.9,95500.0,29740820.104299903
2025-11-17 09:14:58.328000+00:00,2025-11-17 09:12:00+00:00,continuous,95499.9,95527.1,95444.5,95482.0,14291952.76340001
2025-11-17 09:17:59.870000+00:00,2025-11-17 09:15:00+00:00,continuous,95482.1,95667.2,95481.6,95662.8,15668811.91130001
2025-11-17 09:20:59.884000+00:00,2025-11-17 09:18:00+00:00,continuous,95662.9,95783.2,95662.9,95724.5,61512142.748599835
2025-11-17 09:23:59.805000+00:00,2025-11-17 09:21:00+00:00,continuous,95724.5,95803.1,95716.5,95733.5,22507664.07949994
2025-11-17 09:26:59.622000+00:00,2025-11-17 09:24:00+00:00,continuous,95733.5,95780.2,95713.6,95713.6,11300311.118599998
2025-11-17 09:29:59.280000+00:00,2025-11-17 09:27:00+00:00,continuous,95713.3,95754.6,95674.3,95689.9,12603576.709500011
2025-11-17 09:32:59.985000+00:00,2025-11-17 09:30:00+00:00,continuous,95689.9,95778.4,95661.8,95748.1,11209168.273499992
2025-11-17 09:35:59.714000+00:00,2025-11-17 09:33:00+00:00,continuous,95748.0,95841.3,95685.1,95685.1,17643081.521299966
2025-11-17 09:38:59.784000+00:00,2025-11-17 09:36:00+00:00,continuous,95685.1,95702.1,95552.3,95552.5,18885511.429900024
2025-11-17 09:41:58.943000+00:00,2025-11-17 09:39:00+00:00,continuous,95552.5,95631.8,95517.4,95631.7,22799389.664999966
2025-11-17 09:44:59.959000+00:00,2025-11-17 09:42:00+00:00,continuous,95631.8,95714.4,95610.8,95704.2,6928154.214500014
2025-11-17 09:47:59.999000+00:00,2025-11-17 09:45:00+00:00,continuous,95704.3,95717.4,95638.3,95654.7,14351921.402299998
2025-11-17 09:50:59.851000+00:00,2025-11-17 09:48:00+00:00,continuous,95654.7,95667.7,95607.9,95632.9,13953390.032400003
2025-11-17 09:53:59.905000+00:00,2025-11-17 09:51:00+00:00,continuous,95632.8,95654.7,95571.0,95580.9,20627889.865200035
2025-11-17 09:56:59.221000+00:00,2025-11-17 09:54:00+00:00,continuous,95580.8,95643.4,95564.8,95642.6,22861566.432100005
2025-11-17 09:59:59.779000+00:00,2025-11-17 09:57:00+00:00,continuous,95642.6,95677.1,95607.9,95608.0,6065573.469900014
2025-11-17 10:02:58.039000+00:00,2025-11-17 10:00:00+00:00,continuous,95608.0,95646.2,95583.2,95646.2,6425166.584600001
2025-11-17 10:05:59.954000+00:00,2025-11-17 10:03:00+00:00,continuous,95646.2,95655.3,95569.2,95589.1,7349362.4666
2025-11-17 10:08:59.728000+00:00,2025-11-17 10:06:00+00:00,continuous,95589.1,95650.4,95564.5,95650.0,5586428.305999994
2025-11-17 10:11:59.841000+00:00,2025-11-17 10:09:00+00:00,continuous,95650.0,95709.1,95607.7,95703.2,23543561.945399985
2025-11-17 10:14:59.516000+00:00,2025-11-17 10:12:00+00:00,continuous,95703.2,95781.4,95703.2,95781.3,12283358.332099995
2025-11-17 10:17:59.925000+00:00,2025-11-17 10:15:00+00:00,continuous,95781.4,95781.4,95712.2,95719.9,10246855.695100004
2025-11-17 10:20:59.858000+00:00,2025-11-17 10:18:00+00:00,continuous,95719.9,95723.2,95608.2,95627.2,9169593.088099997
2025-11-17 10:23:59.817000+00:00,2025-11-17 10:21:00+00:00,continuous,95627.3,95634.8,95562.4,95623.5,10949449.872300016
2025-11-17 10:26:59.514000+00:00,2025-11-17 10:24:00+00:00,continuous,95623.5,95780.0,95593.6,95765.4,18895337.788100015
2025-11-17 10:29:59.999000+00:00,2025-11-17 10:27:00+00:00,continuous,95765.3,95765.7,95566.2,95589.5,19092474.310200017
2025-11-17 10:32:59.800000+00:00,2025-11-17 10:30:00+00:00,continuous,95589.6,95591.8,95500.1,95544.0,19609533.939300008
2025-11-17 10:35:59.643000+00:00,2025-11-17 10:33:00+00:00,continuous,95544.0,95750.0,95544.0,95737.2,7485512.463200006
2025-11-17 10:38:59.746000+00:00,2025-11-17 10:36:00+00:00,continuous,95737.2,95845.1,95701.3,95731.8,24230652.59960003
2025-11-17 10:41:59.957000+00:00,2025-11-17 10:39:00+00:00,continuous,95731.8,95731.9,95645.4,95645.4,8646849.504299995
2025-11-17 10:44:59.960000+00:00,2025-11-17 10:42:00+00:00,continuous,95645.5,95703.9,95618.0,95700.0,18801765.04140005
2025-11-17 10:47:59.970000+00:00,2025-11-17 10:45:00+00:00,continuous,95700.0,95786.0,95691.2,95761.6,10159911.969400013
2025-11-17 10:50:59.969000+00:00,2025-11-17 10:48:00+00:00,continuous,95761.6,95761.7,95678.7,95678.7,7833706.956499999
2025-11-17 10:53:59.869000+00:00,2025-11-17 10:51:00+00:00,continuous,95678.7,95714.0,95657.6,95701.4,6904630.169900003
2025-11-17 10:56:59.848000+00:00,2025-11-17 10:54:00+00:00,continuous,95701.4,95701.5,95577.6,95597.5,11501335.765999991
2025-11-17 10:59:59.605000+00:00,2025-11-17 10:57:00+00:00,continuous,95597.4,95633.6,95581.8,95607.6,6439460.223800009
2025-11-17 11:02:59.671000+00:00,2025-11-17 11:00:00+00:00,continuous,95607.6,95637.1,95529.9,95550.0,14951507.767500019
2025-11-17 11:05:59.851000+00:00,2025-11-17 11:03:00+00:00,continuous,95549.9,95567.1,95514.5,95532.2,11005675.577100001
2025-11-17 11:08:59.987000+00:00,2025-11-17 11:06:00+00:00,continuous,95532.2,95621.6,95506.6,95621.6,9654285.246400023
2025-11-17 11:11:59.097000+00:00,2025-11-17 11:09:00+00:00,continuous,95621.7,95748.4,95617.0,95708.6,17978197.00370004
2025-11-17 11:14:59.240000+00:00,2025-11-17 11:12:00+00:00,continuous,95708.6,95708.7,95646.7,95688.0,4817555.8850000035
2025-11-17 11:17:59.929000+00:00,2025-11-17 11:15:00+00:00,continuous,95687.9,95793.6,95687.9,95714.4,16863872.17699998
2025-11-17 11:20:59.994000+00:00,2025-11-17 11:18:00+00:00,continuous,95714.5,95736.9,95685.8,95708.3,7180822.4065
2025-11-17 11:23:59.957000+00:00,2025-11-17 11:21:00+00:00,continuous,95708.2,95710.3,95646.1,95647.4,5353793.795200006
2025-11-17 11:26:59.915000+00:00,2025-11-17 11:24:00+00:00,continuous,95647.4,95690.0,95647.4,95664.7,8606877.501700006
2025-11-17 11:29:58.956000+00:00,2025-11-17 11:27:00+00:00,continuous,95664.7,95717.5,95654.7,95675.7,4932622.039299994
2025-11-17 11:32:59.987000+00:00,2025-11-17 11:30:00+00:00,continuous,95675.6,95754.7,95665.7,95754.6,13775480.546600034
2025-11-17 11:35:59.863000+00:00,2025-11-17 11:33:00+00:00,continuous,95754.6,95909.1,95745.4,95745.5,51461905.44449987
2025-11-17 11:38:59.854000+00:00,2025-11-17 11:36:00+00:00,continuous,95745.5,95833.0,95745.4,95782.4,17552625.294899985
2025-11-17 11:41:59.655000+00:00,2025-11-17 11:39:00+00:00,continuous,95782.3,95782.4,95604.3,95604.4,17505290.182700038
2025-11-17 11:44:59.999000+00:00,2025-11-17 11:42:00+00:00,continuous,95604.3,95651.3,95580.5,95584.9,15738712.54920002
2025-11-17 11:47:59.895000+00:00,2025-11-17 11:45:00+00:00,continuous,95585.0,95592.1,95353.0,95407.9,52148822.87350004
2025-11-17 11:50:59.037000+00:00,2025-11-17 11:48:00+00:00,continuous,95407.9,95444.3,95359.9,95405.5,26632195.890399996
2025-11-17 11:53:59.782000+00:00,2025-11-17 11:51:00+00:00,continuous,95405.5,95570.0,95405.5,95459.4,19310484.740999963
2025-11-17 11:56:59.989000+00:00,2025-11-17 11:54:00+00:00,continuous,95459.4,95535.4,95454.4,95506.0,11672427.589400014
2025-11-17 11:59:59.845000+00:00,2025-11-17 11:57:00+00:00,continuous,95505.9,95540.4,95485.2,95530.1,7115311.432200015
2025-11-17 12:02:59.738000+00:00,2025-11-17 12:00:00+00:00,continuous,95530.0,95534.9,95420.0,95470.7,13553086.81619998
2025-11-17 12:05:59.167000+00:00,2025-11-17 12:03:00+00:00,continuous,95470.8,95479.9,95389.0,95451.8,15947421.325499993
2025-11-17 12:08:59.829000+00:00,2025-11-17 12:06:00+00:00,continuous,95451.9,95543.3,95356.3,95407.0,34475907.98640016
2025-11-17 12:11:59.649000+00:00,2025-11-17 12:09:00+00:00,continuous,95406.9,95406.9,95242.9,95349.9,36495513.1245999
2025-11-17 12:14:59.667000+00:00,2025-11-17 12:12:00+00:00,continuous,95350.0,95350.0,95260.0,95270.4,21474070.128500026
2025-11-17 12:17:59.716000+00:00,2025-11-17 12:15:00+00:00,continuous,95270.4,95363.5,95270.3,95350.5,19468481.265200038
2025-11-17 12:20:59.771000+00:00,2025-11-17 12:18:00+00:00,continuous,95350.4,95450.0,95338.0,95390.2,11231397.982899984
2025-11-17 12:23:59.754000+00:00,2025-11-17 12:21:00+00:00,continuous,95390.2,95445.8,95370.0,95442.1,9055716.108899998
2025-11-17 12:26:59.364000+00:00,2025-11-17 12:24:00+00:00,continuous,95442.0,95471.1,95419.2,95441.3,9638491.840400003
2025-11-17 12:29:59.751000+00:00,2025-11-17 12:27:00+00:00,continuous,95441.3,95448.4,95406.6,95425.2,5627601.914199995
2025-11-17 12:32:59.937000+00:00,2025-11-17 12:30:00+00:00,continuous,95425.1,95533.9,95393.9,95470.0,12530937.68470001
2025-11-17 12:35:58.919000+00:00,2025-11-17 12:33:00+00:00,continuous,95470.1,95488.7,95401.1,95401.1,11343848.1752
2025-11-17 12:38:59.786000+00:00,2025-11-17 12:36:00+00:00,continuous,95401.1,95401.2,95274.5,95330.3,16454284.956500003
2025-11-17 12:41:59.899000+00:00,2025-11-17 12:39:00+00:00,continuous,95330.3,95500.0,95330.3,95499.9,16968401.730300017
2025-11-17 12:44:59.789000+00:00,2025-11-17 12:42:00+00:00,continuous,95499.9,95500.0,95416.3,95456.1,6383003.959899992
2025-11-17 12:47:59.921000+00:00,2025-11-17 12:45:00+00:00,continuous,95456.1,95456.1,95289.7,95289.7,13686855.786000008
2025-11-17 12:50:59.647000+00:00,2025-11-17 12:48:00+00:00,continuous,95289.7,95351.6,95282.7,95293.6,15269481.513900036
2025-11-17 12:53:59.942000+00:00,2025-11-17 12:51:00+00:00,continuous,95293.5,95311.2,95254.0,95298.6,16554061.448600015
2025-11-17 12:56:59.750000+00:00,2025-11-17 12:54:00+00:00,continuous,95298.6,95398.3,95298.6,95319.7,15851958.820699982
2025-11-17 12:59:59.774000+00:00,2025-11-17 12:57:00+00:00,continuous,95319.7,95347.1,95223.0,95283.4,17982682.67040002
2025-11-17 13:02:59.925000+00:00,2025-11-17 13:00:00+00:00,continuous,95283.4,95340.0,95260.0,95292.6,12763411.773700014
2025-11-17 13:05:59.773000+00:00,2025-11-17 13:03:00+00:00,continuous,95292.6,95302.0,95131.9,95230.3,27960184.706699938
2025-11-17 13:08:59.934000+00:00,2025-11-17 13:06:00+00:00,continuous,95230.2,95294.0,95131.5,95139.8,28331966.683299966
2025-11-17 13:11:59.991000+00:00,2025-11-17 13:09:00+00:00,continuous,95139.8,95152.3,94931.6,94993.9,106409886.5040997
2025-11-17 13:14:59.665000+00:00,2025-11-17 13:12:00+00:00,continuous,94994.0,94994.0,94766.0,94898.4,108396273.76789969
2025-11-17 13:17:59.978000+00:00,2025-11-17 13:15:00+00:00,continuous,94898.4,95026.3,94861.9,95016.6,45032611.05529992
2025-11-17 13:20:59.945000+00:00,2025-11-17 13:18:00+00:00,continuous,95016.7,95016.7,94900.0,94937.5,25437020.863699984
2025-11-17 13:23:59.844000+00:00,2025-11-17 13:21:00+00:00,continuous,94937.6,94953.0,94858.9,94917.4,22964885.84780001
2025-11-17 13:26:59.999000+00:00,2025-11-17 13:24:00+00:00,continuous,94917.3,94917.4,94707.8,94735.6,55253502.40270024
2025-11-17 13:29:59.929000+00:00,2025-11-17 13:27:00+00:00,continuous,94735.5,94806.8,94450.0,94538.1,178228482.1767
2025-11-17 13:32:59.941000+00:00,2025-11-17 13:30:00+00:00,continuous,94538.2,94656.7,94270.1,94340.0,200992748.1614991
2025-11-17 13:35:59.925000+00:00,2025-11-17 13:33:00+00:00,continuous,94340.1,94426.3,94120.0,94249.1,134180631.61849973
2025-11-17 13:38:59.948000+00:00,2025-11-17 13:36:00+00:00,continuous,94249.1,94340.0,94110.5,94110.5,63868986.48699998
2025-11-17 13:41:59.995000+00:00,2025-11-17 13:39:00+00:00,continuous,94110.6,94118.3,93959.5,94020.0,91361535.7286001
2025-11-17 13:44:59.894000+00:00,2025-11-17 13:42:00+00:00,continuous,94020.1,94024.4,93801.2,93817.9,83077298.82259955
2025-11-17 13:47:59.837000+00:00,2025-11-17 13:45:00+00:00,continuous,93817.8,93950.1,93750.1,93884.4,90087301.36359955
2025-11-17 13:50:59.945000+00:00,2025-11-17 13:48:00+00:00,continuous,93884.3,93929.9,93589.0,93605.6,92667637.58949971
2025-11-17 13:53:59.934000+00:00,2025-11-17 13:51:00+00:00,continuous,93605.6,93742.2,93511.8,93595.0,106156843.59819974
2025-11-17 13:56:59.909000+00:00,2025-11-17 13:54:00+00:00,continuous,93595.0,93790.0,93551.3,93768.8,95128227.03760006
2025-11-17 13:59:59.949000+00:00,2025-11-17 13:57:00+00:00,continuous,93768.7,94070.1,93745.3,93913.5,132715502.69099957
2025-11-17 14:02:59.968000+00:00,2025-11-17 14:00:00+00:00,continuous,93913.6,93929.9,93741.0,93915.9,59634972.65059987
2025-11-17 14:05:59.802000+00:00,2025-11-17 14:03:00+00:00,continuous,93915.8,94150.0,93898.7,93994.4,77967251.4083004
2025-11-17 14:08:59.799000+00:00,2025-11-17 14:06:00+00:00,continuous,93994.5,93994.5,93713.3,93922.1,49088665.64249982
2025-11-17 14:11:59.968000+00:00,2025-11-17 14:09:00+00:00,continuous,93922.0,93971.4,93800.0,93886.7,40812795.96860001
2025-11-17 14:14:59.827000+00:00,2025-11-17 14:12:00+00:00,continuous,93886.6,94074.4,93849.0,94035.6,34939783.41009999
2025-11-17 14:17:59.869000+00:00,2025-11-17 14:15:00+00:00,continuous,94035.5,94439.0,93969.7,94331.9,136601352.84460002
2025-11-17 14:20:59.976000+00:00,2025-11-17 14:18:00+00:00,continuous,94331.9,94366.2,94141.7,94264.9,59291491.467900135
2025-11-17 14:23:59.790000+00:00,2025-11-17 14:21:00+00:00,continuous,94265.0,94295.9,94102.2,94119.7,35745309.395600006
2025-11-17 14:26:59.942000+00:00,2025-11-17 14:24:00+00:00,continuous,94119.6,94150.0,94004.8,94126.5,23061180.35480005
2025-11-17 14:29:59.797000+00:00,2025-11-17 14:27:00+00:00,continuous,94126.6,94157.3,94028.6,94106.3,20532760.48819996
2025-11-17 14:32:59.925000+00:00,2025-11-17 14:30:00+00:00,continuous,94106.4,94650.0,93940.8,94561.9,126145204.77919939
2025-11-17 14:35:59.970000+00:00,2025-11-17 14:33:00+00:00,continuous,94561.9,94900.0,94426.8,94887.9,167759512.31400052
2025-11-17 14:38:59.925000+00:00,2025-11-17 14:36:00+00:00,continuous,94888.0,96012.2,94887.9,95539.9,552681542.5260044
2025-11-17 14:41:59.995000+00:00,2025-11-17 14:39:00+00:00,continuous,95539.9,95597.6,95174.1,95235.8,191904172.53159916
2025-11-17 14:44:59.811000+00:00,2025-11-17 14:42:00+00:00,continuous,95235.7,95340.1,94998.1,95103.9,125174956.19660012
2025-11-17 14:47:59.893000+00:00,2025-11-17 14:45:00+00:00,continuous,95103.9,95521.8,95006.4,95476.0,116637413.85259977
2025-11-17 14:50:59.856000+00:00,2025-11-17 14:48:00+00:00,continuous,95476.0,95539.7,95185.6,95346.3,80106225.10299963
2025-11-17 14:53:59.999000+00:00,2025-11-17 14:51:00+00:00,continuous,95346.4,95444.0,94740.0,94740.0,97200037.2923997
2025-11-17 14:56:59.964000+00:00,2025-11-17 14:54:00+00:00,continuous,94739.9,94973.0,94545.4,94684.4,130085459.16099976
2025-11-17 14:59:59.861000+00:00,2025-11-17 14:57:00+00:00,continuous,94684.3,94752.4,94425.1,94730.2,99820975.71050027
2025-11-17 15:02:59.868000+00:00,2025-11-17 15:00:00+00:00,continuous,94730.2,94975.9,94650.0,94878.8,85443767.81740007
2025-11-17 15:05:59.943000+00:00,2025-11-17 15:03:00+00:00,continuous,94878.7,94944.0,94540.5,94852.8,73187506.21260029
2025-11-17 15:08:59.909000+00:00,2025-11-17 15:06:00+00:00,continuous,94852.8,94977.2,94326.5,94382.1,76993013.56810015
2025-11-17 15:11:59.895000+00:00,2025-11-17 15:09:00+00:00,continuous,94382.0,94558.1,94125.1,94498.2,117525884.72360028
2025-11-17 15:14:59.997000+00:00,2025-11-17 15:12:00+00:00,continuous,94498.2,94660.3,94320.0,94411.5,50144462.17300003
2025-11-17 15:17:59.980000+00:00,2025-11-17 15:15:00+00:00,continuous,94411.6,94548.9,94001.0,94019.5,74972689.6795995
2025-11-17 15:20:59.858000+00:00,2025-11-17 15:18:00+00:00,continuous,94019.4,94209.3,93736.3,93999.5,129173086.5337996
2025-11-17 15:23:59.871000+00:00,2025-11-17 15:21:00+00:00,continuous,93999.4,94291.9,93914.0,94291.8,84792630.10799992
2025-11-17 15:26:59.747000+00:00,2025-11-17 15:24:00+00:00,continuous,94291.8,94300.0,94048.3,94140.1,75108038.95829989
2025-11-17 15:29:59.982000+00:00,2025-11-17 15:27:00+00:00,continuous,94140.0,94666.0,94103.4,94483.0,87326766.45949993
2025-11-17 15:32:59.893000+00:00,2025-11-17 15:30:00+00:00,continuous,94483.1,94650.4,94291.4,94305.2,55930137.118899904
2025-11-17 15:35:59.870000+00:00,2025-11-17 15:33:00+00:00,continuous,94305.1,94305.1,94002.9,94104.8,71855947.02989979
2025-11-17 15:38:59.804000+00:00,2025-11-17 15:36:00+00:00,continuous,94104.8,94201.8,93973.6,94025.6,52769355.47180015
2025-11-17 15:41:59.964000+00:00,2025-11-17 15:39:00+00:00,continuous,94025.6,94137.6,93947.0,93947.0,65814683.391899966
2025-11-17 15:44:59.802000+00:00,2025-11-17 15:42:00+00:00,continuous,93947.1,94213.9,93883.5,94184.7,38152878.99619994
2025-11-17 15:47:59.963000+00:00,2025-11-17 15:45:00+00:00,continuous,94184.7,94298.9,94040.0,94246.4,33068367.508800063
2025-11-17 15:50:59.990000+00:00,2025-11-17 15:48:00+00:00,continuous,94246.4,94368.0,94015.3,94064.2,39537578.74160014
2025-11-17 15:53:59.780000+00:00,2025-11-17 15:51:00+00:00,continuous,94064.0,94173.8,93925.0,94141.1,42086049.1983001
2025-11-17 15:56:59.955000+00:00,2025-11-17 15:54:00+00:00,continuous,94141.1,94166.8,93908.9,93911.2,39485791.411999986
2025-11-17 15:59:59.858000+00:00,2025-11-17 15:57:00+00:00,continuous,93911.3,93970.9,93870.0,93915.7,30828429.337699927
2025-11-17 16:02:59.820000+00:00,2025-11-17 16:00:00+00:00,continuous,93915.8,93968.0,93555.0,93599.2,116960066.09980008
2025-11-17 16:05:59.985000+00:00,2025-11-17 16:03:00+00:00,continuous,93599.2,93698.3,93500.7,93527.7,67460649.74390021
2025-11-17 16:08:59.994000+00:00,2025-11-17 16:06:00+00:00,continuous,93527.7,93527.7,93257.3,93321.6,209892260.58769912
2025-11-17 16:11:59.929000+00:00,2025-11-17 16:09:00+00:00,continuous,93321.5,93450.0,93267.2,93347.0,88107121.71969981
2025-11-17 16:14:59.895000+00:00,2025-11-17 16:12:00+00:00,continuous,93347.0,93357.9,93119.7,93136.6,122041536.28649974
2025-11-17 16:17:59.936000+00:00,2025-11-17 16:15:00+00:00,continuous,93136.6,93262.8,93051.9,93213.7,90830478.89489996
2025-11-17 16:20:59.970000+00:00,2025-11-17 16:18:00+00:00,continuous,93213.8,93282.6,93016.0,93269.8,70331744.55750014
2025-11-17 16:23:59.803000+00:00,2025-11-17 16:21:00+00:00,continuous,93269.9,93352.1,93120.0,93184.5,73400189.10710008
2025-11-17 16:26:59.944000+00:00,2025-11-17 16:24:00+00:00,continuous,93184.5,93255.3,93020.0,93221.4,57998350.12300022
2025-11-17 16:29:59.970000+00:00,2025-11-17 16:27:00+00:00,continuous,93221.3,93530.5,93157.4,93450.5,77961849.33320044
2025-11-17 16:32:59.918000+00:00,2025-11-17 16:30:00+00:00,continuous,93450.5,93638.0,93312.5,93614.9,92405042.94689965
2025-11-17 16:35:59.993000+00:00,2025-11-17 16:33:00+00:00,continuous,93614.8,93819.2,93485.9,93612.4,60012706.56759999
2025-11-17 16:38:59.834000+00:00,2025-11-17 16:36:00+00:00,continuous,93612.3,93771.8,93550.0,93731.0,43331264.90649998
2025-11-17 16:41:59.980000+00:00,2025-11-17 16:39:00+00:00,continuous,93731.0,94018.5,93710.9,93939.8,82702031.87759987
2025-11-17 16:44:59.984000+00:00,2025-11-17 16:42:00+00:00,continuous,93939.7,93961.6,93658.5,93694.0,49354342.50679985
2025-11-17 16:47:59.807000+00:00,2025-11-17 16:45:00+00:00,continuous,93694.1,93774.7,93635.6,93698.8,34238688.712200016
2025-11-17 16:50:59.925000+00:00,2025-11-17 16:48:00+00:00,continuous,93698.9,94018.0,93698.8,94012.2,28573390.22059993
2025-11-17 16:53:59.992000+00:00,2025-11-17 16:51:00+00:00,continuous,94012.2,94388.0,93989.0,94196.9,95459805.27420025
2025-11-17 16:56:59.872000+00:00,2025-11-17 16:54:00+00:00,continuous,94196.9,94371.0,94150.1,94328.1,54281502.698800124
2025-11-17 16:59:59.997000+00:00,2025-11-17 16:57:00+00:00,continuous,94327.6,94378.3,94203.0,94267.0,34978866.71020006
2025-11-17 17:02:59.403000+00:00,2025-11-17 17:00:00+00:00,continuous,94267.1,94357.9,94085.4,94195.0,47838429.21869977
2025-11-17 17:05:59.627000+00:00,2025-11-17 17:03:00+00:00,continuous,94194.9,94200.0,93979.9,94057.1,43523236.53839998
2025-11-17 17:08:59.998000+00:00,2025-11-17 17:06:00+00:00,continuous,94057.0,94092.2,93912.7,94092.2,28051681.927999977
2025-11-17 17:11:59.910000+00:00,2025-11-17 17:09:00+00:00,continuous,94092.3,94200.0,93945.5,93964.9,31510403.64379996
2025-11-17 17:14:59.687000+00:00,2025-11-17 17:12:00+00:00,continuous,93964.8,93964.9,93830.7,93869.0,24839168.524600018
2025-11-17 17:17:59.979000+00:00,2025-11-17 17:15:00+00:00,continuous,93869.0,93904.2,93669.5,93715.4,45581360.29310019
2025-11-17 17:20:59.924000+00:00,2025-11-17 17:18:00+00:00,continuous,93715.3,93860.7,93655.2,93778.9,46154901.60710001
2025-11-17 17:23:59.961000+00:00,2025-11-17 17:21:00+00:00,continuous,93778.9,93880.7,93662.0,93820.1,18263631.96510004
2025-11-17 17:26:59.813000+00:00,2025-11-17 17:24:00+00:00,continuous,93820.1,93827.0,93607.9,93625.2,22067688.661700007
2025-11-17 17:29:59.918000+00:00,2025-11-17 17:27:00+00:00,continuous,93625.2,93628.8,93458.1,93492.7,34072913.80289999
2025-11-17 17:32:59.998000+00:00,2025-11-17 17:30:00+00:00,continuous,93492.7,93535.1,93350.0,93395.7,35382311.778699934
2025-11-17 17:35:59.881000+00:00,2025-11-17 17:33:00+00:00,continuous,93395.8,93622.0,93350.0,93545.9,37816611.774400115
2025-11-17 17:38:59.927000+00:00,2025-11-17 17:36:00+00:00,continuous,93545.9,93552.9,93269.1,93277.9,34409822.45950004
2025-11-17 17:41:59.997000+00:00,2025-11-17 17:39:00+00:00,continuous,93277.9,93282.1,93030.0,93076.6,86171270.72949982
2025-11-17 17:44:59.960000+00:00,2025-11-17 17:42:00+00:00,continuous,93076.7,93100.0,92707.3,92800.1,223494243.46819913
2025-11-17 17:47:59.870000+00:00,2025-11-17 17:45:00+00:00,continuous,92800.1,92950.4,92700.9,92725.7,131913950.4227996
2025-11-17 17:50:59.728000+00:00,2025-11-17 17:48:00+00:00,continuous,92725.8,93019.9,92640.0,92855.7,132836716.88569967
2025-11-17 17:53:59.957000+00:00,2025-11-17 17:51:00+00:00,continuous,92855.7,92950.5,92643.9,92750.1,64875363.857800074
2025-11-17 17:56:59.910000+00:00,2025-11-17 17:54:00+00:00,continuous,92750.0,92778.0,92620.1,92754.1,87635304.38240042
2025-11-17 17:59:59.945000+00:00,2025-11-17 17:57:00+00:00,continuous,92754.1,92857.4,92687.4,92724.0,33779284.50629998
2025-11-17 18:02:59.736000+00:00,2025-11-17 18:00:00+00:00,continuous,92724.0,92773.2,92555.1,92694.1,77871271.14000005
2025-11-17 18:05:59.966000+00:00,2025-11-17 18:03:00+00:00,continuous,92694.1,93050.0,92680.6,92930.3,107070590.5937995
2025-11-17 18:08:59.938000+00:00,2025-11-17 18:06:00+00:00,continuous,92930.2,93175.4,92842.2,93021.8,127700583.7775003
2025-11-17 18:11:59.828000+00:00,2025-11-17 18:09:00+00:00,continuous,93021.8,93146.9,92859.4,92914.6,66796422.640900075
2025-11-17 18:14:59.896000+00:00,2025-11-17 18:12:00+00:00,continuous,92914.6,92939.0,92637.2,92780.1,63952836.941500194
2025-11-17 18:17:59.807000+00:00,2025-11-17 18:15:00+00:00,continuous,92780.0,92867.4,92601.6,92803.4,62974662.077600345
2025-11-17 18:20:59.877000+00:00,2025-11-17 18:18:00+00:00,continuous,92803.4,92883.1,92642.8,92776.6,56663851.68800002
2025-11-17 18:23:59.905000+00:00,2025-11-17 18:21:00+00:00,continuous,92776.5,92870.8,92582.2,92607.8,84508757.36949989
2025-11-17 18:26:59.953000+00:00,2025-11-17 18:24:00+00:00,continuous,92607.8,92631.3,92508.0,92534.1,56130424.11270007
2025-11-17 18:29:59.955000+00:00,2025-11-17 18:27:00+00:00,continuous,92534.1,92629.6,92400.1,92413.1,97425062.50070047
2025-11-17 18:32:59.886000+00:00,2025-11-17 18:30:00+00:00,continuous,92413.0,92618.4,92366.8,92568.0,79608662.68799976
2025-11-17 18:35:59.904000+00:00,2025-11-17 18:33:00+00:00,continuous,92568.1,92580.0,92460.9,92529.3,30155662.44529995
2025-11-17 18:38:59.914000+00:00,2025-11-17 18:36:00+00:00,continuous,92529.3,92574.6,92415.9,92485.5,33516106.233300045
2025-11-17 18:41:59.932000+00:00,2025-11-17 18:39:00+00:00,continuous,92485.5,92655.3,92435.6,92565.9,25687086.27670001
2025-11-17 18:44:59.978000+00:00,2025-11-17 18:42:00+00:00,continuous,92565.9,92670.0,92438.2,92652.7,61853959.741800256
2025-11-17 18:47:59.874000+00:00,2025-11-17 18:45:00+00:00,continuous,92652.6,92980.0,92624.3,92899.2,77035360.8891001
2025-11-17 18:50:59.875000+00:00,2025-11-17 18:48:00+00:00,continuous,92899.2,93017.9,92778.0,92826.4,50686656.45580007
2025-11-17 18:53:59.975000+00:00,2025-11-17 18:51:00+00:00,continuous,92826.4,92872.3,92631.8,92776.9,35883343.373699985
2025-11-17 18:56:59.840000+00:00,2025-11-17 18:54:00+00:00,continuous,92776.8,92776.8,92455.9,92540.4,81586685.53420067
2025-11-17 18:59:59.985000+00:00,2025-11-17 18:57:00+00:00,continuous,92540.4,92585.0,92439.0,92504.2,22752431.710199993
2025-11-17 19:02:59.974000+00:00,2025-11-17 19:00:00+00:00,continuous,92504.1,92617.9,92422.2,92447.4,38546262.64139991
2025-11-17 19:05:59.965000+00:00,2025-11-17 19:03:00+00:00,continuous,92447.3,92447.4,92262.4,92352.8,74712843.00500004
2025-11-17 19:08:59.920000+00:00,2025-11-17 19:06:00+00:00,continuous,92352.9,92578.9,92310.6,92502.8,35719437.2509999
2025-11-17 19:11:59.678000+00:00,2025-11-17 19:09:00+00:00,continuous,92502.7,92518.5,92370.0,92418.1,26587655.602999993
2025-11-17 19:14:59.937000+00:00,2025-11-17 19:12:00+00:00,continuous,92418.2,92434.2,92258.0,92272.0,25544442.696999975
2025-11-17 19:17:59.528000+00:00,2025-11-17 19:15:00+00:00,continuous,92272.1,92337.0,92200.0,92280.1,62838560.38340012
2025-11-17 19:20:59.889000+00:00,2025-11-17 19:18:00+00:00,continuous,92280.2,92293.8,92150.0,92203.4,61428490.59259989
2025-11-17 19:23:59.964000+00:00,2025-11-17 19:21:00+00:00,continuous,92203.3,92333.4,92136.1,92279.0,72936889.8564999
2025-11-17 19:26:59.908000+00:00,2025-11-17 19:24:00+00:00,continuous,92278.9,92283.4,92070.0,92101.2,92522400.03590032
2025-11-17 19:29:59.992000+00:00,2025-11-17 19:27:00+00:00,continuous,92101.3,92277.2,92080.8,92250.8,64073708.900000125
2025-11-17 19:32:59.909000+00:00,2025-11-17 19:30:00+00:00,continuous,92250.8,92250.8,92033.8,92036.5,66944144.22409989
2025-11-17 19:35:59.995000+00:00,2025-11-17 19:33:00+00:00,continuous,92036.4,92438.9,91901.1,92370.8,230481012.36180067
2025-11-17 19:38:59.985000+00:00,2025-11-17 19:36:00+00:00,continuous,92370.7,92396.3,91885.0,91960.1,118214669.63479966
2025-11-17 19:41:59.851000+00:00,2025-11-17 19:39:00+00:00,continuous,91960.2,92013.8,91825.0,91919.1,80955679.0939996
2025-11-17 19:44:59.883000+00:00,2025-11-17 19:42:00+00:00,continuous,91919.1,91969.8,91718.1,91838.4,102947623.54420014
2025-11-17 19:47:59.912000+00:00,2025-11-17 19:45:00+00:00,continuous,91838.5,91845.1,91600.0,91644.7,99365181.58989944
2025-11-17 19:50:59.970000+00:00,2025-11-17 19:48:00+00:00,continuous,91644.6,92000.0,91550.2,91874.7,124052714.9726995
2025-11-17 19:53:59.877000+00:00,2025-11-17 19:51:00+00:00,continuous,91874.8,91931.1,91664.7,91666.4,55465579.34219977
2025-11-17 19:56:59.885000+00:00,2025-11-17 19:54:00+00:00,continuous,91666.4,91784.2,91598.3,91618.7,45045372.71460005
2025-11-17 19:59:59.950000+00:00,2025-11-17 19:57:00+00:00,continuous,91618.6,91782.2,91603.0,91656.2,49608778.74199986
2025-11-17 20:02:59.954000+00:00,2025-11-17 20:00:00+00:00,continuous,91656.3,91656.3,91334.1,91379.5,152986679.4409006
2025-11-17 20:05:59.995000+00:00,2025-11-17 20:03:00+00:00,continuous,91379.5,91830.2,91250.0,91688.0,139049838.6790998
2025-11-17 20:08:59.936000+00:00,2025-11-17 20:06:00+00:00,continuous,91687.6,91712.9,91377.6,91487.4,85800831.12630013
2025-11-17 20:11:59.894000+00:00,2025-11-17 20:09:00+00:00,continuous,91487.4,91611.0,91405.8,91601.1,43187581.87749992
2025-11-17 20:14:59.983000+00:00,2025-11-17 20:12:00+00:00,continuous,91601.1,91769.0,91341.6,91366.4,54335520.59349998
2025-11-17 20:17:59.761000+00:00,2025-11-17 20:15:00+00:00,continuous,91366.3,91816.5,91361.9,91808.1,71784193.38710026
2025-11-17 20:20:59.987000+00:00,2025-11-17 20:18:00+00:00,continuous,91808.0,91860.0,91597.2,91779.1,52993650.4559999
2025-11-17 20:23:59.758000+00:00,2025-11-17 20:21:00+00:00,continuous,91779.2,91900.0,91678.9,91887.3,42092629.67290001
2025-11-17 20:26:59.921000+00:00,2025-11-17 20:24:00+00:00,continuous,91887.4,92081.2,91804.8,91804.8,82379667.57390016
2025-11-17 20:29:59.917000+00:00,2025-11-17 20:27:00+00:00,continuous,91804.8,91889.1,91640.7,91738.9,37157756.61280002
2025-11-17 20:32:59.992000+00:00,2025-11-17 20:30:00+00:00,continuous,91739.0,91875.0,91616.0,91616.1,45304696.430399865
2025-11-17 20:35:59.855000+00:00,2025-11-17 20:33:00+00:00,continuous,91616.0,91831.5,91550.0,91790.5,38625804.473500066
2025-11-17 20:38:59.965000+00:00,2025-11-17 20:36:00+00:00,continuous,91790.4,91952.6,91617.3,91639.2,28791191.14640005
2025-11-17 20:41:59.982000+00:00,2025-11-17 20:39:00+00:00,continuous,91639.3,91648.8,91447.9,91548.4,44518909.44800007
2025-11-17 20:44:59.836000+00:00,2025-11-17 20:42:00+00:00,continuous,91548.5,91646.1,91470.8,91595.4,28909692.732200045
2025-11-17 20:47:59.889000+00:00,2025-11-17 20:45:00+00:00,continuous,91595.5,91888.0,91570.5,91884.7,32357369.666600034
2025-11-17 20:50:59.986000+00:00,2025-11-17 20:48:00+00:00,continuous,91884.6,92118.0,91775.0,92118.0,60386596.58039995
2025-11-17 20:53:59.979000+00:00,2025-11-17 20:51:00+00:00,continuous,92117.9,92194.1,91802.8,91830.0,72508861.78089976
2025-11-17 20:56:59.697000+00:00,2025-11-17 20:54:00+00:00,continuous,91830.1,92037.6,91797.4,91969.7,41533741.47430012
2025-11-17 20:59:59.997000+00:00,2025-11-17 20:57:00+00:00,continuous,91969.6,91993.7,91861.9,91880.5,42584044.953799926
2025-11-17 21:02:59.916000+00:00,2025-11-17 21:00:00+00:00,continuous,91880.0,92227.7,91880.0,92201.7,52021003.83679991
2025-11-17 21:05:59.831000+00:00,2025-11-17 21:03:00+00:00,continuous,92201.6,92201.6,91941.1,92040.1,33704962.454699986
2025-11-17 21:08:59.937000+00:00,2025-11-17 21:06:00+00:00,continuous,92040.1,92208.6,92009.6,92139.7,28868371.61010007
2025-11-17 21:11:59.834000+00:00,2025-11-17 21:09:00+00:00,continuous,92139.6,92139.6,92022.6,92102.0,19036257.339199964
2025-11-17 21:14:59.607000+00:00,2025-11-17 21:12:00+00:00,continuous,92102.0,92148.9,92030.7,92092.3,15394630.058200011
2025-11-17 21:17:59.903000+00:00,2025-11-17 21:15:00+00:00,continuous,92092.3,92092.4,91801.5,91834.6,56770519.95720004
2025-11-17 21:20:59.883000+00:00,2025-11-17 21:18:00+00:00,continuous,91834.5,91877.7,91539.2,91565.1,56363410.04389999
2025-11-17 21:23:59.722000+00:00,2025-11-17 21:21:00+00:00,continuous,91565.1,91678.3,91537.0,91663.9,36497662.51969996
2025-11-17 21:26:59.957000+00:00,2025-11-17 21:24:00+00:00,continuous,91663.9,91809.0,91661.6,91780.6,46690922.468899906
2025-11-17 21:29:59.686000+00:00,2025-11-17 21:27:00+00:00,continuous,91780.6,91820.0,91700.0,91750.0,26063722.53389993
2025-11-17 21:32:59.899000+00:00,2025-11-17 21:30:00+00:00,continuous,91750.0,91750.0,91538.4,91695.9,28287109.987600088
2025-11-17 21:35:59.749000+00:00,2025-11-17 21:33:00+00:00,continuous,91696.0,91723.4,91656.9,91691.4,11721758.01450001
2025-11-17 21:38:59.984000+00:00,2025-11-17 21:36:00+00:00,continuous,91691.3,91691.4,91480.0,91595.2,32260992.89599997
2025-11-17 21:41:58.939000+00:00,2025-11-17 21:39:00+00:00,continuous,91595.2,91800.0,91591.1,91778.0,22357003.69540002
2025-11-17 21:44:59.951000+00:00,2025-11-17 21:42:00+00:00,continuous,91778.0,92057.6,91776.5,91818.9,46091840.55170004
2025-11-17 21:47:59.718000+00:00,2025-11-17 21:45:00+00:00,continuous,91818.8,91818.8,91566.0,91597.4,42936332.18600007
2025-11-17 21:50:59.976000+00:00,2025-11-17 21:48:00+00:00,continuous,91597.3,91664.2,91547.7,91645.8,30423128.19720004
2025-11-17 21:53:59.946000+00:00,2025-11-17 21:51:00+00:00,continuous,91645.8,91845.0,91645.7,91844.9,18721060.652900036
2025-11-17 21:56:59.733000+00:00,2025-11-17 21:54:00+00:00,continuous,91844.9,91910.3,91804.0,91870.2,18033454.48999999
2025-11-17 21:59:59.892000+00:00,2025-11-17 21:57:00+00:00,continuous,91870.1,91939.0,91861.6,91925.7,15380586.092699975
2025-11-17 22:02:59.676000+00:00,2025-11-17 22:00:00+00:00,continuous,91925.6,91925.7,91777.0,91819.7,17492786.578000005
2025-11-17 22:05:59.765000+00:00,2025-11-17 22:03:00+00:00,continuous,91819.7,91918.1,91799.3,91812.9,18881106.178
2025-11-17 22:08:59.912000+00:00,2025-11-17 22:06:00+00:00,continuous,91812.8,92023.3,91790.8,92009.5,20975781.73229993
2025-11-17 22:11:59.933000+00:00,2025-11-17 22:09:00+00:00,continuous,92009.4,92102.8,92009.4,92060.4,31635032.285400007
2025-11-17 22:14:59.964000+00:00,2025-11-17 22:12:00+00:00,continuous,92060.4,92204.5,92018.7,92059.1,55202047.645400055
2025-11-17 22:17:59.615000+00:00,2025-11-17 22:15:00+00:00,continuous,92059.2,92122.5,92046.9,92085.6,17136918.43189997
2025-11-17 22:20:59.982000+00:00,2025-11-17 22:18:00+00:00,continuous,92085.7,92090.5,91875.4,91893.7,28391970.156499956
2025-11-17 22:23:59.945000+00:00,2025-11-17 22:21:00+00:00,continuous,91893.8,92107.6,91884.6,92097.7,20831145.48229997
2025-11-17 22:26:59.960000+00:00,2025-11-17 22:24:00+00:00,continuous,92097.7,92205.0,91931.3,92009.9,108571521.63870056
2025-11-17 22:29:59.993000+00:00,2025-11-17 22:27:00+00:00,continuous,92009.8,92183.7,92000.0,92140.9,25452322.64439999
2025-11-17 22:32:59.790000+00:00,2025-11-17 22:30:00+00:00,continuous,92140.8,92140.9,92080.6,92134.8,18497104.86560001
2025-11-17 22:35:59.908000+00:00,2025-11-17 22:33:00+00:00,continuous,92134.7,92200.0,92118.7,92199.9,13693356.172399968
2025-11-17 22:38:59.986000+00:00,2025-11-17 22:36:00+00:00,continuous,92200.0,92210.0,92123.0,92210.0,12720362.58190002
2025-11-17 22:41:59.864000+00:00,2025-11-17 22:39:00+00:00,continuous,92210.0,92227.7,92104.8,92227.6,21295125.218999922
2025-11-17 22:44:59.666000+00:00,2025-11-17 22:42:00+00:00,continuous,92227.7,92370.9,92205.7,92317.3,35022243.66560001
2025-11-17 22:47:59.686000+00:00,2025-11-17 22:45:00+00:00,continuous,92317.4,92343.6,92202.4,92237.2,20394510.724899966
2025-11-17 22:50:59.889000+00:00,2025-11-17 22:48:00+00:00,continuous,92237.1,92271.3,92200.0,92267.8,7553741.087000006
2025-11-17 22:53:59.905000+00:00,2025-11-17 22:51:00+00:00,continuous,92267.8,92275.8,92202.0,92218.5,7762488.515600001
2025-11-17 22:56:59.971000+00:00,2025-11-17 22:54:00+00:00,continuous,92218.6,92243.7,92200.0,92200.1,11234344.459999999
2025-11-17 22:59:59.875000+00:00,2025-11-17 22:57:00+00:00,continuous,92200.0,92241.1,92200.0,92213.1,11255241.2522
2025-11-17 23:02:59.876000+00:00,2025-11-17 23:00:00+00:00,continuous,92213.1,92237.7,92200.0,92200.0,30960470.660299987
2025-11-17 23:05:59.931000+00:00,2025-11-17 23:03:00+00:00,continuous,92200.1,92261.6,92200.0,92224.6,28837023.549100008
2025-11-17 23:08:59.732000+00:00,2025-11-17 23:06:00+00:00,continuous,92224.7,92249.2,91927.0,92010.2,47756052.7275
2025-11-17 23:11:59.386000+00:00,2025-11-17 23:09:00+00:00,continuous,92010.3,92100.0,91950.0,91969.3,25346761.22329997
2025-11-17 23:14:59.915000+00:00,2025-11-17 23:12:00+00:00,continuous,91969.3,91989.3,91860.0,91981.1,33319423.228399888
2025-11-17 23:17:59.793000+00:00,2025-11-17 23:15:00+00:00,continuous,91981.0,91981.0,91780.0,91845.5,52355033.74149996
2025-11-17 23:20:59.873000+00:00,2025-11-17 23:18:00+00:00,continuous,91845.5,91908.0,91786.4,91889.1,28083711.395699933
2025-11-17 23:23:59.863000+00:00,2025-11-17 23:21:00+00:00,continuous,91889.1,91972.3,91855.8,91860.6,18266255.910200037
2025-11-17 23:26:59.949000+00:00,2025-11-17 23:24:00+00:00,continuous,91860.7,91980.0,91830.1,91900.0,23500200.464599993
2025-11-17 23:29:59.945000+00:00,2025-11-17 23:27:00+00:00,continuous,91900.0,91932.9,91810.0,91856.8,21852161.36619998
2025-11-17 23:32:59.926000+00:00,2025-11-17 23:30:00+00:00,continuous,91856.9,91856.9,91753.8,91832.0,34907274.96569996
2025-11-17 23:35:59.635000+00:00,2025-11-17 23:33:00+00:00,continuous,91832.0,91972.6,91813.5,91900.0,15872219.49270001
2025-11-17 23:38:59.842000+00:00,2025-11-17 23:36:00+00:00,continuous,91900.0,91972.4,91858.1,91953.1,10316628.335600005
2025-11-17 23:41:59.737000+00:00,2025-11-17 23:39:00+00:00,continuous,91953.1,92015.3,91869.8,91874.3,26757741.776300028
2025-11-17 23:44:59.994000+00:00,2025-11-17 23:42:00+00:00,continuous,91874.3,91967.0,91838.0,91923.7,12216252.561000006
2025-11-17 23:47:59.317000+00:00,2025-11-17 23:45:00+00:00,continuous,91924.1,92072.0,91924.1,91976.4,14191496.659700003
2025-11-17 23:50:59.989000+00:00,2025-11-17 23:48:00+00:00,continuous,91976.5,92057.0,91954.3,92008.7,12542766.554799996
2025-11-17 23:53:59.972000+00:00,2025-11-17 23:51:00+00:00,continuous,92008.7,92100.0,92000.0,92072.2,14098297.10370003
2025-11-17 23:56:59.779000+00:00,2025-11-17 23:54:00+00:00,continuous,92072.1,92154.7,92048.0,92141.7,16747397.515500017
2025-11-17 23:59:59.836000+00:00,2025-11-17 23:57:00+00:00,continuous,92141.7,92188.8,92103.4,92169.7,16033584.583899964
2025-11-18 00:02:59.686000+00:00,2025-11-18 00:00:00+00:00,continuous,92169.8,92213.5,92080.0,92163.7,29569682.716400027
2025-11-18 00:05:59.951000+00:00,2025-11-18 00:03:00+00:00,continuous,92163.6,92335.4,92163.6,92211.8,44333591.84659997
2025-11-18 00:08:59.456000+00:00,2025-11-18 00:06:00+00:00,continuous,92211.7,92290.0,92180.6,92243.1,18181860.041800037
2025-11-18 00:11:59.822000+00:00,2025-11-18 00:09:00+00:00,continuous,92242.8,92310.6,92226.6,92226.6,13200169.396000005
2025-11-18 00:14:59.892000+00:00,2025-11-18 00:12:00+00:00,continuous,92226.6,92250.0,92155.9,92173.2,14867057.367400011
2025-11-18 00:17:59.965000+00:00,2025-11-18 00:15:00+00:00,continuous,92173.2,92228.8,92159.3,92164.6,15441485.40989997
2025-11-18 00:20:59.999000+00:00,2025-11-18 00:18:00+00:00,continuous,92164.5,92164.5,91951.5,92064.3,28324454.889400043
2025-11-18 00:23:59.979000+00:00,2025-11-18 00:21:00+00:00,continuous,92064.2,92205.9,92020.4,92205.7,17368694.5508
2025-11-18 00:26:59.948000+00:00,2025-11-18 00:24:00+00:00,continuous,92205.7,92260.1,92088.0,92088.0,15881300.14320001
2025-11-18 00:29:59.990000+00:00,2025-11-18 00:27:00+00:00,continuous,92088.0,92088.1,91962.0,91980.0,21074993.501300063
2025-11-18 00:32:59.901000+00:00,2025-11-18 00:30:00+00:00,continuous,91980.0,92032.0,91815.5,91825.0,33135289.93549999
2025-11-18 00:35:59.780000+00:00,2025-11-18 00:33:00+00:00,continuous,91825.0,91860.9,91707.4,91810.3,29967617.819099996
2025-11-18 00:38:59.773000+00:00,2025-11-18 00:36:00+00:00,continuous,91810.6,91860.1,91735.6,91783.9,32959273.572800037
2025-11-18 00:41:59.945000+00:00,2025-11-18 00:39:00+00:00,continuous,91783.9,91809.9,91400.0,91463.8,63118432.0333
2025-11-18 00:44:59.945000+00:00,2025-11-18 00:42:00+00:00,continuous,91463.9,91512.8,91285.2,91379.3,84301428.64840037
2025-11-18 00:47:59.814000+00:00,2025-11-18 00:45:00+00:00,continuous,91379.4,91713.2,91126.0,91682.2,116320592.81399943
2025-11-18 00:50:59.934000+00:00,2025-11-18 00:48:00+00:00,continuous,91682.2,91991.4,91661.0,91907.2,82884246.06040035
2025-11-18 00:53:59.956000+00:00,2025-11-18 00:51:00+00:00,continuous,91907.3,92142.2,91904.1,92004.6,47768266.6065
2025-11-18 00:56:59.873000+00:00,2025-11-18 00:54:00+00:00,continuous,92004.5,92047.6,91800.0,91851.4,45558955.86049987
2025-11-18 00:59:59.892000+00:00,2025-11-18 00:57:00+00:00,continuous,91851.3,92163.7,91848.8,92120.2,37540293.920300074
2025-11-18 01:02:59.929000+00:00,2025-11-18 01:00:00+00:00,continuous,92120.2,92186.1,92050.0,92120.0,35584992.56870019
2025-11-18 01:05:59.932000+00:00,2025-11-18 01:03:00+00:00,continuous,92120.0,92148.2,91910.0,91926.9,30654595.08659993
2025-11-18 01:08:59.904000+00:00,2025-11-18 01:06:00+00:00,continuous,91926.9,92130.0,91899.8,92077.1,28319459.236000024
2025-11-18 01:11:59.916000+00:00,2025-11-18 01:09:00+00:00,continuous,92077.0,92130.5,92016.9,92045.0,19774291.613200005
2025-11-18 01:14:59.688000+00:00,2025-11-18 01:12:00+00:00,continuous,92045.0,92045.5,91857.1,91904.1,27702200.535400003
2025-11-18 01:17:59.976000+00:00,2025-11-18 01:15:00+00:00,continuous,91904.0,92064.1,91736.8,92052.3,73122588.48449996
2025-11-18 01:20:59.874000+00:00,2025-11-18 01:18:00+00:00,continuous,92052.4,92167.3,91984.5,92005.5,36127672.246800095
2025-11-18 01:23:59.890000+00:00,2025-11-18 01:21:00+00:00,continuous,92005.6,92068.0,91958.5,92002.1,26275571.659700133
2025-11-18 01:26:59.881000+00:00,2025-11-18 01:24:00+00:00,continuous,92002.0,92009.9,91647.3,91653.2,47553546.31819996
2025-11-18 01:29:59.431000+00:00,2025-11-18 01:27:00+00:00,continuous,91653.1,91787.8,91609.3,91755.5,27104159.38479999
2025-11-18 01:32:59.897000+00:00,2025-11-18 01:30:00+00:00,continuous,91755.5,91889.9,91754.1,91822.1,20014670.985100064
2025-11-18 01:35:59.559000+00:00,2025-11-18 01:33:00+00:00,continuous,91822.1,92028.1,91815.9,91988.6,25990611.14969989
2025-11-18 01:38:59.968000+00:00,2025-11-18 01:36:00+00:00,continuous,91988.7,92013.1,91812.0,91832.0,11873779.71069999
2025-11-18 01:41:59.815000+00:00,2025-11-18 01:39:00+00:00,continuous,91832.0,91850.7,91772.3,91781.1,12502271.068500027
2025-11-18 01:44:59.910000+00:00,2025-11-18 01:42:00+00:00,continuous,91781.1,91869.2,91679.8,91869.1,20434819.67500005
2025-11-18 01:47:59.902000+00:00,2025-11-18 01:45:00+00:00,continuous,91869.2,91894.5,91764.9,91769.0,11736053.308899993
2025-11-18 01:50:59.952000+00:00,2025-11-18 01:48:00+00:00,continuous,91769.0,91822.3,91701.8,91711.2,11513426.066000003
2025-11-18 01:53:59.816000+00:00,2025-11-18 01:51:00+00:00,continuous,91711.3,91721.3,91607.6,91633.4,49061638.21769999
2025-11-18 01:56:59.609000+00:00,2025-11-18 01:54:00+00:00,continuous,91633.5,91705.5,91567.5,91633.1,32911702.69989999
2025-11-18 01:59:59.994000+00:00,2025-11-18 01:57:00+00:00,continuous,91633.1,91768.4,91627.2,91681.2,14398937.62770006
2025-11-18 02:02:59.882000+00:00,2025-11-18 02:00:00+00:00,continuous,91680.9,91700.1,91207.7,91248.8,112360335.90550016
2025-11-18 02:05:59.668000+00:00,2025-11-18 02:03:00+00:00,continuous,91248.9,91410.0,91219.5,91271.8,70344410.31749983
2025-11-18 02:08:59.906000+00:00,2025-11-18 02:06:00+00:00,continuous,91271.9,91362.0,91230.0,91362.0,28617553.0918999
2025-11-18 02:11:59.915000+00:00,2025-11-18 02:09:00+00:00,continuous,91362.0,91517.6,91289.8,91321.2,29828587.20419998
2025-11-18 02:14:59.967000+00:00,2025-11-18 02:12:00+00:00,continuous,91321.1,91343.7,91103.4,91140.2,83705284.06860006
2025-11-18 02:17:59.996000+00:00,2025-11-18 02:15:00+00:00,continuous,91140.1,91189.0,90700.0,90822.6,269937021.92170054
2025-11-18 02:20:59.927000+00:00,2025-11-18 02:18:00+00:00,continuous,90822.7,91330.0,90724.5,91313.0,162147952.1274008
2025-11-18 02:23:59.922000+00:00,2025-11-18 02:21:00+00:00,continuous,91312.9,91406.6,91093.5,91242.0,63157690.745600045
2025-11-18 02:26:59.750000+00:00,2025-11-18 02:24:00+00:00,continuous,91242.1,91436.3,91223.1,91358.4,45726253.738000184
2025-11-18 02:29:59.951000+00:00,2025-11-18 02:27:00+00:00,continuous,91358.3,91680.0,91351.6,91643.7,95873240.4831999
2025-11-18 02:32:59.957000+00:00,2025-11-18 02:30:00+00:00,continuous,91643.8,91720.4,91563.1,91584.8,89206729.21460004
2025-11-18 02:35:59.532000+00:00,2025-11-18 02:33:00+00:00,continuous,91584.9,91676.8,91267.1,91291.8,57837814.13380022
2025-11-18 02:38:59.981000+00:00,2025-11-18 02:36:00+00:00,continuous,91291.8,91345.2,91114.9,91326.9,37979703.95279995
2025-11-18 02:41:59.999000+00:00,2025-11-18 02:39:00+00:00,continuous,91326.8,91370.6,91205.4,91348.4,24419948.81829999
2025-11-18 02:44:59.966000+00:00,2025-11-18 02:42:00+00:00,continuous,91348.0,91360.0,91275.0,91299.0,20856673.29330002
2025-11-18 02:47:59.979000+00:00,2025-11-18 02:45:00+00:00,continuous,91299.0,91667.8,91262.3,91439.9,95173059.19140013
2025-11-18 02:50:59.894000+00:00,2025-11-18 02:48:00+00:00,continuous,91439.9,91494.2,91378.2,91384.8,17746002.83250007
2025-11-18 02:53:59.992000+00:00,2025-11-18 02:51:00+00:00,continuous,91384.7,91384.8,91146.4,91159.3,33565296.26700001
2025-11-18 02:56:59.925000+00:00,2025-11-18 02:54:00+00:00,continuous,91159.2,91165.3,90929.9,91033.4,38829653.83940016
2025-11-18 02:59:59.982000+00:00,2025-11-18 02:57:00+00:00,continuous,91033.3,91044.2,90640.7,90837.6,113715916.86200023
2025-11-18 03:02:59.948000+00:00,2025-11-18 03:00:00+00:00,continuous,90837.6,90867.5,90356.1,90409.4,240839993.9005998
2025-11-18 03:05:59.891000+00:00,2025-11-18 03:03:00+00:00,continuous,90409.4,90652.7,90300.0,90606.2,127040433.13430004
2025-11-18 03:08:59.921000+00:00,2025-11-18 03:06:00+00:00,continuous,90606.2,90660.0,90222.0,90312.5,95886653.68300009
2025-11-18 03:11:59.939000+00:00,2025-11-18 03:09:00+00:00,continuous,90312.6,90490.9,90293.7,90441.3,54296957.52940021
2025-11-18 03:14:59.983000+00:00,2025-11-18 03:12:00+00:00,continuous,90441.3,90441.3,90328.8,90359.2,28718913.226200175
2025-11-18 03:17:59.959000+00:00,2025-11-18 03:15:00+00:00,continuous,90359.1,90519.0,90330.3,90405.9,57054718.739800066
2025-11-18 03:20:59.947000+00:00,2025-11-18 03:18:00+00:00,continuous,90406.0,90455.0,90304.7,90402.6,39030081.99049996
2025-11-18 03:23:59.990000+00:00,2025-11-18 03:21:00+00:00,continuous,90402.5,90414.0,90111.1,90117.9,101266680.59299958
2025-11-18 03:26:59.975000+00:00,2025-11-18 03:24:00+00:00,continuous,90117.8,90283.8,89990.0,90283.8,152610069.22410095
2025-11-18 03:29:59.954000+00:00,2025-11-18 03:27:00+00:00,continuous,90283.7,90298.8,89989.3,89996.9,66360944.848100066
2025-11-18 03:32:59.985000+00:00,2025-11-18 03:30:00+00:00,continuous,89996.8,90213.5,89750.0,89890.3,264206236.44830164
2025-11-18 03:35:59.956000+00:00,2025-11-18 03:33:00+00:00,continuous,89890.3,89960.4,89666.1,89912.8,151402066.10649955
2025-11-18 03:38:59.893000+00:00,2025-11-18 03:36:00+00:00,continuous,89912.7,90487.2,89863.2,90439.7,174924184.7763001
2025-11-18 03:41:59.961000+00:00,2025-11-18 03:39:00+00:00,continuous,90439.7,90900.0,90439.7,90828.8,175653579.32309863
2025-11-18 03:44:59.986000+00:00,2025-11-18 03:42:00+00:00,continuous,90828.7,90828.8,90548.7,90600.0,81218284.75860032
2025-11-18 03:47:59.971000+00:00,2025-11-18 03:45:00+00:00,continuous,90600.1,90885.0,90570.0,90870.0,58669632.36629975
2025-11-18 03:50:59.927000+00:00,2025-11-18 03:48:00+00:00,continuous,90870.0,90888.0,90653.4,90681.7,77671141.20140038
2025-11-18 03:53:59.948000+00:00,2025-11-18 03:51:00+00:00,continuous,90681.7,90880.9,90673.5,90840.0,47919010.52380014
2025-11-18 03:56:59.830000+00:00,2025-11-18 03:54:00+00:00,continuous,90840.0,90840.1,90680.0,90700.0,47731815.44909986
2025-11-18 03:59:59.837000+00:00,2025-11-18 03:57:00+00:00,continuous,90700.0,90865.5,90700.0,90811.9,37888001.16990003
2025-11-18 04:02:59.807000+00:00,2025-11-18 04:00:00+00:00,continuous,90811.8,90842.1,90690.0,90720.9,46305261.958800115
2025-11-18 04:05:59.938000+00:00,2025-11-18 04:03:00+00:00,continuous,90720.8,90733.5,90397.1,90407.3,79258081.72259969
2025-11-18 04:08:59.976000+00:00,2025-11-18 04:06:00+00:00,continuous,90407.3,90555.7,90353.9,90416.1,68575709.5070002
2025-11-18 04:11:59.929000+00:00,2025-11-18 04:09:00+00:00,continuous,90416.2,90429.3,90229.8,90350.0,67607822.43359981
2025-11-18 04:14:59.892000+00:00,2025-11-18 04:12:00+00:00,continuous,90350.0,90383.0,90252.2,90276.2,44190509.91849995
2025-11-18 04:17:59.928000+00:00,2025-11-18 04:15:00+00:00,continuous,90276.2,90353.1,89944.9,89975.4,101717762.51089983
2025-11-18 04:20:59.967000+00:00,2025-11-18 04:18:00+00:00,continuous,89975.5,90172.9,89937.6,89965.3,80996259.28540038
2025-11-18 04:23:59.996000+00:00,2025-11-18 04:21:00+00:00,continuous,89965.4,90170.8,89918.9,90060.3,49074179.62669998
2025-11-18 04:26:59.850000+00:00,2025-11-18 04:24:00+00:00,continuous,90060.2,90127.7,89888.0,89905.7,80977613.52919997
2025-11-18 04:29:59.868000+00:00,2025-11-18 04:27:00+00:00,continuous,89905.8,89980.2,89867.7,89894.4,62285649.951400064
2025-11-18 04:32:59.872000+00:00,2025-11-18 04:30:00+00:00,continuous,89894.5,90005.1,89865.0,89885.3,51876571.637699805
2025-11-18 04:35:59.982000+00:00,2025-11-18 04:33:00+00:00,continuous,89885.4,90124.3,89885.3,90000.1,67865660.62310012
2025-11-18 04:38:59.924000+00:00,2025-11-18 04:36:00+00:00,continuous,90000.1,90073.5,89896.0,89951.1,45582606.73110001
2025-11-18 04:41:59.574000+00:00,2025-11-18 04:39:00+00:00,continuous,89951.1,90015.1,89923.4,89987.6,29159635.67670012
2025-11-18 04:44:59.941000+00:00,2025-11-18 04:42:00+00:00,continuous,89987.6,90098.3,89804.9,89818.9,49992178.0690999
2025-11-18 04:47:59.989000+00:00,2025-11-18 04:45:00+00:00,continuous,89818.8,89919.2,89012.0,89695.4,462477768.30389893
2025-11-18 04:50:59.920000+00:00,2025-11-18 04:48:00+00:00,continuous,89695.3,89989.4,89506.5,89543.2,181114876.96420074
2025-11-18 04:53:59.835000+00:00,2025-11-18 04:51:00+00:00,continuous,89543.2,89700.0,89461.0,89470.9,64500315.752999924
2025-11-18 04:56:59.974000+00:00,2025-11-18 04:54:00+00:00,continuous,89470.9,89936.0,89460.1,89923.5,107044242.40710005
2025-11-18 04:59:59.895000+00:00,2025-11-18 04:57:00+00:00,continuous,89921.7,90158.0,89891.8,90049.4,110678244.99000019
2025-11-18 05:02:59.996000+00:00,2025-11-18 05:00:00+00:00,continuous,90049.4,90114.5,89725.4,89746.6,53936540.237599924
2025-11-18 05:05:59.967000+00:00,2025-11-18 05:03:00+00:00,continuous,89747.3,89983.0,89676.8,89971.9,47761931.36840005
2025-11-18 05:08:59.940000+00:00,2025-11-18 05:06:00+00:00,continuous,89971.8,90100.0,89951.8,90076.1,52378415.65309992
2025-11-18 05:11:59.942000+00:00,2025-11-18 05:09:00+00:00,continuous,90076.2,90100.0,89903.4,90064.6,31091415.824600022
2025-11-18 05:14:59.948000+00:00,2025-11-18 05:12:00+00:00,continuous,90064.6,90250.0,89992.4,90204.9,83092195.03530025
2025-11-18 05:17:59.955000+00:00,2025-11-18 05:15:00+00:00,continuous,90204.9,90297.0,90137.2,90241.3,38242331.07189995
2025-11-18 05:20:59.539000+00:00,2025-11-18 05:18:00+00:00,continuous,90241.3,90295.3,90148.7,90223.7,33095802.904399887
2025-11-18 05:23:59.800000+00:00,2025-11-18 05:21:00+00:00,continuous,90223.7,90455.0,90223.7,90323.3,68177867.99549998
2025-11-18 05:26:59.919000+00:00,2025-11-18 05:24:00+00:00,continuous,90323.3,90378.2,90156.0,90180.1,33300866.993199944
2025-11-18 05:29:59.703000+00:00,2025-11-18 05:27:00+00:00,continuous,90180.0,90209.9,90147.5,90155.7,18229533.662499968
2025-11-18 05:32:59.934000+00:00,2025-11-18 05:30:00+00:00,continuous,90155.7,90200.1,90118.4,90150.9,22656485.350000042
2025-11-18 05:35:59.959000+00:00,2025-11-18 05:33:00+00:00,continuous,90150.9,90353.7,90127.8,90270.1,30208933.155999936
2025-11-18 05:38:59.940000+00:00,2025-11-18 05:36:00+00:00,continuous,90270.0,90270.0,90088.0,90088.0,29187444.243599992
2025-11-18 05:41:59.762000+00:00,2025-11-18 05:39:00+00:00,continuous,90088.1,90088.1,89944.2,90005.2,50915929.42279992
2025-11-18 05:44:59.985000+00:00,2025-11-18 05:42:00+00:00,continuous,90005.1,90022.0,89871.7,89980.0,29554215.55339998
2025-11-18 05:47:59.859000+00:00,2025-11-18 05:45:00+00:00,continuous,89979.9,90222.0,89979.9,90201.4,25495598.027700067
2025-11-18 05:50:59.851000+00:00,2025-11-18 05:48:00+00:00,continuous,90201.6,90326.8,90143.8,90323.4,29063500.386399984
2025-11-18 05:53:59.974000+00:00,2025-11-18 05:51:00+00:00,continuous,90323.4,90323.5,90066.8,90076.3,23250715.649299935
2025-11-18 05:56:59.822000+00:00,2025-11-18 05:54:00+00:00,continuous,90076.2,90223.6,90076.2,90161.9,34965565.752499945
2025-11-18 05:59:59.859000+00:00,2025-11-18 05:57:00+00:00,continuous,90162.0,90211.8,90111.4,90185.9,13862070.418999985
2025-11-18 06:02:59.954000+00:00,2025-11-18 06:00:00+00:00,continuous,90185.8,90197.1,89964.0,89977.1,33661237.576200016
2025-11-18 06:05:59.780000+00:00,2025-11-18 06:03:00+00:00,continuous,89977.0,90033.5,89905.6,90024.3,21828998.24459999
2025-11-18 06:08:59.920000+00:00,2025-11-18 06:06:00+00:00,continuous,90024.3,90061.2,89907.5,89976.1,20368869.294800058
2025-11-18 06:11:59.660000+00:00,2025-11-18 06:09:00+00:00,continuous,89976.2,90077.0,89946.7,90076.2,11818101.332899993
2025-11-18 06:14:59.774000+00:00,2025-11-18 06:12:00+00:00,continuous,90076.1,90153.3,90053.5,90116.5,17403719.751000073
2025-11-18 06:17:59.832000+00:00,2025-11-18 06:15:00+00:00,continuous,90116.5,90124.9,90005.4,90086.0,21123209.99640003
2025-11-18 06:20:59.894000+00:00,2025-11-18 06:18:00+00:00,continuous,90086.0,90142.8,90007.5,90025.1,23526613.409700073
2025-11-18 06:23:59.846000+00:00,2025-11-18 06:21:00+00:00,continuous,90025.1,90040.0,89913.8,89964.1,18336531.72870001
2025-11-18 06:26:59.765000+00:00,2025-11-18 06:24:00+00:00,continuous,89964.1,89980.5,89934.3,89936.3,19143821.548799943
2025-11-18 06:29:59.979000+00:00,2025-11-18 06:27:00+00:00,continuous,89936.4,90032.5,89936.4,90029.9,15327065.561199993
2025-11-18 06:32:59.898000+00:00,2025-11-18 06:30:00+00:00,continuous,90029.9,90079.9,89976.7,90016.6,15282564.9467
2025-11-18 06:35:59.912000+00:00,2025-11-18 06:33:00+00:00,continuous,90016.6,90016.6,89744.3,89782.2,43617785.15910001
2025-11-18 06:38:59.856000+00:00,2025-11-18 06:36:00+00:00,continuous,89782.2,89832.8,89558.0,89619.1,49050514.738800034
2025-11-18 06:41:59.906000+00:00,2025-11-18 06:39:00+00:00,continuous,89619.1,89675.0,89517.6,89655.8,54330958.72449991
2025-11-18 06:44:59.981000+00:00,2025-11-18 06:42:00+00:00,continuous,89655.4,89655.4,89428.5,89435.8,67312707.30229992
2025-11-18 06:47:59.995000+00:00,2025-11-18 06:45:00+00:00,continuous,89435.8,89610.9,89435.7,89578.2,32044608.53980001
2025-11-18 06:50:59.866000+00:00,2025-11-18 06:48:00+00:00,continuous,89578.4,89585.9,89407.4,89489.2,43005892.484699756
2025-11-18 06:53:59.869000+00:00,2025-11-18 06:51:00+00:00,continuous,89489.2,89489.2,89333.1,89438.0,59296167.737899885
2025-11-18 06:56:59.928000+00:00,2025-11-18 06:54:00+00:00,continuous,89438.0,89761.7,89434.1,89691.8,39848431.855499886
2025-11-18 06:59:59.823000+00:00,2025-11-18 06:57:00+00:00,continuous,89691.7,89691.8,89560.9,89615.9,22805108.335400023
2025-11-18 07:02:59.855000+00:00,2025-11-18 07:00:00+00:00,continuous,89615.9,89625.0,89299.7,89475.7,68709593.8556999
2025-11-18 07:05:59.953000+00:00,2025-11-18 07:03:00+00:00,continuous,89475.6,89551.5,89388.7,89447.4,22264761.88269997
2025-11-18 07:08:59.810000+00:00,2025-11-18 07:06:00+00:00,continuous,89447.4,89730.0,89447.4,89716.5,32545379.369399946
2025-11-18 07:11:59.667000+00:00,2025-11-18 07:09:00+00:00,continuous,89716.4,89894.3,89670.9,89811.7,33038883.683599986
2025-11-18 07:14:59.796000+00:00,2025-11-18 07:12:00+00:00,continuous,89811.7,89877.1,89783.0,89838.4,19936420.755799994
2025-11-18 07:17:59.998000+00:00,2025-11-18 07:15:00+00:00,continuous,89838.4,89927.9,89612.0,89872.8,48729497.98649981
2025-11-18 07:20:59.821000+00:00,2025-11-18 07:18:00+00:00,continuous,89872.9,89910.6,89745.0,89753.4,21061952.36879996
2025-11-18 07:23:59.992000+00:00,2025-11-18 07:21:00+00:00,continuous,89753.5,89931.6,89753.4,89925.2,27810073.344299972
2025-11-18 07:26:59.944000+00:00,2025-11-18 07:24:00+00:00,continuous,89924.9,90095.5,89906.1,90076.5,48511611.943299904
2025-11-18 07:29:59.677000+00:00,2025-11-18 07:27:00+00:00,continuous,90076.6,90149.9,90020.0,90103.1,33566526.60080001
2025-11-18 07:32:59.977000+00:00,2025-11-18 07:30:00+00:00,continuous,90103.2,90150.0,89968.0,90084.9,43263425.24599989
2025-11-18 07:35:59.899000+00:00,2025-11-18 07:33:00+00:00,continuous,90084.8,90322.5,90067.3,90299.8,59948838.612600125
2025-11-18 07:38:59.911000+00:00,2025-11-18 07:36:00+00:00,continuous,90299.9,90423.1,90263.5,90395.2,59011787.45110022
2025-11-18 07:41:59.911000+00:00,2025-11-18 07:39:00+00:00,continuous,90395.1,90500.5,90343.3,90448.0,67454712.53730015
2025-11-18 07:44:59.979000+00:00,2025-11-18 07:42:00+00:00,continuous,90448.1,90472.5,90372.3,90416.5,43041000.01520002
2025-11-18 07:47:59.954000+00:00,2025-11-18 07:45:00+00:00,continuous,90416.4,90500.0,90401.6,90492.6,32235012.3357
2025-11-18 07:50:59.891000+00:00,2025-11-18 07:48:00+00:00,continuous,90492.6,90499.9,90355.3,90383.0,39622040.429000005
2025-11-18 07:53:59.801000+00:00,2025-11-18 07:51:00+00:00,continuous,90383.0,90446.2,90348.4,90404.1,23961160.613800015
2025-11-18 07:56:59.990000+00:00,2025-11-18 07:54:00+00:00,continuous,90404.1,90454.2,90336.2,90406.2,19478921.61520002
2025-11-18 07:59:59.854000+00:00,2025-11-18 07:57:00+00:00,continuous,90406.2,90475.0,90365.6,90459.1,18013502.63370003
2025-11-18 08:02:59.999000+00:00,2025-11-18 08:00:00+00:00,continuous,90459.2,90679.7,90459.1,90652.7,80218861.40390007
2025-11-18 08:05:59.982000+00:00,2025-11-18 08:03:00+00:00,continuous,90652.7,90712.0,90584.6,90650.0,35577099.109699935
2025-11-18 08:08:59.999000+00:00,2025-11-18 08:06:00+00:00,continuous,90650.0,90780.0,90588.0,90750.0,42279843.25819988
2025-11-18 08:11:59.844000+00:00,2025-11-18 08:09:00+00:00,continuous,90750.0,90770.0,90633.9,90688.6,26158554.383500066
2025-11-18 08:14:59.874000+00:00,2025-11-18 08:12:00+00:00,continuous,90688.6,90816.6,90684.8,90755.1,28713845.08199995
2025-11-18 08:17:59.983000+00:00,2025-11-18 08:15:00+00:00,continuous,90755.1,91045.9,90740.0,91045.9,78797842.43299975
2025-11-18 08:20:59.978000+00:00,2025-11-18 08:18:00+00:00,continuous,91045.8,91152.9,90888.6,90925.8,88217165.01330012
2025-11-18 08:23:59.994000+00:00,2025-11-18 08:21:00+00:00,continuous,90925.8,90961.8,90688.4,90861.6,84182156.4871003
2025-11-18 08:26:59.916000+00:00,2025-11-18 08:24:00+00:00,continuous,90861.5,90866.0,90723.1,90831.7,27930988.904999994
2025-11-18 08:29:59.963000+00:00,2025-11-18 08:27:00+00:00,continuous,90831.8,90869.2,90774.8,90797.8,14858638.21229999
2025-11-18 08:32:59.962000+00:00,2025-11-18 08:30:00+00:00,continuous,90797.7,91019.0,90762.3,90961.1,35611425.85689999
2025-11-18 08:35:59.857000+00:00,2025-11-18 08:33:00+00:00,continuous,90961.0,91171.3,90954.0,91102.4,45133369.82100016
2025-11-18 08:38:59.623000+00:00,2025-11-18 08:36:00+00:00,continuous,91102.4,91322.0,91088.0,91232.0,64785066.59690015
2025-11-18 08:41:59.869000+00:00,2025-11-18 08:39:00+00:00,continuous,91232.0,91453.5,91203.3,91262.0,94487837.3719
2025-11-18 08:44:59.890000+00:00,2025-11-18 08:42:00+00:00,continuous,91262.0,91389.1,91240.6,91316.2,39429519.94400018
2025-11-18 08:47:59.886000+00:00,2025-11-18 08:45:00+00:00,continuous,91316.3,91389.2,91188.0,91296.0,95649156.43479976
2025-11-18 08:50:59.971000+00:00,2025-11-18 08:48:00+00:00,continuous,91296.0,91369.3,91250.0,91250.1,25857617.325900067
2025-11-18 08:53:59.987000+00:00,2025-11-18 08:51:00+00:00,continuous,91250.0,91293.6,91202.4,91230.0,29702021.068999946
2025-11-18 08:56:59.871000+00:00,2025-11-18 08:54:00+00:00,continuous,91229.9,91297.2,91213.3,91261.0,18916610.194799982
2025-11-18 08:59:59.924000+00:00,2025-11-18 08:57:00+00:00,continuous,91260.9,91261.0,91128.3,91179.9,26423962.904499978
2025-11-18 09:02:59.984000+00:00,2025-11-18 09:00:00+00:00,continuous,91180.0,91250.0,91070.5,91126.8,44845702.41029999
2025-11-18 09:05:59.988000+00:00,2025-11-18 09:03:00+00:00,continuous,91126.8,91197.3,90952.0,90952.1,67191317.97920032
2025-11-18 09:08:59.813000+00:00,2025-11-18 09:06:00+00:00,continuous,90952.0,91031.8,90945.6,90967.5,37449439.113899946
2025-11-18 09:11:59.951000+00:00,2025-11-18 09:09:00+00:00,continuous,90967.5,91158.3,90896.4,91119.0,33848314.38039995
2025-11-18 09:14:59.876000+00:00,2025-11-18 09:12:00+00:00,continuous,91118.9,91173.3,91052.9,91133.5,26697310.677200012
2025-11-18 09:17:59.931000+00:00,2025-11-18 09:15:00+00:00,continuous,91133.4,91393.3,91133.4,91389.6,49103291.448099986
2025-11-18 09:20:59.917000+00:00,2025-11-18 09:18:00+00:00,continuous,91389.5,91414.4,91217.3,91288.2,44397532.2362
2025-11-18 09:23:59.997000+00:00,2025-11-18 09:21:00+00:00,continuous,91288.2,91288.3,91012.8,91019.9,28376884.990899973
2025-11-18 09:26:59.894000+00:00,2025-11-18 09:24:00+00:00,continuous,91020.0,91043.5,90843.9,90863.1,46983529.5639
2025-11-18 09:29:59.921000+00:00,2025-11-18 09:27:00+00:00,continuous,90863.2,90956.9,90863.2,90896.9,21027471.36229995
2025-11-18 09:32:59.951000+00:00,2025-11-18 09:30:00+00:00,continuous,90896.9,90982.9,90863.5,90916.0,15942603.445199996
2025-11-18 09:35:59.982000+00:00,2025-11-18 09:33:00+00:00,continuous,90915.5,91046.4,90915.5,90978.2,18681397.620399944
2025-11-18 09:38:59.973000+00:00,2025-11-18 09:36:00+00:00,continuous,90978.2,91059.5,90931.2,91059.5,41209897.95379991
2025-11-18 09:41:59.920000+00:00,2025-11-18 09:39:00+00:00,continuous,91059.4,91073.1,90992.6,91007.2,16614579.909499995
2025-11-18 09:44:59.901000+00:00,2025-11-18 09:42:00+00:00,continuous,91007.2,91150.1,91007.2,91128.0,23115441.809500027
2025-11-18 09:47:59.832000+00:00,2025-11-18 09:45:00+00:00,continuous,91128.0,91265.4,91076.2,91233.3,27455078.59010003
2025-11-18 09:50:59.795000+00:00,2025-11-18 09:48:00+00:00,continuous,91233.2,91346.1,91233.2,91305.0,30644750.617600054
2025-11-18 09:53:59.955000+00:00,2025-11-18 09:51:00+00:00,continuous,91305.1,91360.5,91227.9,91238.2,27675367.60729999
2025-11-18 09:56:59.928000+00:00,2025-11-18 09:54:00+00:00,continuous,91238.1,91320.0,91167.3,91320.0,23646203.74970003
2025-11-18 09:59:59.940000+00:00,2025-11-18 09:57:00+00:00,continuous,91320.0,91450.1,91319.0,91361.7,51633735.82339991
2025-11-18 10:02:59.125000+00:00,2025-11-18 10:00:00+00:00,continuous,91361.6,91418.4,91352.9,91384.5,21427269.433700018
2025-11-18 10:05:59.970000+00:00,2025-11-18 10:03:00+00:00,continuous,91384.6,91554.3,91378.7,91487.0,70928916.35740006
2025-11-18 10:08:59.826000+00:00,2025-11-18 10:06:00+00:00,continuous,91487.1,91555.9,91356.8,91388.2,44280577.6219
2025-11-18 10:11:59.845000+00:00,2025-11-18 10:09:00+00:00,continuous,91388.3,91470.3,91321.7,91430.0,22142571.370600045
2025-11-18 10:14:59.948000+00:00,2025-11-18 10:12:00+00:00,continuous,91430.0,91440.2,91332.6,91341.5,25351167.59119996
2025-11-18 10:17:59.929000+00:00,2025-11-18 10:15:00+00:00,continuous,91341.5,91419.8,91289.5,91394.5,30330282.538999975
2025-11-18 10:20:59.843000+00:00,2025-11-18 10:18:00+00:00,continuous,91394.5,91500.0,91332.9,91332.9,19195650.730200026
2025-11-18 10:23:59.920000+00:00,2025-11-18 10:21:00+00:00,continuous,91332.9,91332.9,91205.5,91285.0,24232891.223600052
2025-11-18 10:26:59.385000+00:00,2025-11-18 10:24:00+00:00,continuous,91285.0,91285.1,91203.7,91277.9,17846842.039900005
2025-11-18 10:29:59.597000+00:00,2025-11-18 10:27:00+00:00,continuous,91278.0,91317.1,91235.5,91291.4,12090647.336999964
2025-11-18 10:32:59.818000+00:00,2025-11-18 10:30:00+00:00,continuous,91291.5,91550.0,91277.3,91529.7,30656128.82660002
2025-11-18 10:35:59.971000+00:00,2025-11-18 10:33:00+00:00,continuous,91529.6,91550.0,91375.0,91456.1,22526393.30919987
2025-11-18 10:38:59.763000+00:00,2025-11-18 10:36:00+00:00,continuous,91456.1,91525.1,91384.6,91511.0,16769109.08769995
2025-11-18 10:41:59.797000+00:00,2025-11-18 10:39:00+00:00,continuous,91510.9,91511.0,91413.8,91433.9,9832385.8435
2025-11-18 10:44:59.763000+00:00,2025-11-18 10:42:00+00:00,continuous,91433.9,91494.0,91424.7,91476.6,10262469.341499995
2025-11-18 10:47:59.782000+00:00,2025-11-18 10:45:00+00:00,continuous,91476.6,91523.6,91449.1,91468.0,14603604.9542
2025-11-18 10:50:59.881000+00:00,2025-11-18 10:48:00+00:00,continuous,91468.0,91526.8,91215.9,91285.9,22857544.8202
2025-11-18 10:53:59.846000+00:00,2025-11-18 10:51:00+00:00,continuous,91285.9,91350.0,91267.7,91338.7,15137591.436300045
2025-11-18 10:56:59.874000+00:00,2025-11-18 10:54:00+00:00,continuous,91338.6,91567.0,91338.6,91508.5,30805536.69170001
2025-11-18 10:59:59.977000+00:00,2025-11-18 10:57:00+00:00,continuous,91508.4,91564.6,91485.0,91536.3,20033654.404600024
2025-11-18 11:02:59.941000+00:00,2025-11-18 11:00:00+00:00,continuous,91536.2,91554.1,91433.9,91460.8,20321106.09840009
2025-11-18 11:05:59.733000+00:00,2025-11-18 11:03:00+00:00,continuous,91460.8,91486.9,91420.0,91446.3,12209675.415900007
2025-11-18 11:08:59.985000+00:00,2025-11-18 11:06:00+00:00,continuous,91446.3,91520.0,91419.3,91458.1,22172750.05549998
2025-11-18 11:11:59.909000+00:00,2025-11-18 11:09:00+00:00,continuous,91458.0,91561.5,91458.0,91561.4,11864847.237600004
2025-11-18 11:14:59.817000+00:00,2025-11-18 11:12:00+00:00,continuous,91561.5,91565.5,91327.8,91380.7,19462674.781599965
2025-11-18 11:17:59.953000+00:00,2025-11-18 11:15:00+00:00,continuous,91380.6,91398.2,91188.0,91222.7,66853235.835100114
2025-11-18 11:20:59.486000+00:00,2025-11-18 11:18:00+00:00,continuous,91223.3,91307.1,91199.9,91249.9,40102621.295799784
2025-11-18 11:23:59.856000+00:00,2025-11-18 11:21:00+00:00,continuous,91249.9,91461.9,91249.9,91457.0,19230369.608400002
2025-11-18 11:26:59.756000+00:00,2025-11-18 11:24:00+00:00,continuous,91457.0,91520.9,91311.2,91373.3,27095309.006700043
2025-11-18 11:29:59.835000+00:00,2025-11-18 11:27:00+00:00,continuous,91373.2,91458.0,91373.2,91422.3,11917854.646699997
2025-11-18 11:32:59.961000+00:00,2025-11-18 11:30:00+00:00,continuous,91422.3,91422.3,91244.8,91244.9,22487467.93579997
2025-11-18 11:35:59.780000+00:00,2025-11-18 11:33:00+00:00,continuous,91244.8,91347.8,91222.9,91347.7,17379323.213700037
2025-11-18 11:38:59.917000+00:00,2025-11-18 11:36:00+00:00,continuous,91347.8,91465.1,91347.7,91432.9,17550618.23090001
2025-11-18 11:41:59.921000+00:00,2025-11-18 11:39:00+00:00,continuous,91433.0,91564.3,91403.8,91564.3,32659524.053500015
2025-11-18 11:44:59.997000+00:00,2025-11-18 11:42:00+00:00,continuous,91564.2,91564.2,91487.4,91519.9,20063554.97529994
2025-11-18 11:47:59.924000+00:00,2025-11-18 11:45:00+00:00,continuous,91520.0,91562.2,91491.7,91530.0,29996692.806900058
2025-11-18 11:50:59.897000+00:00,2025-11-18 11:48:00+00:00,continuous,91530.1,91550.0,91504.0,91516.0,12120371.525500014
2025-11-18 11:53:59.907000+00:00,2025-11-18 11:51:00+00:00,continuous,91516.0,91543.5,91455.9,91490.7,14646456.872399976
2025-11-18 11:56:59.890000+00:00,2025-11-18 11:54:00+00:00,continuous,91490.7,91542.7,91456.7,91465.0,13761344.817700036
2025-11-18 11:59:59.978000+00:00,2025-11-18 11:57:00+00:00,continuous,91465.0,91523.7,91439.0,91473.6,12707870.367899992
2025-11-18 12:02:59.912000+00:00,2025-11-18 12:00:00+00:00,continuous,91474.1,91507.5,91354.5,91357.9,20961815.667599957
2025-11-18 12:05:59.471000+00:00,2025-11-18 12:03:00+00:00,continuous,91357.9,91380.6,91251.8,91298.9,41673007.21240007
2025-11-18 12:08:59.668000+00:00,2025-11-18 12:06:00+00:00,continuous,91299.0,91329.8,91246.5,91303.1,27057945.35450002
2025-11-18 12:11:59.902000+00:00,2025-11-18 12:09:00+00:00,continuous,91303.2,91348.9,91230.0,91304.9,34160062.40100015
2025-11-18 12:14:59.931000+00:00,2025-11-18 12:12:00+00:00,continuous,91304.9,91347.1,91056.1,91067.9,61418097.10229989
2025-11-18 12:17:59.963000+00:00,2025-11-18 12:15:00+00:00,continuous,91068.0,91459.8,91065.3,91442.6,53111975.32409996
2025-11-18 12:20:59.840000+00:00,2025-11-18 12:18:00+00:00,continuous,91442.3,91489.1,91382.8,91439.9,27133224.71509999
2025-11-18 12:23:59.965000+00:00,2025-11-18 12:21:00+00:00,continuous,91439.9,91539.1,91273.7,91274.1,44317865.221100055
2025-11-18 12:26:59.873000+00:00,2025-11-18 12:24:00+00:00,continuous,91274.2,91325.8,91177.5,91240.0,27476748.543800052
2025-11-18 12:29:59.909000+00:00,2025-11-18 12:27:00+00:00,continuous,91239.9,91300.0,91168.2,91176.7,11866918.68189996
2025-11-18 12:32:59.998000+00:00,2025-11-18 12:30:00+00:00,continuous,91176.7,91348.1,91171.7,91345.7,20923223.756800044
2025-11-18 12:35:59.981000+00:00,2025-11-18 12:33:00+00:00,continuous,91345.8,91375.9,91326.7,91363.5,17902051.770200063
2025-11-18 12:38:59.897000+00:00,2025-11-18 12:36:00+00:00,continuous,91363.0,91464.4,91322.1,91459.2,13506645.595899966
2025-11-18 12:41:59.951000+00:00,2025-11-18 12:39:00+00:00,continuous,91459.2,91832.1,91453.6,91785.6,140375256.24659982
2025-11-18 12:44:59.875000+00:00,2025-11-18 12:42:00+00:00,continuous,91785.7,91859.0,91699.3,91768.7,52365828.898000196
2025-11-18 12:47:59.992000+00:00,2025-11-18 12:45:00+00:00,continuous,91768.6,91796.4,91630.0,91674.5,57153581.22599989
2025-11-18 12:50:59.957000+00:00,2025-11-18 12:48:00+00:00,continuous,91674.6,91691.5,91543.1,91554.8,24149778.555400047
2025-11-18 12:53:59.802000+00:00,2025-11-18 12:51:00+00:00,continuous,91554.9,91579.0,91400.0,91435.3,27127917.729000144
2025-11-18 12:56:59.953000+00:00,2025-11-18 12:54:00+00:00,continuous,91435.3,91500.0,91416.5,91425.6,23672764.710100006
2025-11-18 12:59:59.902000+00:00,2025-11-18 12:57:00+00:00,continuous,91425.5,91487.5,91333.3,91470.1,36894096.1174
2025-11-18 13:02:59.795000+00:00,2025-11-18 13:00:00+00:00,continuous,91470.1,91550.0,91374.1,91514.1,26035256.67750003
2025-11-18 13:05:59.774000+00:00,2025-11-18 13:03:00+00:00,continuous,91514.2,91616.5,91461.6,91491.4,24958119.54999999
2025-11-18 13:08:59.514000+00:00,2025-11-18 13:06:00+00:00,continuous,91491.3,91509.2,91366.3,91383.7,17449625.753300034
2025-11-18 13:11:59.777000+00:00,2025-11-18 13:09:00+00:00,continuous,91383.7,91500.0,91379.7,91499.9,16332479.639499977
2025-11-18 13:14:59.814000+00:00,2025-11-18 13:12:00+00:00,continuous,91500.0,91521.3,91447.5,91447.5,10000529.44999998
2025-11-18 13:17:59.445000+00:00,2025-11-18 13:15:00+00:00,continuous,91447.5,91536.5,91442.0,91517.9,16107506.609800005
2025-11-18 13:20:59.490000+00:00,2025-11-18 13:18:00+00:00,continuous,91518.0,91550.0,91491.6,91518.4,14054849.03090002
2025-11-18 13:23:59.795000+00:00,2025-11-18 13:21:00+00:00,continuous,91518.4,91544.6,91290.0,91337.2,30915554.677300002
2025-11-18 13:26:59.916000+00:00,2025-11-18 13:24:00+00:00,continuous,91337.1,91388.5,91258.5,91295.5,26966184.536299996
2025-11-18 13:29:59.814000+00:00,2025-11-18 13:27:00+00:00,continuous,91295.5,91328.3,91234.1,91249.8,17446024.21740002
2025-11-18 13:32:59.919000+00:00,2025-11-18 13:30:00+00:00,continuous,91249.8,91253.4,91112.2,91178.4,94234950.4179997
2025-11-18 13:35:59.768000+00:00,2025-11-18 13:33:00+00:00,continuous,91178.8,91200.0,91051.8,91088.8,66241829.22739989
2025-11-18 13:38:59.885000+00:00,2025-11-18 13:36:00+00:00,continuous,91088.9,91100.3,90909.0,90952.6,91092956.06669985
2025-11-18 13:41:59.906000+00:00,2025-11-18 13:39:00+00:00,continuous,90952.5,91415.9,90888.0,91225.4,135226584.62100014
2025-11-18 13:44:59.540000+00:00,2025-11-18 13:42:00+00:00,continuous,91225.5,91225.5,91104.8,91137.0,28596888.30579993
2025-11-18 13:47:59.970000+00:00,2025-11-18 13:45:00+00:00,continuous,91136.9,91316.4,91121.1,91251.9,21702873.2991
2025-11-18 13:50:59.686000+00:00,2025-11-18 13:48:00+00:00,continuous,91252.0,91380.0,91150.6,91221.3,34102725.64020007
2025-11-18 13:53:59.969000+00:00,2025-11-18 13:51:00+00:00,continuous,91221.3,91350.0,91200.0,91346.0,16244700.159500003
2025-11-18 13:56:59.773000+00:00,2025-11-18 13:54:00+00:00,continuous,91346.0,91456.8,91335.1,91388.5,25076306.53010004
2025-11-18 13:59:59.839000+00:00,2025-11-18 13:57:00+00:00,continuous,91388.5,91450.0,91300.4,91438.4,13373408.294899965
2025-11-18 14:02:59.847000+00:00,2025-11-18 14:00:00+00:00,continuous,91438.4,91488.0,91312.2,91329.2,13095293.407400016
2025-11-18 14:05:59.399000+00:00,2025-11-18 14:03:00+00:00,continuous,91329.3,91532.9,91286.1,91378.2,67780510.19740011
2025-11-18 14:08:59.988000+00:00,2025-11-18 14:06:00+00:00,continuous,91378.1,91398.5,91234.7,91287.3,20394084.46500004
2025-11-18 14:11:59.793000+00:00,2025-11-18 14:09:00+00:00,continuous,91287.2,91400.0,91226.2,91236.1,15618755.018200038
2025-11-18 14:14:59.851000+00:00,2025-11-18 14:12:00+00:00,continuous,91236.2,91244.4,91166.2,91198.9,11606696.854199989
2025-11-18 14:17:59.648000+00:00,2025-11-18 14:15:00+00:00,continuous,91199.0,91345.8,91199.0,91341.0,12832916.595800014
2025-11-18 14:20:59.793000+00:00,2025-11-18 14:18:00+00:00,continuous,91341.1,91400.0,91279.8,91352.2,12536499.988899985
2025-11-18 14:23:59.889000+00:00,2025-11-18 14:21:00+00:00,continuous,91352.2,91384.3,91271.1,91384.3,11105993.604400016
2025-11-18 14:26:59.852000+00:00,2025-11-18 14:24:00+00:00,continuous,91384.3,91711.7,91384.3,91673.3,72117682.56569986
2025-11-18 14:29:59.891000+00:00,2025-11-18 14:27:00+00:00,continuous,91673.2,91898.0,91596.8,91744.0,138587602.5314998
2025-11-18 14:32:59.947000+00:00,2025-11-18 14:30:00+00:00,continuous,91744.0,92076.0,91381.2,92075.9,275970363.98060113
2025-11-18 14:35:59.818000+00:00,2025-11-18 14:33:00+00:00,continuous,92075.9,92280.0,91943.9,92043.6,246646076.76790062
2025-11-18 14:38:59.935000+00:00,2025-11-18 14:36:00+00:00,continuous,92043.6,92410.0,92043.6,92130.5,291854029.61969805
2025-11-18 14:41:59.959000+00:00,2025-11-18 14:39:00+00:00,continuous,92130.4,92327.3,91945.0,91976.7,117740911.68429966
2025-11-18 14:44:59.949000+00:00,2025-11-18 14:42:00+00:00,continuous,91976.8,91986.1,91400.0,91427.4,220716933.678199
2025-11-18 14:47:59.895000+00:00,2025-11-18 14:45:00+00:00,continuous,91427.7,91800.0,91417.3,91563.8,134785571.2859991
2025-11-18 14:50:59.851000+00:00,2025-11-18 14:48:00+00:00,continuous,91564.1,91730.3,91456.8,91611.9,70351854.90780021
2025-11-18 14:53:59.738000+00:00,2025-11-18 14:51:00+00:00,continuous,91612.0,91767.4,91338.0,91499.4,58927599.24559984
2025-11-18 14:56:59.777000+00:00,2025-11-18 14:54:00+00:00,continuous,91499.4,91700.0,91370.8,91448.2,56787423.51990023
2025-11-18 14:59:59.901000+00:00,2025-11-18 14:57:00+00:00,continuous,91448.3,91630.0,91315.9,91315.9,33746083.587099954
2025-11-18 15:02:59.889000+00:00,2025-11-18 15:00:00+00:00,continuous,91315.8,91454.1,91163.2,91248.6,59042740.77140002
2025-11-18 15:05:59.894000+00:00,2025-11-18 15:03:00+00:00,continuous,91248.6,91282.6,90941.7,91225.7,142258375.09089968
2025-11-18 15:08:59.977000+00:00,2025-11-18 15:06:00+00:00,continuous,91225.6,91783.8,91196.2,91780.0,177778387.53650007
2025-11-18 15:11:59.878000+00:00,2025-11-18 15:09:00+00:00,continuous,91779.9,92087.7,91608.4,91635.8,121550865.22830027
2025-11-18 15:14:59.981000+00:00,2025-11-18 15:12:00+00:00,continuous,91635.8,92211.9,91635.8,91991.7,105801130.2541997
2025-11-18 15:17:59.977000+00:00,2025-11-18 15:15:00+00:00,continuous,91991.6,92140.0,91922.9,92060.0,73674761.33809996
2025-11-18 15:20:59.992000+00:00,2025-11-18 15:18:00+00:00,continuous,92060.1,92683.9,92060.1,92618.6,202270003.54760018
2025-11-18 15:23:59.887000+00:00,2025-11-18 15:21:00+00:00,continuous,92619.0,92888.0,92545.3,92773.6,207658260.91289902
2025-11-18 15:26:59.957000+00:00,2025-11-18 15:24:00+00:00,continuous,92773.6,92870.0,92577.2,92791.6,127134510.37179892
2025-11-18 15:29:59.994000+00:00,2025-11-18 15:27:00+00:00,continuous,92791.7,92991.7,92641.1,92752.3,127618059.13369997
2025-11-18 15:32:59.974000+00:00,2025-11-18 15:30:00+00:00,continuous,92752.4,92958.0,92603.5,92880.0,86799392.6399
2025-11-18 15:35:59.992000+00:00,2025-11-18 15:33:00+00:00,continuous,92879.9,92960.7,92356.0,92459.8,132305633.82240011
2025-11-18 15:38:59.981000+00:00,2025-11-18 15:36:00+00:00,continuous,92459.9,92787.0,92395.7,92769.1,48324081.169500224
2025-11-18 15:41:59.983000+00:00,2025-11-18 15:39:00+00:00,continuous,92769.1,92880.3,92671.0,92873.2,51197084.33280037
2025-11-18 15:44:59.981000+00:00,2025-11-18 15:42:00+00:00,continuous,92873.1,92876.1,92435.0,92693.6,51206534.49109985
2025-11-18 15:47:59.931000+00:00,2025-11-18 15:45:00+00:00,continuous,92693.5,92810.0,92599.5,92691.0,40256115.786000066
2025-11-18 15:50:59.937000+00:00,2025-11-18 15:48:00+00:00,continuous,92691.1,92699.5,92429.1,92481.9,48786019.1987999
2025-11-18 15:53:59.948000+00:00,2025-11-18 15:51:00+00:00,continuous,92482.0,92971.2,92474.2,92785.9,63444427.0837001
2025-11-18 15:56:59.989000+00:00,2025-11-18 15:54:00+00:00,continuous,92785.8,92983.8,92775.0,92862.4,61024182.64449984
2025-11-18 15:59:59.824000+00:00,2025-11-18 15:57:00+00:00,continuous,92862.4,92942.6,92823.9,92851.4,35336807.8506002
2025-11-18 16:02:59.872000+00:00,2025-11-18 16:00:00+00:00,continuous,92851.5,92950.0,92670.0,92680.9,70891379.84650014
2025-11-18 16:05:59.997000+00:00,2025-11-18 16:03:00+00:00,continuous,92680.9,92757.0,92579.8,92590.9,56318261.778500155
2025-11-18 16:08:59.919000+00:00,2025-11-18 16:06:00+00:00,continuous,92591.0,93120.0,92532.0,93085.7,108612492.0148
2025-11-18 16:11:59.863000+00:00,2025-11-18 16:09:00+00:00,continuous,93085.7,93200.0,93008.9,93140.4,81925925.21200006
2025-11-18 16:14:59.979000+00:00,2025-11-18 16:12:00+00:00,continuous,93140.4,93170.7,92976.1,93100.8,65800361.65940007
2025-11-18 16:17:59.967000+00:00,2025-11-18 16:15:00+00:00,continuous,93100.9,93269.4,93000.2,93219.3,81060014.97269998
2025-11-18 16:20:59.886000+00:00,2025-11-18 16:18:00+00:00,continuous,93219.3,93609.9,93214.0,93575.5,205296616.18049887
2025-11-18 16:23:59.975000+00:00,2025-11-18 16:21:00+00:00,continuous,93575.4,93575.5,93373.8,93490.4,63870358.27050034
2025-11-18 16:26:59.915000+00:00,2025-11-18 16:24:00+00:00,continuous,93490.3,93549.9,93400.0,93510.2,52844040.53199973
2025-11-18 16:29:59.909000+00:00,2025-11-18 16:27:00+00:00,continuous,93510.3,93799.1,93467.3,93680.0,100736906.86039996
2025-11-18 16:32:59.897000+00:00,2025-11-18 16:30:00+00:00,continuous,93679.9,93789.8,93604.3,93744.7,66616125.13899997
2025-11-18 16:35:59.915000+00:00,2025-11-18 16:33:00+00:00,continuous,93744.7,93750.1,93514.5,93584.0,62216980.64849993
2025-11-18 16:38:59.990000+00:00,2025-11-18 16:36:00+00:00,continuous,93584.1,93670.3,93456.6,93578.6,51656887.79770013
2025-11-18 16:41:59.977000+00:00,2025-11-18 16:39:00+00:00,continuous,93578.5,93619.1,93327.8,93442.5,77433842.98140015
2025-11-18 16:44:59.946000+00:00,2025-11-18 16:42:00+00:00,continuous,93442.6,93530.6,93250.0,93282.2,101094236.29359968
2025-11-18 16:47:59.942000+00:00,2025-11-18 16:45:00+00:00,continuous,93282.2,93353.3,93201.7,93214.8,30678235.297299996
2025-11-18 16:50:59.765000+00:00,2025-11-18 16:48:00+00:00,continuous,93214.8,93473.8,93106.6,93462.0,85879174.81580009
2025-11-18 16:53:59.923000+00:00,2025-11-18 16:51:00+00:00,continuous,93462.0,93477.8,93289.2,93322.8,25425914.805399958
2025-11-18 16:56:59.561000+00:00,2025-11-18 16:54:00+00:00,continuous,93322.9,93475.8,93266.3,93379.0,27132517.151700098
2025-11-18 16:59:59.887000+00:00,2025-11-18 16:57:00+00:00,continuous,93379.1,93462.8,93359.9,93447.3,16764057.2362
2025-11-18 17:02:59.804000+00:00,2025-11-18 17:00:00+00:00,continuous,93447.2,93490.9,93359.6,93473.1,42763043.77090004
2025-11-18 17:05:59.947000+00:00,2025-11-18 17:03:00+00:00,continuous,93473.1,93503.8,93404.7,93486.9,24061543.302900027
2025-11-18 17:08:59.750000+00:00,2025-11-18 17:06:00+00:00,continuous,93486.9,93518.2,93388.0,93466.7,23120105.503199976
2025-11-18 17:11:59.786000+00:00,2025-11-18 17:09:00+00:00,continuous,93466.6,93609.0,93441.7,93556.2,28115796.459099878
2025-11-18 17:14:59.918000+00:00,2025-11-18 17:12:00+00:00,continuous,93556.2,93605.9,93252.6,93269.5,41792925.21200009
2025-11-18 17:17:59.896000+00:00,2025-11-18 17:15:00+00:00,continuous,93269.5,93403.9,93241.7,93294.9,29459601.066400133
2025-11-18 17:20:59.821000+00:00,2025-11-18 17:18:00+00:00,continuous,93294.9,93459.2,93294.8,93435.8,20757186.527299937
2025-11-18 17:23:59.999000+00:00,2025-11-18 17:21:00+00:00,continuous,93435.8,93485.0,93292.6,93331.7,18237203.94519997
2025-11-18 17:26:59.820000+00:00,2025-11-18 17:24:00+00:00,continuous,93331.6,93352.1,93206.2,93242.2,18691029.786800016
2025-11-18 17:29:59.962000+00:00,2025-11-18 17:27:00+00:00,continuous,93242.1,93251.0,92796.7,92919.1,169610176.32559964
2025-11-18 17:32:59.816000+00:00,2025-11-18 17:30:00+00:00,continuous,92919.0,92966.4,92792.5,92809.1,59037973.50359995
2025-11-18 17:35:59.996000+00:00,2025-11-18 17:33:00+00:00,continuous,92809.1,93064.2,92759.6,93028.9,41957474.046500094
2025-11-18 17:38:59.852000+00:00,2025-11-18 17:36:00+00:00,continuous,93029.0,93274.3,92966.8,93248.2,40680968.6128
2025-11-18 17:41:59.916000+00:00,2025-11-18 17:39:00+00:00,continuous,93248.3,93446.5,93214.4,93236.5,52756609.09690016
2025-11-18 17:44:59.525000+00:00,2025-11-18 17:42:00+00:00,continuous,93236.6,93342.8,93211.2,93282.7,20068126.714900043
2025-11-18 17:47:59.984000+00:00,2025-11-18 17:45:00+00:00,continuous,93282.7,93298.3,93083.5,93172.8,33109216.837199923
2025-11-18 17:50:59.980000+00:00,2025-11-18 17:48:00+00:00,continuous,93172.8,93258.8,93081.4,93089.5,21288047.81590001
2025-11-18 17:53:59.778000+00:00,2025-11-18 17:51:00+00:00,continuous,93089.9,93265.7,93068.1,93225.0,19088664.68170002
2025-11-18 17:56:59.763000+00:00,2025-11-18 17:54:00+00:00,continuous,93225.0,93254.0,93109.5,93227.0,15818428.229100006
2025-11-18 17:59:59.921000+00:00,2025-11-18 17:57:00+00:00,continuous,93226.9,93254.7,93180.1,93215.7,21037753.587199967
2025-11-18 18:02:59.578000+00:00,2025-11-18 18:00:00+00:00,continuous,93215.7,93374.0,93215.7,93312.5,35092678.59809993
2025-11-18 18:05:59.828000+00:00,2025-11-18 18:03:00+00:00,continuous,93312.5,93563.1,93302.3,93549.2,36579246.62680003
2025-11-18 18:08:59.909000+00:00,2025-11-18 18:06:00+00:00,continuous,93549.3,93666.0,93537.8,93666.0,48835470.064500034
2025-11-18 18:11:59.750000+00:00,2025-11-18 18:09:00+00:00,continuous,93666.0,93728.1,93628.5,93641.9,45552641.55209996
2025-11-18 18:14:59.879000+00:00,2025-11-18 18:12:00+00:00,continuous,93641.9,93653.6,93573.9,93595.8,24585144.918699984
2025-11-18 18:17:59.928000+00:00,2025-11-18 18:15:00+00:00,continuous,93595.8,93599.8,93468.6,93511.1,25674417.91690003
2025-11-18 18:20:59.799000+00:00,2025-11-18 18:18:00+00:00,continuous,93511.1,93585.2,93357.1,93379.5,34262765.42839999
2025-11-18 18:23:59.947000+00:00,2025-11-18 18:21:00+00:00,continuous,93379.5,93432.5,93351.5,93400.4,18801837.751400046
2025-11-18 18:26:59.256000+00:00,2025-11-18 18:24:00+00:00,continuous,93400.3,93400.4,93165.1,93204.6,27243304.036899988
2025-11-18 18:29:59.678000+00:00,2025-11-18 18:27:00+00:00,continuous,93204.7,93324.9,93162.4,93185.0,17918460.705900002
2025-11-18 18:32:59.933000+00:00,2025-11-18 18:30:00+00:00,continuous,93185.0,93269.9,93152.0,93232.6,14871276.764400072
2025-11-18 18:35:59.627000+00:00,2025-11-18 18:33:00+00:00,continuous,93232.6,93394.8,93205.8,93280.2,18347163.88629995
2025-11-18 18:38:59.231000+00:00,2025-11-18 18:36:00+00:00,continuous,93280.3,93299.1,93103.0,93199.0,17465500.382199954
2025-11-18 18:41:59.898000+00:00,2025-11-18 18:39:00+00:00,continuous,93199.3,93395.5,93179.8,93385.0,19873064.009399995
2025-11-18 18:44:59.855000+00:00,2025-11-18 18:42:00+00:00,continuous,93385.0,93385.1,93254.1,93326.3,9325768.538899997
2025-11-18 18:47:59.953000+00:00,2025-11-18 18:45:00+00:00,continuous,93326.3,93530.4,93296.8,93510.9,77155491.74489988
2025-11-18 18:50:59.613000+00:00,2025-11-18 18:48:00+00:00,continuous,93510.9,93633.4,93500.0,93574.2,50145206.78520008
2025-11-18 18:53:59.382000+00:00,2025-11-18 18:51:00+00:00,continuous,93574.2,93617.2,93500.0,93501.6,15477151.212199962
2025-11-18 18:56:59.709000+00:00,2025-11-18 18:54:00+00:00,continuous,93501.6,93508.8,93316.3,93345.2,24423013.905399997
2025-11-18 18:59:59.893000+00:00,2025-11-18 18:57:00+00:00,continuous,93345.1,93345.1,93255.3,93290.6,14085705.90290001
2025-11-18 19:02:59.567000+00:00,2025-11-18 19:00:00+00:00,continuous,93290.7,93367.4,93237.8,93287.5,18650593.85000006
2025-11-18 19:05:59.927000+00:00,2025-11-18 19:03:00+00:00,continuous,93287.6,93287.6,93186.5,93241.9,15414309.84930001
2025-11-18 19:08:59.799000+00:00,2025-11-18 19:06:00+00:00,continuous,93242.0,93327.7,93210.0,93292.2,10713295.825800017
2025-11-18 19:11:59.687000+00:00,2025-11-18 19:09:00+00:00,continuous,93292.3,93334.5,93239.8,93327.4,15000676.53600001
2025-11-18 19:14:59.889000+00:00,2025-11-18 19:12:00+00:00,continuous,93327.4,93485.2,93327.4,93436.3,23314340.32099994
2025-11-18 19:17:59.138000+00:00,2025-11-18 19:15:00+00:00,continuous,93436.5,93492.5,93306.9,93325.9,13274005.16160002
2025-11-18 19:20:59.768000+00:00,2025-11-18 19:18:00+00:00,continuous,93325.9,93485.7,93325.9,93429.8,8896811.798900006
2025-11-18 19:23:59.820000+00:00,2025-11-18 19:21:00+00:00,continuous,93429.8,93469.0,93356.3,93410.7,7974432.202200004
2025-11-18 19:26:59.915000+00:00,2025-11-18 19:24:00+00:00,continuous,93410.7,93478.3,93380.0,93447.7,7274642.689000001
2025-11-18 19:29:59.387000+00:00,2025-11-18 19:27:00+00:00,continuous,93447.7,93447.8,93358.8,93400.0,8392007.254000016
2025-11-18 19:32:59.410000+00:00,2025-11-18 19:30:00+00:00,continuous,93400.0,93446.3,93269.7,93289.6,10902050.91070001
2025-11-18 19:35:59.928000+00:00,2025-11-18 19:33:00+00:00,continuous,93289.5,93304.8,93204.1,93244.3,12996739.766400026
2025-11-18 19:38:59.866000+00:00,2025-11-18 19:36:00+00:00,continuous,93244.4,93349.4,93244.4,93344.9,14841273.376900058
2025-11-18 19:41:59.450000+00:00,2025-11-18 19:39:00+00:00,continuous,93344.9,93576.0,93344.8,93389.4,19638178.63339996
2025-11-18 19:44:59.982000+00:00,2025-11-18 19:42:00+00:00,continuous,93389.3,93397.6,93159.1,93159.1,14778455.715100007
2025-11-18 19:47:59.954000+00:00,2025-11-18 19:45:00+00:00,continuous,93159.2,93263.9,93105.0,93193.2,23735591.020199966
2025-11-18 19:50:59.993000+00:00,2025-11-18 19:48:00+00:00,continuous,93193.2,93193.2,92977.7,93001.9,37914906.15639997
2025-11-18 19:53:59.853000+00:00,2025-11-18 19:51:00+00:00,continuous,93002.0,93141.0,92973.6,93009.3,33347501.250699922
2025-11-18 19:56:59.903000+00:00,2025-11-18 19:54:00+00:00,continuous,93009.3,93101.1,92949.7,93101.1,22997773.27560004
2025-11-18 19:59:59.910000+00:00,2025-11-18 19:57:00+00:00,continuous,93101.1,93143.1,93040.8,93143.1,9625079.304100012
2025-11-18 20:02:59.970000+00:00,2025-11-18 20:00:00+00:00,continuous,93143.1,93267.4,93127.4,93166.2,17255652.691200025
2025-11-18 20:05:59.764000+00:00,2025-11-18 20:03:00+00:00,continuous,93166.2,93211.3,93100.0,93100.1,7263600.426000003
2025-11-18 20:08:59.882000+00:00,2025-11-18 20:06:00+00:00,continuous,93100.0,93106.5,92984.9,93042.3,15945908.458099978
2025-11-18 20:11:59.893000+00:00,2025-11-18 20:09:00+00:00,continuous,93042.4,93072.8,92938.0,92938.0,17638006.485999998
2025-11-18 20:14:59.733000+00:00,2025-11-18 20:12:00+00:00,continuous,92938.1,93050.4,92890.5,93035.1,21886605.556800004
2025-11-18 20:17:59.287000+00:00,2025-11-18 20:15:00+00:00,continuous,93035.0,93163.5,93021.2,93120.9,13416770.492700001
2025-11-18 20:20:59.927000+00:00,2025-11-18 20:18:00+00:00,continuous,93120.9,93148.0,93090.6,93132.0,8954386.364600005
2025-11-18 20:23:59.267000+00:00,2025-11-18 20:21:00+00:00,continuous,93132.0,93215.6,93096.9,93150.0,11174186.902399989
2025-11-18 20:26:59.906000+00:00,2025-11-18 20:24:00+00:00,continuous,93150.1,93150.1,92955.2,93020.9,12082077.500799976
2025-11-18 20:29:59.253000+00:00,2025-11-18 20:27:00+00:00,continuous,93021.0,93119.9,92960.3,93097.6,17285114.709200017
2025-11-18 20:32:59.817000+00:00,2025-11-18 20:30:00+00:00,continuous,93097.6,93148.8,92922.1,92938.1,15195151.350799993
2025-11-18 20:35:59.911000+00:00,2025-11-18 20:33:00+00:00,continuous,92938.0,92938.0,92781.9,92860.0,39630819.513599925
2025-11-18 20:38:59.929000+00:00,2025-11-18 20:36:00+00:00,continuous,92860.1,92955.5,92800.0,92936.5,15567867.872599978
2025-11-18 20:41:59.923000+00:00,2025-11-18 20:39:00+00:00,continuous,92936.4,92958.2,92831.8,92859.5,16130939.107700005
2025-11-18 20:44:59.918000+00:00,2025-11-18 20:42:00+00:00,continuous,92859.6,92874.5,92729.8,92761.2,21332609.90359997
2025-11-18 20:47:59.983000+00:00,2025-11-18 20:45:00+00:00,continuous,92761.3,92791.3,92616.0,92687.3,35519116.7077
2025-11-18 20:50:59.829000+00:00,2025-11-18 20:48:00+00:00,continuous,92687.2,92765.5,92630.7,92750.0,23648955.983100086
2025-11-18 20:53:59.858000+00:00,2025-11-18 20:51:00+00:00,continuous,92749.9,92919.6,92739.5,92884.8,26214134.04170002
2025-11-18 20:56:59.518000+00:00,2025-11-18 20:54:00+00:00,continuous,92884.9,92958.5,92784.4,92813.1,16132484.273799997
2025-11-18 20:59:59.660000+00:00,2025-11-18 20:57:00+00:00,continuous,92813.1,92834.9,92743.6,92756.8,20978233.09879994
2025-11-18 21:02:59.993000+00:00,2025-11-18 21:00:00+00:00,continuous,92756.9,92869.9,92623.2,92851.9,40440570.760700114
2025-11-18 21:05:59.922000+00:00,2025-11-18 21:03:00+00:00,continuous,92851.8,92863.8,92742.8,92797.1,21508575.259400044
2025-11-18 21:08:59.510000+00:00,2025-11-18 21:06:00+00:00,continuous,92797.1,92821.1,92757.6,92805.2,14173576.356600007
2025-11-18 21:11:59.356000+00:00,2025-11-18 21:09:00+00:00,continuous,92805.3,92935.6,92805.3,92861.2,8931755.92750002
2025-11-18 21:14:59.798000+00:00,2025-11-18 21:12:00+00:00,continuous,92861.2,92980.0,92861.2,92960.6,10048107.627100002
2025-11-18 21:17:59.909000+00:00,2025-11-18 21:15:00+00:00,continuous,92960.6,92977.0,92927.8,92937.3,10531340.0751
2025-11-18 21:20:59.683000+00:00,2025-11-18 21:18:00+00:00,continuous,92937.4,92952.4,92877.8,92944.8,6065303.111000008
2025-11-18 21:23:59.695000+00:00,2025-11-18 21:21:00+00:00,continuous,92944.7,92997.9,92899.4,92951.2,11492552.666100025
2025-11-18 21:26:59.749000+00:00,2025-11-18 21:24:00+00:00,continuous,92951.2,92957.6,92821.7,92916.0,37976278.1688
2025-11-18 21:29:59.262000+00:00,2025-11-18 21:27:00+00:00,continuous,92915.9,92960.0,92892.0,92899.0,4009257.7268000063
2025-11-18 21:32:59.830000+00:00,2025-11-18 21:30:00+00:00,continuous,92898.9,92898.9,92632.5,92632.5,19086893.998800002
2025-11-18 21:35:59.963000+00:00,2025-11-18 21:33:00+00:00,continuous,92632.6,92680.8,92560.5,92647.2,29655810.514700033
2025-11-18 21:38:59.946000+00:00,2025-11-18 21:36:00+00:00,continuous,92647.3,92734.6,92630.5,92677.3,9547994.61170001
2025-11-18 21:41:59.920000+00:00,2025-11-18 21:39:00+00:00,continuous,92677.3,92698.1,92631.1,92659.4,15183691.962099994
2025-11-18 21:44:59.976000+00:00,2025-11-18 21:42:00+00:00,continuous,92659.5,92716.5,92591.0,92591.1,6643930.036299997
2025-11-18 21:47:59.887000+00:00,2025-11-18 21:45:00+00:00,continuous,92591.0,92608.8,92540.0,92547.8,15624798.995600007
2025-11-18 21:50:59.744000+00:00,2025-11-18 21:48:00+00:00,continuous,92547.8,92627.7,92468.0,92515.1,46832833.899599925
2025-11-18 21:53:59.592000+00:00,2025-11-18 21:51:00+00:00,continuous,92515.1,92545.0,92489.7,92489.7,9469509.30050001
2025-11-18 21:56:59.935000+00:00,2025-11-18 21:54:00+00:00,continuous,92489.6,92500.0,92420.3,92453.5,20142707.144300047
2025-11-18 21:59:58.552000+00:00,2025-11-18 21:57:00+00:00,continuous,92453.4,92500.0,92450.0,92459.0,19701572.318800006
2025-11-18 22:02:59.980000+00:00,2025-11-18 22:00:00+00:00,continuous,92459.0,92633.0,92446.9,92617.5,16614118.7956
2025-11-18 22:05:59.788000+00:00,2025-11-18 22:03:00+00:00,continuous,92617.6,92660.4,92535.9,92633.6,12519362.790300038
2025-11-18 22:08:59.929000+00:00,2025-11-18 22:06:00+00:00,continuous,92633.5,92774.1,92606.7,92759.1,17849642.391899984
2025-11-18 22:11:59.994000+00:00,2025-11-18 22:09:00+00:00,continuous,92759.0,92959.6,92759.0,92925.1,30205124.38129995
2025-11-18 22:14:59.665000+00:00,2025-11-18 22:12:00+00:00,continuous,92925.1,93051.4,92878.9,93031.5,26495682.904800046
2025-11-18 22:17:59.950000+00:00,2025-11-18 22:15:00+00:00,continuous,93031.5,93039.3,92952.0,93029.3,13179970.957100023
2025-11-18 22:20:59.633000+00:00,2025-11-18 22:18:00+00:00,continuous,93029.2,93106.3,93013.0,93025.4,18145478.492200032
2025-11-18 22:23:59.532000+00:00,2025-11-18 22:21:00+00:00,continuous,93025.3,93253.1,93025.3,93216.3,42072271.27370011
2025-11-18 22:26:59.924000+00:00,2025-11-18 22:24:00+00:00,continuous,93216.2,93239.5,93137.5,93139.8,17016361.91079999
2025-11-18 22:29:59.693000+00:00,2025-11-18 22:27:00+00:00,continuous,93139.8,93220.6,93139.8,93205.0,9666353.731599988
2025-11-18 22:32:59.654000+00:00,2025-11-18 22:30:00+00:00,continuous,93204.9,93279.2,93200.0,93253.7,10620082.88460003
2025-11-18 22:35:59.867000+00:00,2025-11-18 22:33:00+00:00,continuous,93253.7,93400.0,93253.6,93357.3,19050742.41190001
2025-11-18 22:38:59.946000+00:00,2025-11-18 22:36:00+00:00,continuous,93357.3,93357.4,93273.3,93273.3,10804054.376799993
2025-11-18 22:41:59.707000+00:00,2025-11-18 22:39:00+00:00,continuous,93273.3,93276.3,93199.1,93276.2,11637514.2725
2025-11-18 22:44:59.069000+00:00,2025-11-18 22:42:00+00:00,continuous,93276.3,93287.8,93209.6,93223.2,7499833.315900019
2025-11-18 22:47:59.730000+00:00,2025-11-18 22:45:00+00:00,continuous,93223.2,93249.0,93079.5,93152.9,13147255.77379999
2025-11-18 22:50:59.845000+00:00,2025-11-18 22:48:00+00:00,continuous,93152.9,93218.5,93054.2,93201.6,15994098.248499986
2025-11-18 22:53:59.695000+00:00,2025-11-18 22:51:00+00:00,continuous,93201.7,93202.1,93158.3,93158.3,3516086.6245999984
2025-11-18 22:56:59.573000+00:00,2025-11-18 22:54:00+00:00,continuous,93158.4,93174.3,93109.3,93147.3,7010543.231699994
2025-11-18 22:59:59.780000+00:00,2025-11-18 22:57:00+00:00,continuous,93147.4,93159.0,93058.3,93119.6,7138991.211500003
2025-11-18 23:02:59.858000+00:00,2025-11-18 23:00:00+00:00,continuous,93119.6,93131.4,93039.6,93064.8,12562957.949700013
2025-11-18 23:05:59.856000+00:00,2025-11-18 23:03:00+00:00,continuous,93064.9,93092.9,93010.9,93080.0,13171939.697800014
2025-11-18 23:08:59.835000+00:00,2025-11-18 23:06:00+00:00,continuous,93080.0,93116.1,92966.0,92974.9,19515914.016800012
2025-11-18 23:11:59.528000+00:00,2025-11-18 23:09:00+00:00,continuous,92974.9,92980.8,92778.0,92790.9,72570999.31030016
2025-11-18 23:14:59.772000+00:00,2025-11-18 23:12:00+00:00,continuous,92790.9,92790.9,92685.3,92788.7,17359756.278099984
2025-11-18 23:17:59.864000+00:00,2025-11-18 23:15:00+00:00,continuous,92788.7,92861.5,92788.7,92844.0,13988192.42609999
2025-11-18 23:20:59.929000+00:00,2025-11-18 23:18:00+00:00,continuous,92844.0,92886.2,92818.8,92859.0,10278380.948700013
2025-11-18 23:23:59.935000+00:00,2025-11-18 23:21:00+00:00,continuous,92859.0,92897.1,92815.3,92815.3,10739154.502100013
2025-11-18 23:26:59.711000+00:00,2025-11-18 23:24:00+00:00,continuous,92815.4,92831.0,92704.2,92792.5,27002920.46579996
2025-11-18 23:29:59.793000+00:00,2025-11-18 23:27:00+00:00,continuous,92792.5,92818.0,92750.7,92790.8,9368835.018599981
2025-11-18 23:32:59.983000+00:00,2025-11-18 23:30:00+00:00,continuous,92790.6,92880.0,92790.5,92843.2,11246283.787500007
2025-11-18 23:35:59.916000+00:00,2025-11-18 23:33:00+00:00,continuous,92843.2,92874.8,92750.6,92874.8,8458674.9555
2025-11-18 23:38:59.973000+00:00,2025-11-18 23:36:00+00:00,continuous,92874.8,92946.3,92868.3,92946.2,24552926.07519995
2025-11-18 23:41:59.793000+00:00,2025-11-18 23:39:00+00:00,continuous,92946.3,92965.5,92812.4,92827.9,19862891.15460002
2025-11-18 23:44:59.933000+00:00,2025-11-18 23:42:00+00:00,continuous,92827.9,92869.6,92809.8,92836.8,9447819.533099987
2025-11-18 23:47:59.817000+00:00,2025-11-18 23:45:00+00:00,continuous,92836.7,92855.6,92733.4,92742.9,8401234.297699993
2025-11-18 23:50:59.904000+00:00,2025-11-18 23:48:00+00:00,continuous,92742.8,92781.1,92703.5,92781.1,9537746.026900005
2025-11-18 23:53:59.669000+00:00,2025-11-18 23:51:00+00:00,continuous,92781.3,92845.5,92770.8,92845.5,9284741.281500006
2025-11-18 23:56:59.934000+00:00,2025-11-18 23:54:00+00:00,continuous,92845.5,92888.1,92801.8,92888.1,7513917.3336000135
2025-11-18 23:59:59.526000+00:00,2025-11-18 23:57:00+00:00,continuous,92888.1,93003.0,92888.1,92916.9,14730806.910499964
2025-11-19 00:02:59.939000+00:00,2025-11-19 00:00:00+00:00,continuous,92916.8,92944.8,92638.5,92643.4,30077507.80299998
2025-11-19 00:05:59.989000+00:00,2025-11-19 00:03:00+00:00,continuous,92643.3,92673.5,92550.1,92550.1,27602486.019900035
2025-11-19 00:08:59.787000+00:00,2025-11-19 00:06:00+00:00,continuous,92550.2,92596.8,92535.9,92569.8,16972226.383100014
2025-11-19 00:11:59.905000+00:00,2025-11-19 00:09:00+00:00,continuous,92569.9,92635.8,92550.0,92617.9,16604448.91169998
2025-11-19 00:14:59.987000+00:00,2025-11-19 00:12:00+00:00,continuous,92617.8,92639.9,92459.0,92472.6,51205127.0239
2025-11-19 00:17:59.992000+00:00,2025-11-19 00:15:00+00:00,continuous,92472.7,92517.0,92130.0,92219.3,90182135.27960034
2025-11-19 00:20:59.942000+00:00,2025-11-19 00:18:00+00:00,continuous,92219.2,92258.5,91838.6,92129.4,143497792.28050014
2025-11-19 00:23:59.876000+00:00,2025-11-19 00:21:00+00:00,continuous,92129.2,92209.2,91912.4,92198.2,65274473.951299936
2025-11-19 00:26:59.925000+00:00,2025-11-19 00:24:00+00:00,continuous,92198.3,92348.3,92110.7,92327.1,27301404.466100078
2025-11-19 00:29:59.810000+00:00,2025-11-19 00:27:00+00:00,continuous,92327.0,92385.7,92227.9,92267.4,24197105.746600028
2025-11-19 00:32:59.996000+00:00,2025-11-19 00:30:00+00:00,continuous,92267.4,92347.9,92127.4,92145.8,30785198.290400006
2025-11-19 00:35:59.911000+00:00,2025-11-19 00:33:00+00:00,continuous,92145.7,92178.0,92013.6,92148.0,38072591.29869994
2025-11-19 00:38:59.445000+00:00,2025-11-19 00:36:00+00:00,continuous,92148.0,92192.8,92085.9,92122.5,22310708.085199945
2025-11-19 00:41:59.954000+00:00,2025-11-19 00:39:00+00:00,continuous,92122.4,92430.0,92115.3,92405.1,60974419.2215
2025-11-19 00:44:59.894000+00:00,2025-11-19 00:42:00+00:00,continuous,92405.0,92633.0,92384.0,92574.9,60225166.753100134
2025-11-19 00:47:59.853000+00:00,2025-11-19 00:45:00+00:00,continuous,92574.8,92602.6,92472.5,92477.0,25904671.985700026
2025-11-19 00:50:59.889000+00:00,2025-11-19 00:48:00+00:00,continuous,92477.0,92633.3,92438.1,92625.0,25320474.788900007
2025-11-19 00:53:59.989000+00:00,2025-11-19 00:51:00+00:00,continuous,92625.0,92626.0,92555.8,92574.8,13546168.901400005
2025-11-19 00:56:59.637000+00:00,2025-11-19 00:54:00+00:00,continuous,92574.9,92627.9,92507.2,92577.7,13536799.841499988
2025-11-19 00:59:59.988000+00:00,2025-11-19 00:57:00+00:00,continuous,92577.7,92577.8,92373.3,92377.6,12338057.942399992
2025-11-19 01:02:59.966000+00:00,2025-11-19 01:00:00+00:00,continuous,92377.6,92405.9,92230.5,92230.5,58454969.19529996
2025-11-19 01:05:59.520000+00:00,2025-11-19 01:03:00+00:00,continuous,92230.5,92256.0,92153.0,92226.6,27993544.34109997
2025-11-19 01:08:59.803000+00:00,2025-11-19 01:06:00+00:00,continuous,92226.6,92354.6,92185.4,92230.5,30419914.375100035
2025-11-19 01:11:59.798000+00:00,2025-11-19 01:09:00+00:00,continuous,92230.5,92300.0,91980.3,92012.5,70305902.77129997
2025-11-19 01:14:59.916000+00:00,2025-11-19 01:12:00+00:00,continuous,92012.6,92093.0,91998.2,91998.2,21454905.841499966
2025-11-19 01:17:59.908000+00:00,2025-11-19 01:15:00+00:00,continuous,91998.2,92122.1,91890.5,92082.9,60963051.16699988
2025-11-19 01:20:59.842000+00:00,2025-11-19 01:18:00+00:00,continuous,92082.8,92361.8,92049.7,92358.9,37021751.863700196
2025-11-19 01:23:59.713000+00:00,2025-11-19 01:21:00+00:00,continuous,92358.9,92617.2,92302.0,92410.2,44700961.18099993
2025-11-19 01:26:59.974000+00:00,2025-11-19 01:24:00+00:00,continuous,92410.1,92422.3,92318.4,92390.4,14870043.342799991
2025-11-19 01:29:59.870000+00:00,2025-11-19 01:27:00+00:00,continuous,92390.4,92416.0,92342.2,92396.1,8033269.308599997
2025-11-19 01:32:59.723000+00:00,2025-11-19 01:30:00+00:00,continuous,92396.0,92435.8,92225.6,92307.8,33553973.35459998
2025-11-19 01:35:59.902000+00:00,2025-11-19 01:33:00+00:00,continuous,92307.8,92307.8,92153.9,92262.9,17586957.099799957
2025-11-19 01:38:59.947000+00:00,2025-11-19 01:36:00+00:00,continuous,92262.8,92482.0,92171.8,92379.2,23799512.615400035
2025-11-19 01:41:59.971000+00:00,2025-11-19 01:39:00+00:00,continuous,92379.2,92397.5,92304.6,92321.3,11075285.740400003
2025-11-19 01:44:59.947000+00:00,2025-11-19 01:42:00+00:00,continuous,92321.2,92343.4,92257.5,92340.1,8567943.18179998
2025-11-19 01:47:59.819000+00:00,2025-11-19 01:45:00+00:00,continuous,92340.1,92352.8,92166.4,92171.7,14464951.998699984
2025-11-19 01:50:59.656000+00:00,2025-11-19 01:48:00+00:00,continuous,92171.8,92215.8,92115.1,92186.6,19110552.758499984
2025-11-19 01:53:59.969000+00:00,2025-11-19 01:51:00+00:00,continuous,92186.5,92330.1,92186.5,92295.9,16520995.144800004
2025-11-19 01:56:59.502000+00:00,2025-11-19 01:54:00+00:00,continuous,92295.9,92364.2,92179.9,92264.4,15876611.94190003
2025-11-19 01:59:59.777000+00:00,2025-11-19 01:57:00+00:00,continuous,92264.3,92417.8,92195.4,92410.2,15624354.12839999
2025-11-19 02:02:59.954000+00:00,2025-11-19 02:00:00+00:00,continuous,92410.1,92450.0,92325.6,92346.9,12502526.486100003
2025-11-19 02:05:59.924000+00:00,2025-11-19 02:03:00+00:00,continuous,92346.9,92558.0,92300.0,92546.4,15919167.655599995
2025-11-19 02:08:59.847000+00:00,2025-11-19 02:06:00+00:00,continuous,92546.5,92591.2,92512.6,92566.4,23150658.33249998
2025-11-19 02:11:59.884000+00:00,2025-11-19 02:09:00+00:00,continuous,92566.4,92728.0,92530.0,92659.9,29913561.13780002
2025-11-19 02:14:59.883000+00:00,2025-11-19 02:12:00+00:00,continuous,92660.0,92732.9,92640.9,92697.0,23556589.33789994
2025-11-19 02:17:59.762000+00:00,2025-11-19 02:15:00+00:00,continuous,92697.0,92835.9,92665.2,92675.4,25804253.03380001
2025-11-19 02:20:59.844000+00:00,2025-11-19 02:18:00+00:00,continuous,92675.4,92675.5,92480.8,92495.8,19180016.48870004
2025-11-19 02:23:59.993000+00:00,2025-11-19 02:21:00+00:00,continuous,92495.9,92500.1,92223.2,92272.8,63555333.35610008
2025-11-19 02:26:59.669000+00:00,2025-11-19 02:24:00+00:00,continuous,92272.9,92561.4,92272.9,92524.4,32753558.933400072
2025-11-19 02:29:59.525000+00:00,2025-11-19 02:27:00+00:00,continuous,92524.3,92594.4,92502.4,92574.0,7578656.331900009
2025-11-19 02:32:59.864000+00:00,2025-11-19 02:30:00+00:00,continuous,92574.0,92664.6,92538.3,92604.7,15678085.470000016
2025-11-19 02:35:59.936000+00:00,2025-11-19 02:33:00+00:00,continuous,92604.7,92661.5,92572.7,92572.8,8960921.98899998
2025-11-19 02:38:59.599000+00:00,2025-11-19 02:36:00+00:00,continuous,92572.8,92676.6,92566.0,92669.4,9297866.108400024
2025-11-19 02:41:58.961000+00:00,2025-11-19 02:39:00+00:00,continuous,92669.3,92820.1,92627.2,92659.4,25715777.943899963
2025-11-19 02:44:59.097000+00:00,2025-11-19 02:42:00+00:00,continuous,92659.4,92659.5,92566.0,92595.6,7339068.029599993
2025-11-19 02:47:59.147000+00:00,2025-11-19 02:45:00+00:00,continuous,92595.6,92668.5,92572.7,92607.7,5247852.092099993
2025-11-19 02:50:59.965000+00:00,2025-11-19 02:48:00+00:00,continuous,92607.7,92678.3,92606.3,92639.9,6865766.729499998
2025-11-19 02:53:59.661000+00:00,2025-11-19 02:51:00+00:00,continuous,92640.0,92651.0,92569.0,92578.5,9228177.019300006
2025-11-19 02:56:59.408000+00:00,2025-11-19 02:54:00+00:00,continuous,92578.6,92775.6,92578.5,92615.7,15285539.18599997
2025-11-19 02:59:59.591000+00:00,2025-11-19 02:57:00+00:00,continuous,92615.8,92650.0,92500.0,92529.2,24187943.006400015
2025-11-19 03:02:59.913000+00:00,2025-11-19 03:00:00+00:00,continuous,92529.2,92591.1,92438.1,92541.0,21506571.243900083
2025-11-19 03:05:59.832000+00:00,2025-11-19 03:03:00+00:00,continuous,92540.9,92604.7,92472.3,92472.4,7544939.938100006
2025-11-19 03:08:59.993000+00:00,2025-11-19 03:06:00+00:00,continuous,92472.4,92472.4,92353.1,92395.5,21489937.684600078
2025-11-19 03:11:59.444000+00:00,2025-11-19 03:09:00+00:00,continuous,92395.4,92403.3,92327.2,92352.6,8370463.60799999
2025-11-19 03:14:59.709000+00:00,2025-11-19 03:12:00+00:00,continuous,92352.7,92391.2,92301.6,92301.6,15986324.807599982
2025-11-19 03:17:59.834000+00:00,2025-11-19 03:15:00+00:00,continuous,92301.6,92302.9,92176.8,92176.8,24370310.953600034
2025-11-19 03:20:59.593000+00:00,2025-11-19 03:18:00+00:00,continuous,92176.7,92239.3,92120.0,92230.4,26651402.944799993
2025-11-19 03:23:59.915000+00:00,2025-11-19 03:21:00+00:00,continuous,92230.4,92250.0,92150.0,92236.2,13550215.612100007
2025-11-19 03:26:59.998000+00:00,2025-11-19 03:24:00+00:00,continuous,92236.2,92275.4,92217.6,92226.7,9754142.730399994
2025-11-19 03:29:59.560000+00:00,2025-11-19 03:27:00+00:00,continuous,92226.6,92281.4,92205.0,92261.4,7109533.9274000125
2025-11-19 03:32:59.269000+00:00,2025-11-19 03:30:00+00:00,continuous,92261.4,92261.4,92083.4,92095.7,30951701.908599954
2025-11-19 03:35:59.869000+00:00,2025-11-19 03:33:00+00:00,continuous,92095.7,92115.4,92000.0,92000.0,25904676.40759996
2025-11-19 03:38:59.824000+00:00,2025-11-19 03:36:00+00:00,continuous,92000.0,92005.3,91716.4,91795.7,89729458.02100012
2025-11-19 03:41:59.853000+00:00,2025-11-19 03:39:00+00:00,continuous,91795.8,91900.0,91700.0,91886.8,50740187.68209995
2025-11-19 03:44:59.983000+00:00,2025-11-19 03:42:00+00:00,continuous,91886.8,91958.0,91850.0,91867.5,24580121.416599993
2025-11-19 03:47:59.620000+00:00,2025-11-19 03:45:00+00:00,continuous,91867.4,91974.0,91859.5,91900.0,17124675.36170001
2025-11-19 03:50:59.693000+00:00,2025-11-19 03:48:00+00:00,continuous,91900.1,91904.1,91600.0,91700.5,54077701.034599915
2025-11-19 03:53:59.895000+00:00,2025-11-19 03:51:00+00:00,continuous,91700.4,91850.0,91690.3,91812.7,37794875.640599996
2025-11-19 03:56:59.890000+00:00,2025-11-19 03:54:00+00:00,continuous,91812.7,91824.5,91702.5,91797.1,35525058.93999997
2025-11-19 03:59:59.963000+00:00,2025-11-19 03:57:00+00:00,continuous,91797.1,91863.1,91764.1,91842.2,11605902.860700024
2025-11-19 04:02:59.738000+00:00,2025-11-19 04:00:00+00:00,continuous,91842.1,91934.1,91777.7,91822.0,23744465.61840005
2025-11-19 04:05:59.916000+00:00,2025-11-19 04:03:00+00:00,continuous,91822.1,91898.2,91777.2,91898.1,14459101.50369999
2025-11-19 04:08:59.728000+00:00,2025-11-19 04:06:00+00:00,continuous,91898.2,91929.8,91738.3,91738.3,20901905.23649999
2025-11-19 04:11:59.910000+00:00,2025-11-19 04:09:00+00:00,continuous,91738.4,91820.0,91738.3,91795.3,12295226.939400021
2025-11-19 04:14:59.686000+00:00,2025-11-19 04:12:00+00:00,continuous,91795.4,91795.4,91658.6,91703.6,18384624.92299998
2025-11-19 04:17:59.944000+00:00,2025-11-19 04:15:00+00:00,continuous,91703.6,91809.8,91600.0,91661.7,36715287.524799936
2025-11-19 04:20:59.970000+00:00,2025-11-19 04:18:00+00:00,continuous,91661.7,91699.6,91585.0,91655.2,29395269.311500017
2025-11-19 04:23:59.751000+00:00,2025-11-19 04:21:00+00:00,continuous,91655.4,91726.0,91643.8,91703.4,23008912.06890002
2025-11-19 04:26:59.168000+00:00,2025-11-19 04:24:00+00:00,continuous,91703.3,91771.4,91612.5,91691.8,16283278.890300006
2025-11-19 04:29:59.776000+00:00,2025-11-19 04:27:00+00:00,continuous,91691.9,91752.3,91664.8,91664.8,10051171.9357
2025-11-19 04:32:59.845000+00:00,2025-11-19 04:30:00+00:00,continuous,91664.8,91669.3,91413.0,91473.7,89082921.99130005
2025-11-19 04:35:59.981000+00:00,2025-11-19 04:33:00+00:00,continuous,91473.8,91481.4,91278.0,91337.4,89547758.95529984
2025-11-19 04:38:59.774000+00:00,2025-11-19 04:36:00+00:00,continuous,91337.3,91389.6,91285.3,91353.1,39333842.50210003
2025-11-19 04:41:59.970000+00:00,2025-11-19 04:39:00+00:00,continuous,91353.1,91373.0,91319.6,91370.7,14282267.972600022
2025-11-19 04:44:59.609000+00:00,2025-11-19 04:42:00+00:00,continuous,91370.7,91467.2,91365.3,91406.3,50251698.060100086
2025-11-19 04:47:59.946000+00:00,2025-11-19 04:45:00+00:00,continuous,91406.4,91466.0,91336.7,91416.8,27247085.041200016
2025-11-19 04:50:59.397000+00:00,2025-11-19 04:48:00+00:00,continuous,91416.8,91443.0,91321.6,91349.5,33163420.282300014
2025-11-19 04:53:59.897000+00:00,2025-11-19 04:51:00+00:00,continuous,91349.5,91454.2,91323.6,91445.0,15480074.87780004
2025-11-19 04:56:59.929000+00:00,2025-11-19 04:54:00+00:00,continuous,91445.1,91450.1,91339.9,91352.9,28126991.35699995
2025-11-19 04:59:59.885000+00:00,2025-11-19 04:57:00+00:00,continuous,91352.9,91364.5,91115.2,91120.3,81302428.61600018
2025-11-19 05:02:59.914000+00:00,2025-11-19 05:00:00+00:00,continuous,91120.4,91237.4,91041.8,91084.5,50232070.05659987
2025-11-19 05:05:59.993000+00:00,2025-11-19 05:03:00+00:00,continuous,91084.6,91102.0,91031.5,91037.1,26708735.940899972
2025-11-19 05:08:59.856000+00:00,2025-11-19 05:06:00+00:00,continuous,91037.0,91116.3,90800.2,90856.9,154393778.30300015
2025-11-19 05:11:59.925000+00:00,2025-11-19 05:09:00+00:00,continuous,90856.8,91007.0,90850.0,90981.9,55982483.911100104
2025-11-19 05:14:59.893000+00:00,2025-11-19 05:12:00+00:00,continuous,90981.9,90981.9,90862.0,90862.0,19050802.028700016
2025-11-19 05:17:59.955000+00:00,2025-11-19 05:15:00+00:00,continuous,90862.1,91068.3,90807.4,90992.9,44887277.375900134
2025-11-19 05:20:59.995000+00:00,2025-11-19 05:18:00+00:00,continuous,90992.9,91053.6,90959.9,91042.5,31868728.474400025
2025-11-19 05:23:59.878000+00:00,2025-11-19 05:21:00+00:00,continuous,91042.6,91068.2,90953.5,91014.7,23707901.120700058
2025-11-19 05:26:59.902000+00:00,2025-11-19 05:24:00+00:00,continuous,91014.6,91016.4,90800.1,90815.5,29904064.937900063
2025-11-19 05:29:59.658000+00:00,2025-11-19 05:27:00+00:00,continuous,90815.5,90866.3,90800.0,90808.4,44018669.28610012
2025-11-19 05:32:59.686000+00:00,2025-11-19 05:30:00+00:00,continuous,90808.4,90819.5,90626.5,90678.8,142983689.01110074
2025-11-19 05:35:59.998000+00:00,2025-11-19 05:33:00+00:00,continuous,90678.7,90711.9,90515.2,90582.4,77471076.37999998
2025-11-19 05:38:59.800000+00:00,2025-11-19 05:36:00+00:00,continuous,90582.3,90588.0,90411.6,90452.0,119359841.07769974
2025-11-19 05:41:59.992000+00:00,2025-11-19 05:39:00+00:00,continuous,90452.1,90589.4,90380.0,90387.7,82689981.80190016
2025-11-19 05:44:59.857000+00:00,2025-11-19 05:42:00+00:00,continuous,90387.8,90427.8,90302.0,90302.4,62815756.88310003
2025-11-19 05:47:59.997000+00:00,2025-11-19 05:45:00+00:00,continuous,90302.4,90392.5,90000.0,90046.3,209707900.04170004
2025-11-19 05:50:59.992000+00:00,2025-11-19 05:48:00+00:00,continuous,90046.4,90264.3,89966.0,89998.8,168823285.08839926
2025-11-19 05:53:59.985000+00:00,2025-11-19 05:51:00+00:00,continuous,89998.8,90295.1,89986.0,90238.5,136505172.62779948
2025-11-19 05:56:59.743000+00:00,2025-11-19 05:54:00+00:00,continuous,90238.4,90393.3,90184.4,90322.9,114685283.68529965
2025-11-19 05:59:59.948000+00:00,2025-11-19 05:57:00+00:00,continuous,90322.8,90418.9,90200.0,90415.7,57060223.625799984
2025-11-19 06:02:59.762000+00:00,2025-11-19 06:00:00+00:00,continuous,90415.7,90415.7,90228.5,90319.4,72761645.85530004
2025-11-19 06:05:59.794000+00:00,2025-11-19 06:03:00+00:00,continuous,90319.4,90480.0,90319.2,90422.7,90849873.14920019
2025-11-19 06:08:59.927000+00:00,2025-11-19 06:06:00+00:00,continuous,90422.8,90555.0,90303.7,90546.0,56132711.97459987
2025-11-19 06:11:59.875000+00:00,2025-11-19 06:09:00+00:00,continuous,90545.9,90646.8,90360.0,90497.0,81669400.16949965
2025-11-19 06:14:59.922000+00:00,2025-11-19 06:12:00+00:00,continuous,90496.9,90635.2,90478.0,90622.7,49319612.498500064
2025-11-19 06:17:59.940000+00:00,2025-11-19 06:15:00+00:00,continuous,90622.8,90830.4,90546.4,90575.6,108074354.59960027
2025-11-19 06:20:59.893000+00:00,2025-11-19 06:18:00+00:00,continuous,90575.7,90601.3,90460.4,90469.4,24903098.24240001
2025-11-19 06:23:59.892000+00:00,2025-11-19 06:21:00+00:00,continuous,90469.3,90568.3,90445.2,90515.0,29631272.31259993
2025-11-19 06:26:59.708000+00:00,2025-11-19 06:24:00+00:00,continuous,90515.0,90790.6,90508.5,90646.0,55416625.939500086
2025-11-19 06:29:59.927000+00:00,2025-11-19 06:27:00+00:00,continuous,90645.9,90769.3,90642.6,90769.2,26518548.304500002
2025-11-19 06:32:59.980000+00:00,2025-11-19 06:30:00+00:00,continuous,90769.3,90969.9,90761.2,90928.1,84713314.13889994
2025-11-19 06:35:59.933000+00:00,2025-11-19 06:33:00+00:00,continuous,90928.0,90968.7,90830.5,90850.1,72221621.78709956
2025-11-19 06:38:59.647000+00:00,2025-11-19 06:36:00+00:00,continuous,90850.0,90972.1,90810.4,90837.4,36354651.77659991
2025-11-19 06:41:59.928000+00:00,2025-11-19 06:39:00+00:00,continuous,90837.4,90939.0,90803.6,90925.8,24711169.255199943
2025-11-19 06:44:59.975000+00:00,2025-11-19 06:42:00+00:00,continuous,90925.9,90965.9,90860.7,90913.7,24606290.750899978
2025-11-19 06:47:59.954000+00:00,2025-11-19 06:45:00+00:00,continuous,90913.6,90932.3,90758.1,90786.2,28033570.977400053
2025-11-19 06:50:59.888000+00:00,2025-11-19 06:48:00+00:00,continuous,90786.2,90996.7,90786.2,90990.3,35357748.028399885
2025-11-19 06:53:59.984000+00:00,2025-11-19 06:51:00+00:00,continuous,90990.3,91064.0,90954.4,91031.8,37423976.7432001
2025-11-19 06:56:59.886000+00:00,2025-11-19 06:54:00+00:00,continuous,91031.8,91055.5,90960.0,90975.5,35652709.29330003
2025-11-19 06:59:59.913000+00:00,2025-11-19 06:57:00+00:00,continuous,90975.5,90975.6,90909.0,90938.5,11262905.322599998
2025-11-19 07:02:59.779000+00:00,2025-11-19 07:00:00+00:00,continuous,90938.5,91025.3,90903.4,91017.4,23947369.31850004
2025-11-19 07:05:59.881000+00:00,2025-11-19 07:03:00+00:00,continuous,91017.5,91211.3,91006.1,91141.4,61169389.96119994
2025-11-19 07:08:59.912000+00:00,2025-11-19 07:06:00+00:00,continuous,91141.4,91233.5,91104.9,91200.3,47891015.61360005
2025-11-19 07:11:59.653000+00:00,2025-11-19 07:09:00+00:00,continuous,91200.2,91271.0,91115.4,91168.0,40703667.44220001
2025-11-19 07:14:59.890000+00:00,2025-11-19 07:12:00+00:00,continuous,91168.0,91336.8,91167.9,91275.0,44760087.75909993
2025-11-19 07:17:59.926000+00:00,2025-11-19 07:15:00+00:00,continuous,91274.9,91291.9,91184.4,91214.2,20721015.666299973
2025-11-19 07:20:59.605000+00:00,2025-11-19 07:18:00+00:00,continuous,91214.1,91242.0,91130.0,91166.0,19104098.1746
2025-11-19 07:23:59.825000+00:00,2025-11-19 07:21:00+00:00,continuous,91166.0,91336.1,91157.3,91335.5,19968205.495400015
2025-11-19 07:26:59.871000+00:00,2025-11-19 07:24:00+00:00,continuous,91335.4,91384.2,91215.1,91261.5,27833743.991700042
2025-11-19 07:29:59.589000+00:00,2025-11-19 07:27:00+00:00,continuous,91261.5,91293.3,91206.1,91224.5,16488259.529500004
2025-11-19 07:32:59.930000+00:00,2025-11-19 07:30:00+00:00,continuous,91224.6,91287.2,91138.1,91287.2,27252406.727799926
2025-11-19 07:35:59.891000+00:00,2025-11-19 07:33:00+00:00,continuous,91287.1,91498.0,91287.1,91427.3,50097577.320100255
2025-11-19 07:38:59.958000+00:00,2025-11-19 07:36:00+00:00,continuous,91427.3,91689.0,91402.6,91628.0,79234140.60610007
2025-11-19 07:41:59.955000+00:00,2025-11-19 07:39:00+00:00,continuous,91628.1,91782.7,91628.0,91669.7,61995456.872100055
2025-11-19 07:44:59.865000+00:00,2025-11-19 07:42:00+00:00,continuous,91669.5,91713.1,91627.1,91704.9,25745033.874100074
2025-11-19 07:47:59.864000+00:00,2025-11-19 07:45:00+00:00,continuous,91705.0,91969.7,91679.9,91966.5,141756835.26120007
2025-11-19 07:50:59.714000+00:00,2025-11-19 07:48:00+00:00,continuous,91966.6,91987.2,91849.7,91886.9,73350671.0468001
2025-11-19 07:53:59.996000+00:00,2025-11-19 07:51:00+00:00,continuous,91886.8,91950.0,91799.6,91800.1,44862101.72509984
2025-11-19 07:56:59.793000+00:00,2025-11-19 07:54:00+00:00,continuous,91800.1,91921.4,91781.1,91892.1,29427489.30219997
2025-11-19 07:59:59.954000+00:00,2025-11-19 07:57:00+00:00,continuous,91892.1,91917.5,91815.8,91826.6,19739978.506899945
2025-11-19 08:02:59.900000+00:00,2025-11-19 08:00:00+00:00,continuous,91826.6,91867.2,91768.0,91777.2,22814890.88240005
2025-11-19 08:05:59.978000+00:00,2025-11-19 08:03:00+00:00,continuous,91777.2,91815.9,91747.5,91764.3,22957460.00860003
2025-11-19 08:08:59.770000+00:00,2025-11-19 08:06:00+00:00,continuous,91764.3,91867.2,91676.0,91778.0,39352821.96190009
2025-11-19 08:11:59.904000+00:00,2025-11-19 08:09:00+00:00,continuous,91777.9,91778.0,91679.9,91700.7,15912748.863299973
2025-11-19 08:14:59.898000+00:00,2025-11-19 08:12:00+00:00,continuous,91700.6,91757.8,91643.1,91757.7,21607244.97959997
2025-11-19 08:17:59.961000+00:00,2025-11-19 08:15:00+00:00,continuous,91757.8,91757.8,91670.0,91679.3,17321490.979499973
2025-11-19 08:20:59.977000+00:00,2025-11-19 08:18:00+00:00,continuous,91679.3,91725.6,91547.5,91620.6,79983822.09850012
2025-11-19 08:23:59.776000+00:00,2025-11-19 08:21:00+00:00,continuous,91620.5,91719.2,91616.9,91711.7,21671793.55859999
2025-11-19 08:26:59.871000+00:00,2025-11-19 08:24:00+00:00,continuous,91711.7,91829.6,91680.8,91829.6,25472084.52269999
2025-11-19 08:29:59.889000+00:00,2025-11-19 08:27:00+00:00,continuous,91829.5,91920.0,91805.4,91894.4,44059513.714200094
2025-11-19 08:32:59.965000+00:00,2025-11-19 08:30:00+00:00,continuous,91894.3,91894.3,91776.0,91800.1,19015606.976899996
2025-11-19 08:35:59.632000+00:00,2025-11-19 08:33:00+00:00,continuous,91800.0,91835.6,91783.7,91794.6,11606293.426300017
2025-11-19 08:38:59.863000+00:00,2025-11-19 08:36:00+00:00,continuous,91794.6,91794.7,91660.5,91681.2,17875646.07660002
2025-11-19 08:41:59.905000+00:00,2025-11-19 08:39:00+00:00,continuous,91681.2,91681.2,91448.1,91519.4,60254530.5666999
2025-11-19 08:44:59.822000+00:00,2025-11-19 08:42:00+00:00,continuous,91519.4,91568.7,91506.0,91568.0,19332643.03320002
2025-11-19 08:47:59.919000+00:00,2025-11-19 08:45:00+00:00,continuous,91568.1,91568.1,91349.8,91396.7,80756051.02239983
2025-11-19 08:50:59.904000+00:00,2025-11-19 08:48:00+00:00,continuous,91396.7,91443.7,91226.3,91306.6,67117203.67540015
2025-11-19 08:53:59.826000+00:00,2025-11-19 08:51:00+00:00,continuous,91306.5,91407.4,91296.3,91358.3,24762910.549700044
2025-11-19 08:56:59.795000+00:00,2025-11-19 08:54:00+00:00,continuous,91358.3,91436.6,91340.0,91426.0,21361450.4257
2025-11-19 08:59:59.835000+00:00,2025-11-19 08:57:00+00:00,continuous,91426.0,91468.3,91406.9,91435.4,25704490.971799966
2025-11-19 09:02:59.935000+00:00,2025-11-19 09:00:00+00:00,continuous,91435.4,91467.6,91161.4,91256.3,58588900.85490008
2025-11-19 09:05:59.956000+00:00,2025-11-19 09:03:00+00:00,continuous,91256.3,91308.7,91038.9,91055.0,69667012.17929994
2025-11-19 09:08:59.911000+00:00,2025-11-19 09:06:00+00:00,continuous,91054.9,91200.8,91039.9,91190.0,33320724.515000068
2025-11-19 09:11:59.863000+00:00,2025-11-19 09:09:00+00:00,continuous,91190.0,91289.3,91189.9,91234.5,14794039.963500006
2025-11-19 09:14:59.853000+00:00,2025-11-19 09:12:00+00:00,continuous,91234.5,91320.0,91234.4,91312.0,21809202.590200007
2025-11-19 09:17:59.836000+00:00,2025-11-19 09:15:00+00:00,continuous,91311.9,91311.9,91233.2,91233.3,12538448.393799998
2025-11-19 09:20:59.986000+00:00,2025-11-19 09:18:00+00:00,continuous,91233.3,91379.0,91138.0,91332.8,55478200.28139995
2025-11-19 09:23:59.935000+00:00,2025-11-19 09:21:00+00:00,continuous,91332.7,91332.7,91112.9,91112.9,46963517.97319999
2025-11-19 09:26:59.606000+00:00,2025-11-19 09:24:00+00:00,continuous,91112.9,91175.2,91074.5,91164.9,21743186.27709997
2025-11-19 09:29:59.890000+00:00,2025-11-19 09:27:00+00:00,continuous,91164.9,91256.9,91156.0,91256.9,9383226.467200007
2025-11-19 09:32:59.694000+00:00,2025-11-19 09:30:00+00:00,continuous,91256.8,91473.8,91256.8,91370.8,43301471.01930011
2025-11-19 09:35:59.924000+00:00,2025-11-19 09:33:00+00:00,continuous,91370.8,91370.8,91292.2,91333.2,10898207.050000003
2025-11-19 09:38:59.918000+00:00,2025-11-19 09:36:00+00:00,continuous,91333.2,91371.3,91307.8,91347.7,9880461.6839
2025-11-19 09:41:58.668000+00:00,2025-11-19 09:39:00+00:00,continuous,91347.7,91416.8,91306.8,91359.5,24153281.185599964
2025-11-19 09:44:59.956000+00:00,2025-11-19 09:42:00+00:00,continuous,91359.4,91439.6,91344.8,91411.3,23205289.822599996
2025-11-19 09:47:59.975000+00:00,2025-11-19 09:45:00+00:00,continuous,91411.4,91443.3,91306.8,91330.4,18795930.19979997
2025-11-19 09:50:59.990000+00:00,2025-11-19 09:48:00+00:00,continuous,91330.5,91411.1,91234.7,91404.1,13977733.231499994
2025-11-19 09:53:59.699000+00:00,2025-11-19 09:51:00+00:00,continuous,91404.1,91433.6,91250.0,91307.8,22928468.672999922
2025-11-19 09:56:59.775000+00:00,2025-11-19 09:54:00+00:00,continuous,91307.8,91450.0,91292.9,91392.1,14566658.517800031
2025-11-19 09:59:59.844000+00:00,2025-11-19 09:57:00+00:00,continuous,91392.0,91480.0,91388.0,91480.0,13140876.828100005
2025-11-19 10:02:59.971000+00:00,2025-11-19 10:00:00+00:00,continuous,91479.9,91538.8,91440.6,91514.7,33525935.481499963
2025-11-19 10:05:59.904000+00:00,2025-11-19 10:03:00+00:00,continuous,91514.6,91596.9,91481.6,91588.9,26328509.787899993
2025-11-19 10:08:59.843000+00:00,2025-11-19 10:06:00+00:00,continuous,91589.0,91650.0,91557.9,91639.6,28994198.11180006
2025-11-19 10:11:59.800000+00:00,2025-11-19 10:09:00+00:00,continuous,91639.6,91639.6,91559.9,91560.2,19356138.47430003
2025-11-19 10:14:59.897000+00:00,2025-11-19 10:12:00+00:00,continuous,91560.2,91560.2,91473.0,91473.0,14891114.947499996
2025-11-19 10:17:59.730000+00:00,2025-11-19 10:15:00+00:00,continuous,91473.1,91560.2,91463.9,91554.8,9850286.991000012
2025-11-19 10:20:59.461000+00:00,2025-11-19 10:18:00+00:00,continuous,91554.7,91560.2,91366.1,91380.0,19304497.92230005
2025-11-19 10:23:59.704000+00:00,2025-11-19 10:21:00+00:00,continuous,91380.1,91383.3,91305.7,91342.2,16410622.219699962
2025-11-19 10:26:59.804000+00:00,2025-11-19 10:24:00+00:00,continuous,91342.2,91403.8,91342.2,91399.9,14229651.424199985
2025-11-19 10:29:59.665000+00:00,2025-11-19 10:27:00+00:00,continuous,91400.0,91491.8,91400.0,91450.0,16479451.520900058
2025-11-19 10:32:59.819000+00:00,2025-11-19 10:30:00+00:00,continuous,91450.0,91451.8,91373.1,91407.8,8916923.599499995
2025-11-19 10:35:59.822000+00:00,2025-11-19 10:33:00+00:00,continuous,91407.8,91435.3,91350.0,91417.4,12407746.347000014
2025-11-19 10:38:59.817000+00:00,2025-11-19 10:36:00+00:00,continuous,91417.4,91466.7,91383.0,91441.1,8100729.209399996
2025-11-19 10:41:59.985000+00:00,2025-11-19 10:39:00+00:00,continuous,91441.1,91464.7,91378.7,91458.9,8074990.936099979
2025-11-19 10:44:59.416000+00:00,2025-11-19 10:42:00+00:00,continuous,91458.9,91480.5,91435.6,91453.7,5574194.511399987
2025-11-19 10:47:59.207000+00:00,2025-11-19 10:45:00+00:00,continuous,91453.6,91453.6,91300.0,91333.8,15121125.306499979
2025-11-19 10:50:59.194000+00:00,2025-11-19 10:48:00+00:00,continuous,91333.8,91333.9,91188.0,91210.6,31635021.903899983
2025-11-19 10:53:59.619000+00:00,2025-11-19 10:51:00+00:00,continuous,91210.6,91325.0,91206.0,91279.7,15560133.815000003
2025-11-19 10:56:59.882000+00:00,2025-11-19 10:54:00+00:00,continuous,91279.8,91300.4,91260.9,91300.4,6190858.704399997
2025-11-19 10:59:59.873000+00:00,2025-11-19 10:57:00+00:00,continuous,91300.5,91314.2,91266.4,91267.0,5368742.665599997
2025-11-19 11:02:59.657000+00:00,2025-11-19 11:00:00+00:00,continuous,91267.0,91326.8,91260.9,91322.8,8786273.333099993
2025-11-19 11:05:59.837000+00:00,2025-11-19 11:03:00+00:00,continuous,91322.9,91332.0,91280.8,91306.6,7086648.195300011
2025-11-19 11:08:59.802000+00:00,2025-11-19 11:06:00+00:00,continuous,91306.5,91549.8,91306.4,91503.1,28174724.46590006
2025-11-19 11:11:59.749000+00:00,2025-11-19 11:09:00+00:00,continuous,91503.0,91600.0,91478.0,91496.4,22442912.03289999
2025-11-19 11:14:59.763000+00:00,2025-11-19 11:12:00+00:00,continuous,91496.4,91600.0,91496.4,91600.0,9780739.744300004
2025-11-19 11:17:59.956000+00:00,2025-11-19 11:15:00+00:00,continuous,91599.9,91784.6,91599.9,91626.5,78635396.96470007
2025-11-19 11:20:59.994000+00:00,2025-11-19 11:18:00+00:00,continuous,91626.5,91662.5,91550.9,91643.5,15801671.5161
2025-11-19 11:23:59.963000+00:00,2025-11-19 11:21:00+00:00,continuous,91643.6,91679.6,91563.6,91563.6,13071009.234899983
2025-11-19 11:26:59.673000+00:00,2025-11-19 11:24:00+00:00,continuous,91563.5,91570.0,91515.0,91563.6,11318801.986000007
2025-11-19 11:29:59.684000+00:00,2025-11-19 11:27:00+00:00,continuous,91563.5,91581.9,91500.0,91500.0,6176579.0399999935
2025-11-19 11:32:59.821000+00:00,2025-11-19 11:30:00+00:00,continuous,91500.0,91510.0,91413.7,91483.9,19665733.479600005
2025-11-19 11:35:59.680000+00:00,2025-11-19 11:33:00+00:00,continuous,91484.2,91564.5,91484.2,91521.1,6824777.4265
2025-11-19 11:38:59.845000+00:00,2025-11-19 11:36:00+00:00,continuous,91521.1,91550.0,91462.8,91546.0,6433111.499499999
2025-11-19 11:41:59.672000+00:00,2025-11-19 11:39:00+00:00,continuous,91545.9,91577.5,91506.1,91506.2,4832236.918399995
2025-11-19 11:44:59.683000+00:00,2025-11-19 11:42:00+00:00,continuous,91506.2,91557.7,91506.1,91534.9,5040026.115500006
2025-11-19 11:47:59.674000+00:00,2025-11-19 11:45:00+00:00,continuous,91534.9,91551.3,91468.3,91496.2,4905741.474400001
2025-11-19 11:50:59.968000+00:00,2025-11-19 11:48:00+00:00,continuous,91496.1,91523.5,91463.9,91523.4,6064106.576599995
2025-11-19 11:53:59.485000+00:00,2025-11-19 11:51:00+00:00,continuous,91523.3,91529.1,91378.8,91399.9,10209052.2276
2025-11-19 11:56:59.712000+00:00,2025-11-19 11:54:00+00:00,continuous,91399.9,91412.3,91282.8,91359.9,13891686.540000027
2025-11-19 11:59:59.670000+00:00,2025-11-19 11:57:00+00:00,continuous,91359.8,91393.4,91359.8,91372.4,6347494.630300001
2025-11-19 12:02:59.945000+00:00,2025-11-19 12:00:00+00:00,continuous,91372.3,91407.4,91349.6,91399.5,8382448.728399985
2025-11-19 12:05:59.702000+00:00,2025-11-19 12:03:00+00:00,continuous,91399.4,91468.5,91345.5,91436.9,8542330.580099992
2025-11-19 12:08:59.829000+00:00,2025-11-19 12:06:00+00:00,continuous,91436.8,91562.4,91436.8,91531.8,19330882.40040002
2025-11-19 12:11:59.956000+00:00,2025-11-19 12:09:00+00:00,continuous,91531.9,91553.5,91297.4,91297.5,16535404.5707
2025-11-19 12:14:59.954000+00:00,2025-11-19 12:12:00+00:00,continuous,91297.4,91390.1,91297.4,91390.0,16176615.100799987
2025-11-19 12:17:59.963000+00:00,2025-11-19 12:15:00+00:00,continuous,91390.1,91400.0,91325.8,91385.9,11246872.899199998
2025-11-19 12:20:59.807000+00:00,2025-11-19 12:18:00+00:00,continuous,91386.0,91386.0,91220.7,91223.9,17056006.527300004
2025-11-19 12:23:59.957000+00:00,2025-11-19 12:21:00+00:00,continuous,91224.0,91397.0,91166.0,91368.9,22156442.325900003
2025-11-19 12:26:59.925000+00:00,2025-11-19 12:24:00+00:00,continuous,91368.9,91424.8,91356.9,91358.6,15029445.368599996
2025-11-19 12:29:59.897000+00:00,2025-11-19 12:27:00+00:00,continuous,91358.6,91404.4,91312.9,91312.9,14037399.986700032
2025-11-19 12:32:59.722000+00:00,2025-11-19 12:30:00+00:00,continuous,91313.0,91471.1,91313.0,91405.1,15269215.398400031
2025-11-19 12:35:59.719000+00:00,2025-11-19 12:33:00+00:00,continuous,91405.0,91453.5,91378.2,91417.1,9438760.427500002
2025-11-19 12:38:59.853000+00:00,2025-11-19 12:36:00+00:00,continuous,91417.1,91424.3,91269.7,91294.4,17031538.612799976
2025-11-19 12:41:59.750000+00:00,2025-11-19 12:39:00+00:00,continuous,91294.5,91360.0,91288.1,91336.5,7770794.139799995
2025-11-19 12:44:59.839000+00:00,2025-11-19 12:42:00+00:00,continuous,91336.5,91436.8,91336.4,91419.0,7379518.623100012
2025-11-19 12:47:59.757000+00:00,2025-11-19 12:45:00+00:00,continuous,91419.0,91534.0,91393.1,91505.8,19787497.092699967
2025-11-19 12:50:59.968000+00:00,2025-11-19 12:48:00+00:00,continuous,91505.8,91631.0,91487.4,91631.0,19406147.12680002
2025-11-19 12:53:59.737000+00:00,2025-11-19 12:51:00+00:00,continuous,91631.0,91729.7,91608.3,91618.6,34704611.87880003
2025-11-19 12:56:59.932000+00:00,2025-11-19 12:54:00+00:00,continuous,91618.6,91704.3,91618.6,91694.9,17690986.849000007
2025-11-19 12:59:59.880000+00:00,2025-11-19 12:57:00+00:00,continuous,91695.0,91832.8,91687.0,91737.0,40629902.45170004
2025-11-19 13:02:59.685000+00:00,2025-11-19 13:00:00+00:00,continuous,91737.0,91750.2,91638.8,91666.0,15992529.2684
2025-11-19 13:05:59.986000+00:00,2025-11-19 13:03:00+00:00,continuous,91666.0,91673.9,91519.5,91554.9,11697977.2898
2025-11-19 13:08:59.879000+00:00,2025-11-19 13:06:00+00:00,continuous,91555.0,91585.6,91501.1,91570.4,14089415.37920001
2025-11-19 13:11:59.651000+00:00,2025-11-19 13:09:00+00:00,continuous,91570.5,91689.4,91570.4,91617.4,10645778.436300006
2025-11-19 13:14:59.851000+00:00,2025-11-19 13:12:00+00:00,continuous,91617.4,91660.9,91565.5,91565.5,7073629.553200008
2025-11-19 13:17:59.670000+00:00,2025-11-19 13:15:00+00:00,continuous,91565.5,91760.0,91545.9,91733.0,13020684.759199983
2025-11-19 13:20:59.790000+00:00,2025-11-19 13:18:00+00:00,continuous,91732.9,91740.1,91680.4,91734.0,11626697.97159997
2025-11-19 13:23:59.800000+00:00,2025-11-19 13:21:00+00:00,continuous,91733.9,91748.2,91531.7,91598.2,15487048.22449999
2025-11-19 13:26:59.894000+00:00,2025-11-19 13:24:00+00:00,continuous,91598.3,91735.0,91566.4,91720.3,11844317.810399998
2025-11-19 13:29:59.678000+00:00,2025-11-19 13:27:00+00:00,continuous,91720.3,91745.9,91704.3,91744.1,9038815.18370001
2025-11-19 13:32:59.681000+00:00,2025-11-19 13:30:00+00:00,continuous,91744.0,91863.2,91675.4,91688.4,29013646.769700058
2025-11-19 13:35:59.908000+00:00,2025-11-19 13:33:00+00:00,continuous,91688.4,91694.9,91500.0,91500.1,38948457.26619994
2025-11-19 13:38:59.873000+00:00,2025-11-19 13:36:00+00:00,continuous,91500.0,91500.1,91305.4,91455.8,72068427.36619969
2025-11-19 13:41:59.970000+00:00,2025-11-19 13:39:00+00:00,continuous,91455.7,91479.3,91313.7,91463.1,37030005.018300086
2025-11-19 13:44:59.727000+00:00,2025-11-19 13:42:00+00:00,continuous,91463.2,91469.9,91370.7,91442.7,19013836.537300006
2025-11-19 13:47:59.967000+00:00,2025-11-19 13:45:00+00:00,continuous,91442.7,91500.1,91425.4,91468.7,13272083.888799988
2025-11-19 13:50:59.799000+00:00,2025-11-19 13:48:00+00:00,continuous,91468.7,91468.7,91211.7,91365.4,69531049.88339992
2025-11-19 13:53:59.989000+00:00,2025-11-19 13:51:00+00:00,continuous,91365.5,91418.7,91200.0,91348.2,64189871.08420006
2025-11-19 13:56:59.834000+00:00,2025-11-19 13:54:00+00:00,continuous,91348.2,91405.2,91278.9,91393.5,20797092.239500098
2025-11-19 13:59:59.678000+00:00,2025-11-19 13:57:00+00:00,continuous,91393.5,91394.7,91328.8,91362.0,13456535.755300008
2025-11-19 14:02:59.938000+00:00,2025-11-19 14:00:00+00:00,continuous,91361.9,91440.0,91282.8,91303.0,16753970.31259998
2025-11-19 14:05:59.839000+00:00,2025-11-19 14:03:00+00:00,continuous,91302.9,91351.2,91209.1,91231.7,23521140.98090002
2025-11-19 14:08:59.731000+00:00,2025-11-19 14:06:00+00:00,continuous,91231.6,91284.2,91180.0,91211.1,39928446.99839985
2025-11-19 14:11:59.890000+00:00,2025-11-19 14:09:00+00:00,continuous,91211.1,91304.5,91098.1,91284.3,49234495.06880008
2025-11-19 14:14:59.832000+00:00,2025-11-19 14:12:00+00:00,continuous,91284.3,91506.6,91238.4,91452.8,33880955.004700035
2025-11-19 14:17:59.898000+00:00,2025-11-19 14:15:00+00:00,continuous,91452.8,91470.4,91345.0,91379.6,39897202.25960001
2025-11-19 14:20:59.451000+00:00,2025-11-19 14:18:00+00:00,continuous,91379.6,91390.5,91200.0,91260.5,28133603.778099965
2025-11-19 14:23:59.884000+00:00,2025-11-19 14:21:00+00:00,continuous,91260.5,91309.8,91182.2,91275.5,16885864.334200002
2025-11-19 14:26:59.926000+00:00,2025-11-19 14:24:00+00:00,continuous,91275.6,91275.6,91006.4,91087.9,78351318.6186996
2025-11-19 14:29:59.991000+00:00,2025-11-19 14:27:00+00:00,continuous,91088.0,91144.8,91009.2,91086.2,37596484.16219995
2025-11-19 14:32:59.948000+00:00,2025-11-19 14:30:00+00:00,continuous,91086.2,91367.6,91068.2,91253.4,67084981.03900004
2025-11-19 14:35:59.995000+00:00,2025-11-19 14:33:00+00:00,continuous,91253.3,91620.0,91251.0,91527.3,87425803.30649975
2025-11-19 14:38:59.997000+00:00,2025-11-19 14:36:00+00:00,continuous,91527.2,91627.5,91385.6,91393.9,60468224.14229962
2025-11-19 14:41:59.662000+00:00,2025-11-19 14:39:00+00:00,continuous,91394.6,91541.0,91210.0,91461.1,49714695.35289976
2025-11-19 14:44:59.994000+00:00,2025-11-19 14:42:00+00:00,continuous,91461.1,91828.9,91452.6,91747.9,71940965.57019994
2025-11-19 14:47:59.996000+00:00,2025-11-19 14:45:00+00:00,continuous,91747.8,91828.2,91526.5,91677.6,69802301.88739988
2025-11-19 14:50:59.708000+00:00,2025-11-19 14:48:00+00:00,continuous,91677.6,91772.8,91452.6,91554.8,39962865.67090011
2025-11-19 14:53:59.774000+00:00,2025-11-19 14:51:00+00:00,continuous,91554.8,91710.0,91474.0,91664.0,24929162.13009996
2025-11-19 14:56:59.965000+00:00,2025-11-19 14:54:00+00:00,continuous,91664.0,91670.1,91450.4,91511.1,29602219.524400048
2025-11-19 14:59:59.999000+00:00,2025-11-19 14:57:00+00:00,continuous,91511.0,91705.7,91456.2,91670.6,44344932.60969996
2025-11-19 15:02:59.840000+00:00,2025-11-19 15:00:00+00:00,continuous,91670.7,91879.1,91650.0,91794.2,66671902.933500156
2025-11-19 15:05:59.665000+00:00,2025-11-19 15:03:00+00:00,continuous,91794.1,91940.0,91740.4,91840.3,64539098.59219999
2025-11-19 15:08:59.934000+00:00,2025-11-19 15:06:00+00:00,continuous,91840.3,92245.8,91825.1,92167.9,127471008.24589981
2025-11-19 15:11:59.962000+00:00,2025-11-19 15:09:00+00:00,continuous,92167.8,92294.4,91926.7,92092.4,102833880.33199984
2025-11-19 15:14:59.945000+00:00,2025-11-19 15:12:00+00:00,continuous,92092.3,92140.8,91953.3,91989.0,53324107.20350008
2025-11-19 15:17:59.958000+00:00,2025-11-19 15:15:00+00:00,continuous,91989.1,92348.2,91982.1,92294.7,90518222.61480004
2025-11-19 15:20:59.972000+00:00,2025-11-19 15:18:00+00:00,continuous,92294.8,92300.0,91693.1,91702.5,108308432.89970037
2025-11-19 15:23:59.951000+00:00,2025-11-19 15:21:00+00:00,continuous,91702.6,91798.4,91264.5,91421.5,156672457.33749974
2025-11-19 15:26:59.950000+00:00,2025-11-19 15:24:00+00:00,continuous,91421.6,91495.4,91095.5,91213.6,96329886.30999993
2025-11-19 15:29:59.729000+00:00,2025-11-19 15:27:00+00:00,continuous,91213.5,91324.1,91080.0,91196.9,59106436.757400125
2025-11-19 15:32:59.798000+00:00,2025-11-19 15:30:00+00:00,continuous,91196.8,91209.7,90718.2,90870.9,216431707.76149985
2025-11-19 15:35:59.970000+00:00,2025-11-19 15:33:00+00:00,continuous,90870.9,90911.0,90629.6,90727.7,109028970.47290038
2025-11-19 15:38:59.963000+00:00,2025-11-19 15:36:00+00:00,continuous,90727.6,90865.0,90604.5,90647.6,78312568.31059992
2025-11-19 15:41:59.976000+00:00,2025-11-19 15:39:00+00:00,continuous,90647.7,90806.6,90522.0,90730.3,85257888.24460039
2025-11-19 15:44:59.997000+00:00,2025-11-19 15:42:00+00:00,continuous,90730.2,90816.7,90555.7,90660.3,38983276.824599795
2025-11-19 15:47:59.986000+00:00,2025-11-19 15:45:00+00:00,continuous,90660.6,90663.1,90335.0,90352.3,116736566.23489976
2025-11-19 15:50:59.928000+00:00,2025-11-19 15:48:00+00:00,continuous,90352.2,90402.9,90216.0,90216.1,77277195.24439976
2025-11-19 15:53:59.974000+00:00,2025-11-19 15:51:00+00:00,continuous,90216.0,90343.0,89984.5,90062.3,176567141.7159007
2025-11-19 15:56:59.834000+00:00,2025-11-19 15:54:00+00:00,continuous,90062.4,90180.2,89822.0,89880.9,201340816.23359954
2025-11-19 15:59:59.953000+00:00,2025-11-19 15:57:00+00:00,continuous,89881.0,89929.9,89822.0,89901.0,85313864.67920008
2025-11-19 16:02:59.990000+00:00,2025-11-19 16:00:00+00:00,continuous,89901.0,90160.7,89856.0,90126.9,128639628.45579925
2025-11-19 16:05:59.927000+00:00,2025-11-19 16:03:00+00:00,continuous,90126.8,90161.7,89891.2,89901.4,89906219.94730009
2025-11-19 16:08:59.759000+00:00,2025-11-19 16:06:00+00:00,continuous,89901.3,90176.1,89900.0,90098.4,92152997.16359958
2025-11-19 16:11:59.943000+00:00,2025-11-19 16:09:00+00:00,continuous,90098.4,90202.5,89972.8,90052.3,64427481.87269978
2025-11-19 16:14:59.671000+00:00,2025-11-19 16:12:00+00:00,continuous,90052.7,90138.1,89900.0,90088.6,56454993.4613
2025-11-19 16:17:59.841000+00:00,2025-11-19 16:15:00+00:00,continuous,90088.7,90196.2,89929.9,89959.3,50284285.33620017
2025-11-19 16:20:59.956000+00:00,2025-11-19 16:18:00+00:00,continuous,89959.3,89972.3,89667.7,89744.4,199300763.1015989
2025-11-19 16:23:59.994000+00:00,2025-11-19 16:21:00+00:00,continuous,89744.4,90049.6,89735.2,89775.0,79343513.73160008
2025-11-19 16:26:59.985000+00:00,2025-11-19 16:24:00+00:00,continuous,89774.8,89781.2,89577.0,89578.6,97152323.4207997
2025-11-19 16:29:59.958000+00:00,2025-11-19 16:27:00+00:00,continuous,89578.7,89742.2,89558.9,89656.0,59129583.32499994
2025-11-19 16:32:59.822000+00:00,2025-11-19 16:30:00+00:00,continuous,89656.1,89802.3,89602.1,89696.4,91298216.69660033
2025-11-19 16:35:59.984000+00:00,2025-11-19 16:33:00+00:00,continuous,89696.4,89793.9,89447.0,89494.9,109860702.62079933
2025-11-19 16:38:59.900000+00:00,2025-11-19 16:36:00+00:00,continuous,89495.6,89554.7,89416.0,89441.1,66181882.03940019
2025-11-19 16:41:59.974000+00:00,2025-11-19 16:39:00+00:00,continuous,89441.1,89737.8,89439.4,89714.8,56049195.4468001
2025-11-19 16:44:59.903000+00:00,2025-11-19 16:42:00+00:00,continuous,89714.7,89827.0,89649.8,89670.2,75160642.71019992
2025-11-19 16:47:59.792000+00:00,2025-11-19 16:45:00+00:00,continuous,89670.2,89827.5,89600.0,89730.9,51584727.45610024
2025-11-19 16:50:59.950000+00:00,2025-11-19 16:48:00+00:00,continuous,89730.9,89730.9,89427.8,89548.9,84285788.88010065
2025-11-19 16:53:59.831000+00:00,2025-11-19 16:51:00+00:00,continuous,89549.0,89654.5,89453.5,89558.8,33322298.84170008
2025-11-19 16:56:59.888000+00:00,2025-11-19 16:54:00+00:00,continuous,89558.8,89746.6,89429.3,89702.8,60655246.322999954
2025-11-19 16:59:59.984000+00:00,2025-11-19 16:57:00+00:00,continuous,89702.8,89894.7,89635.7,89863.2,66231408.569199696
2025-11-19 17:02:59.895000+00:00,2025-11-19 17:00:00+00:00,continuous,89863.1,90098.5,89735.0,89816.3,89225668.19860034
2025-11-19 17:05:59.994000+00:00,2025-11-19 17:03:00+00:00,continuous,89816.3,89919.8,89540.0,89581.5,66893258.324300066
2025-11-19 17:08:59.980000+00:00,2025-11-19 17:06:00+00:00,continuous,89581.6,89671.5,89501.9,89603.4,44497119.51060008
2025-11-19 17:11:59.755000+00:00,2025-11-19 17:09:00+00:00,continuous,89603.4,89677.3,89492.7,89513.0,64929590.81230016
2025-11-19 17:14:59.887000+00:00,2025-11-19 17:12:00+00:00,continuous,89512.9,89518.4,89300.0,89322.8,138494169.07309955
2025-11-19 17:17:59.912000+00:00,2025-11-19 17:15:00+00:00,continuous,89322.8,89458.7,89278.0,89309.6,102748760.97049983
2025-11-19 17:20:59.998000+00:00,2025-11-19 17:18:00+00:00,continuous,89309.4,89400.1,89266.1,89300.7,49281634.59080012
2025-11-19 17:23:59.922000+00:00,2025-11-19 17:21:00+00:00,continuous,89300.7,89623.7,89300.6,89489.8,59776011.031800024
2025-11-19 17:26:59.882000+00:00,2025-11-19 17:24:00+00:00,continuous,89489.8,89527.1,89380.0,89388.0,39440462.3711
2025-11-19 17:29:59.504000+00:00,2025-11-19 17:27:00+00:00,continuous,89388.0,89518.5,89360.0,89492.2,41678064.19960003
2025-11-19 17:32:59.965000+00:00,2025-11-19 17:30:00+00:00,continuous,89492.1,89492.1,89315.3,89339.8,26692971.314599983
2025-11-19 17:35:59.848000+00:00,2025-11-19 17:33:00+00:00,continuous,89339.8,89339.8,89060.2,89102.3,154060927.32790115
2025-11-19 17:38:59.999000+00:00,2025-11-19 17:36:00+00:00,continuous,89102.3,89132.1,88820.8,88976.7,216798254.055899
2025-11-19 17:41:59.961000+00:00,2025-11-19 17:39:00+00:00,continuous,88976.8,89222.0,88890.6,89201.8,102843650.01759942
2025-11-19 17:44:59.982000+00:00,2025-11-19 17:42:00+00:00,continuous,89201.8,89567.3,89199.2,89290.4,100994039.45270029
2025-11-19 17:47:59.968000+00:00,2025-11-19 17:45:00+00:00,continuous,89290.5,89357.7,89043.5,89189.8,62385670.8484999
2025-11-19 17:50:59.957000+00:00,2025-11-19 17:48:00+00:00,continuous,89189.7,89235.9,89040.9,89091.9,39950370.65019994
2025-11-19 17:53:59.737000+00:00,2025-11-19 17:51:00+00:00,continuous,89092.1,89360.0,89074.8,89267.8,50002563.35929993
2025-11-19 17:56:59.901000+00:00,2025-11-19 17:54:00+00:00,continuous,89267.7,89289.0,89154.1,89249.4,35993432.222200066
2025-11-19 17:59:59.714000+00:00,2025-11-19 17:57:00+00:00,continuous,89249.3,89523.4,89247.3,89459.9,64437983.83359977
2025-11-19 18:02:59.728000+00:00,2025-11-19 18:00:00+00:00,continuous,89459.8,89466.2,89352.2,89428.2,45704430.84559996
2025-11-19 18:05:59.992000+00:00,2025-11-19 18:03:00+00:00,continuous,89428.1,89603.9,89387.9,89483.0,57511935.864100054
2025-11-19 18:08:59.886000+00:00,2025-11-19 18:06:00+00:00,continuous,89483.0,89600.1,89270.4,89417.3,50835604.19679991
2025-11-19 18:11:59.952000+00:00,2025-11-19 18:09:00+00:00,continuous,89417.3,89555.0,89306.6,89527.0,27176192.684099905
2025-11-19 18:14:59.983000+00:00,2025-11-19 18:12:00+00:00,continuous,89526.9,89696.1,89440.1,89617.8,46196445.821299866
2025-11-19 18:17:59.905000+00:00,2025-11-19 18:15:00+00:00,continuous,89617.9,89666.0,89304.6,89318.1,39353610.4796001
2025-11-19 18:20:59.591000+00:00,2025-11-19 18:18:00+00:00,continuous,89318.1,89318.1,89143.4,89214.2,42793790.55060005
2025-11-19 18:23:59.690000+00:00,2025-11-19 18:21:00+00:00,continuous,89214.2,89347.5,89139.8,89163.3,29709012.77930001
2025-11-19 18:26:59.918000+00:00,2025-11-19 18:24:00+00:00,continuous,89163.3,89176.9,88961.1,88967.5,73452234.00110005
2025-11-19 18:29:59.965000+00:00,2025-11-19 18:27:00+00:00,continuous,88967.5,89050.0,88800.0,89028.3,89640447.04909986
2025-11-19 18:32:59.982000+00:00,2025-11-19 18:30:00+00:00,continuous,89028.2,89100.0,88861.4,88910.8,58463067.17970006
2025-11-19 18:35:59.972000+00:00,2025-11-19 18:33:00+00:00,continuous,88910.8,89064.1,88870.7,89064.1,35951752.86279991
2025-11-19 18:38:59.991000+00:00,2025-11-19 18:36:00+00:00,continuous,89064.6,89270.8,89004.6,89169.8,56185750.84420015
2025-11-19 18:41:59.968000+00:00,2025-11-19 18:39:00+00:00,continuous,89169.9,89191.2,88940.8,88958.2,25011881.458600007
2025-11-19 18:44:59.926000+00:00,2025-11-19 18:42:00+00:00,continuous,88958.2,88999.2,88842.2,88872.2,30597683.30619997
2025-11-19 18:47:59.957000+00:00,2025-11-19 18:45:00+00:00,continuous,88872.2,88920.9,88811.4,88877.4,47051707.05669987
2025-11-19 18:50:59.835000+00:00,2025-11-19 18:48:00+00:00,continuous,88877.5,89078.7,88765.0,89054.9,90803584.8883999
2025-11-19 18:53:59.978000+00:00,2025-11-19 18:51:00+00:00,continuous,89055.0,89171.8,88909.5,88966.9,45524400.232100226
2025-11-19 18:56:59.996000+00:00,2025-11-19 18:54:00+00:00,continuous,88967.0,89234.2,88960.5,89234.2,29963294.703899994
2025-11-19 18:59:59.490000+00:00,2025-11-19 18:57:00+00:00,continuous,89234.1,89265.1,89178.8,89214.4,41156888.47359999
2025-11-19 19:02:59.910000+00:00,2025-11-19 19:00:00+00:00,continuous,89214.4,89284.6,89069.0,89141.0,39558545.61010009
2025-11-19 19:05:59.990000+00:00,2025-11-19 19:03:00+00:00,continuous,89141.0,89271.6,89100.0,89240.1,25962389.426700015
2025-11-19 19:08:59.755000+00:00,2025-11-19 19:06:00+00:00,continuous,89240.2,89299.0,89001.3,89207.8,33692482.33359998
2025-11-19 19:11:59.988000+00:00,2025-11-19 19:09:00+00:00,continuous,89207.8,89349.1,89050.5,89055.0,44276096.86469995
2025-11-19 19:14:59.742000+00:00,2025-11-19 19:12:00+00:00,continuous,89055.1,89136.2,88975.1,89120.9,28843016.79360001
2025-11-19 19:17:59.702000+00:00,2025-11-19 19:15:00+00:00,continuous,89120.8,89146.2,88948.3,89058.6,25547514.701600015
2025-11-19 19:20:59.595000+00:00,2025-11-19 19:18:00+00:00,continuous,89058.5,89180.0,89017.6,89028.9,18345400.338600002
2025-11-19 19:23:59.600000+00:00,2025-11-19 19:21:00+00:00,continuous,89028.9,89081.1,88900.3,88941.5,24092048.525499962
2025-11-19 19:26:59.929000+00:00,2025-11-19 19:24:00+00:00,continuous,88941.5,89007.4,88810.7,88838.6,27602557.587299943
2025-11-19 19:29:59.851000+00:00,2025-11-19 19:27:00+00:00,continuous,88838.5,88951.7,88834.2,88920.6,24746793.782400038
2025-11-19 19:32:59.900000+00:00,2025-11-19 19:30:00+00:00,continuous,88920.6,88994.9,88840.7,88883.6,21262813.103900004
2025-11-19 19:35:59.953000+00:00,2025-11-19 19:33:00+00:00,continuous,88883.6,88935.1,88816.0,88926.3,15986789.425999999
2025-11-19 19:38:59.872000+00:00,2025-11-19 19:36:00+00:00,continuous,88926.3,88931.2,88650.0,88743.4,83246691.4298001
2025-11-19 19:41:59.551000+00:00,2025-11-19 19:39:00+00:00,continuous,88743.5,88808.0,88640.2,88756.9,59569717.8017
2025-11-19 19:44:59.957000+00:00,2025-11-19 19:42:00+00:00,continuous,88757.0,88867.1,88653.6,88689.9,38817259.25139987
2025-11-19 19:47:59.927000+00:00,2025-11-19 19:45:00+00:00,continuous,88690.0,88775.8,88600.0,88663.3,52058288.875400126
2025-11-19 19:50:59.526000+00:00,2025-11-19 19:48:00+00:00,continuous,88663.3,88851.8,88637.7,88808.4,36874420.19940006
2025-11-19 19:53:59.951000+00:00,2025-11-19 19:51:00+00:00,continuous,88808.3,88994.3,88808.3,88982.4,42656945.82349987
2025-11-19 19:56:59.684000+00:00,2025-11-19 19:54:00+00:00,continuous,88982.5,89071.2,88948.2,89021.6,39567606.67370004
2025-11-19 19:59:59.969000+00:00,2025-11-19 19:57:00+00:00,continuous,89021.6,89026.2,88800.0,88857.7,33444696.67330007
2025-11-19 20:02:59.974000+00:00,2025-11-19 20:00:00+00:00,continuous,88857.8,88901.2,88741.5,88774.0,25708873.843800027
2025-11-19 20:05:59.879000+00:00,2025-11-19 20:03:00+00:00,continuous,88773.9,88777.7,88653.1,88695.1,34361659.38249998
2025-11-19 20:08:59.816000+00:00,2025-11-19 20:06:00+00:00,continuous,88695.1,88754.7,88634.1,88652.2,22816890.556700066
2025-11-19 20:11:59.981000+00:00,2025-11-19 20:09:00+00:00,continuous,88652.2,88717.1,88564.4,88717.1,52415343.30499986
2025-11-19 20:14:59.970000+00:00,2025-11-19 20:12:00+00:00,continuous,88717.0,88727.0,88596.6,88689.3,35565386.35129991
2025-11-19 20:17:59.810000+00:00,2025-11-19 20:15:00+00:00,continuous,88689.3,88843.0,88689.3,88794.0,37449075.59640002
2025-11-19 20:20:59.874000+00:00,2025-11-19 20:18:00+00:00,continuous,88794.0,89109.9,88780.1,89094.1,79847836.30850004
2025-11-19 20:23:59.934000+00:00,2025-11-19 20:21:00+00:00,continuous,89094.2,89200.0,89014.4,89020.4,66637111.05899989
2025-11-19 20:26:59.791000+00:00,2025-11-19 20:24:00+00:00,continuous,89020.5,89227.7,88992.9,89150.1,47317668.93449997
2025-11-19 20:29:59.878000+00:00,2025-11-19 20:27:00+00:00,continuous,89150.0,89359.6,89150.0,89359.5,55460484.983899966
2025-11-19 20:32:59.926000+00:00,2025-11-19 20:30:00+00:00,continuous,89359.6,89375.0,89116.4,89187.2,50907471.19020006
2025-11-19 20:35:59.981000+00:00,2025-11-19 20:33:00+00:00,continuous,89187.3,89426.5,89146.7,89416.2,51568629.27029989
2025-11-19 20:38:59.950000+00:00,2025-11-19 20:36:00+00:00,continuous,89416.2,89496.8,89309.5,89320.8,44622565.099099874
2025-11-19 20:41:59.875000+00:00,2025-11-19 20:39:00+00:00,continuous,89320.8,89333.1,89125.0,89125.0,27791404.06390001
2025-11-19 20:44:59.338000+00:00,2025-11-19 20:42:00+00:00,continuous,89125.0,89182.6,89067.6,89156.4,22575080.053399976
2025-11-19 20:47:59.340000+00:00,2025-11-19 20:45:00+00:00,continuous,89156.5,89236.0,89055.0,89214.2,24611348.315799933
2025-11-19 20:50:59.999000+00:00,2025-11-19 20:48:00+00:00,continuous,89214.1,89358.6,89150.9,89312.7,25691267.590800036
2025-11-19 20:53:59.998000+00:00,2025-11-19 20:51:00+00:00,continuous,89312.7,89521.2,89305.7,89460.0,66416895.20489988
2025-11-19 20:56:59.828000+00:00,2025-11-19 20:54:00+00:00,continuous,89460.1,89627.7,89432.2,89495.2,117364228.97259955
2025-11-19 20:59:59.967000+00:00,2025-11-19 20:57:00+00:00,continuous,89495.3,89673.8,89403.2,89472.8,150227792.32270008
2025-11-19 21:02:59.999000+00:00,2025-11-19 21:00:00+00:00,continuous,89472.9,89580.1,89401.7,89495.8,46805879.07939979
2025-11-19 21:05:59.979000+00:00,2025-11-19 21:03:00+00:00,continuous,89495.7,89820.1,89484.7,89799.2,56295259.70930013
2025-11-19 21:08:59.819000+00:00,2025-11-19 21:06:00+00:00,continuous,89799.3,89873.3,89737.9,89826.3,45821033.91840016
2025-11-19 21:11:59.735000+00:00,2025-11-19 21:09:00+00:00,continuous,89826.2,89887.1,89560.2,89586.4,43349807.525299996
2025-11-19 21:14:59.944000+00:00,2025-11-19 21:12:00+00:00,continuous,89586.5,89686.9,89552.2,89640.0,24444280.98090004
2025-11-19 21:17:59.974000+00:00,2025-11-19 21:15:00+00:00,continuous,89640.1,89879.3,89640.0,89789.8,30666284.851299934
2025-11-19 21:20:59.888000+00:00,2025-11-19 21:18:00+00:00,continuous,89789.7,90368.5,89789.7,90354.8,159336830.4896004
2025-11-19 21:23:59.942000+00:00,2025-11-19 21:21:00+00:00,continuous,90354.7,90806.1,90284.1,90545.3,263349622.62530103
2025-11-19 21:26:59.926000+00:00,2025-11-19 21:24:00+00:00,continuous,90545.4,90688.4,90246.2,90338.1,112465614.34669971
2025-11-19 21:29:59.999000+00:00,2025-11-19 21:27:00+00:00,continuous,90338.1,90344.4,89980.2,90073.0,77015891.55649969
2025-11-19 21:32:59.874000+00:00,2025-11-19 21:30:00+00:00,continuous,90073.0,90326.5,90018.7,90308.4,46604119.66590008
2025-11-19 21:35:59.960000+00:00,2025-11-19 21:33:00+00:00,continuous,90308.5,90444.0,90261.9,90373.9,45461591.71240013
2025-11-19 21:38:59.740000+00:00,2025-11-19 21:36:00+00:00,continuous,90373.9,90588.0,90373.9,90403.2,55959735.93680003
2025-11-19 21:41:59.977000+00:00,2025-11-19 21:39:00+00:00,continuous,90403.3,90485.9,90169.0,90263.1,32288736.427500043
2025-11-19 21:44:59.965000+00:00,2025-11-19 21:42:00+00:00,continuous,90263.0,90462.0,90234.4,90462.0,20907915.6891
2025-11-19 21:47:59.997000+00:00,2025-11-19 21:45:00+00:00,continuous,90461.9,90624.4,90441.5,90530.8,41687219.75519999
2025-11-19 21:50:59.331000+00:00,2025-11-19 21:48:00+00:00,continuous,90530.8,90530.8,90348.3,90397.5,24036376.824700043
2025-11-19 21:53:59.659000+00:00,2025-11-19 21:51:00+00:00,continuous,90397.6,90633.0,90386.8,90579.5,24235095.23759999
2025-11-19 21:56:59.478000+00:00,2025-11-19 21:54:00+00:00,continuous,90579.4,90716.5,90579.4,90701.1,23543023.074399974
2025-11-19 21:59:59.906000+00:00,2025-11-19 21:57:00+00:00,continuous,90701.0,90714.8,90531.4,90553.9,32510393.002100013
2025-11-19 22:02:59.951000+00:00,2025-11-19 22:00:00+00:00,continuous,90553.8,90585.2,90298.0,90367.8,43249448.26330008
2025-11-19 22:05:59.885000+00:00,2025-11-19 22:03:00+00:00,continuous,90367.8,90468.1,90318.9,90319.0,25229640.476499934
2025-11-19 22:08:59.800000+00:00,2025-11-19 22:06:00+00:00,continuous,90318.9,90500.0,90309.9,90472.6,28028692.502400007
2025-11-19 22:11:59.885000+00:00,2025-11-19 22:09:00+00:00,continuous,90472.6,90478.3,90340.5,90340.5,14141235.987000003
2025-11-19 22:14:59.829000+00:00,2025-11-19 22:12:00+00:00,continuous,90340.6,90415.0,90300.0,90300.1,13271195.24440001
2025-11-19 22:17:59.763000+00:00,2025-11-19 22:15:00+00:00,continuous,90300.0,90357.5,90200.0,90252.1,24020130.641700048
2025-11-19 22:20:59.865000+00:00,2025-11-19 22:18:00+00:00,continuous,90252.1,90309.1,90092.0,90156.1,22796195.034999993
2025-11-19 22:23:59.889000+00:00,2025-11-19 22:21:00+00:00,continuous,90156.1,90198.1,90055.6,90170.0,39709861.53379989
2025-11-19 22:26:59.955000+00:00,2025-11-19 22:24:00+00:00,continuous,90169.9,90311.8,90130.0,90286.1,17337740.173699986
2025-11-19 22:29:59.948000+00:00,2025-11-19 22:27:00+00:00,continuous,90286.1,90598.2,90286.0,90541.0,27126929.05580003
2025-11-19 22:32:59.714000+00:00,2025-11-19 22:30:00+00:00,continuous,90541.1,90588.0,90450.2,90470.0,19099297.028400082
2025-11-19 22:35:59.731000+00:00,2025-11-19 22:33:00+00:00,continuous,90470.0,90558.2,90347.4,90347.5,10654997.635000026
2025-11-19 22:38:59.484000+00:00,2025-11-19 22:36:00+00:00,continuous,90347.5,90482.0,90347.4,90370.8,12549716.866600003
2025-11-19 22:41:59.517000+00:00,2025-11-19 22:39:00+00:00,continuous,90370.8,90500.0,90346.1,90477.4,9903391.333499974
2025-11-19 22:44:59.947000+00:00,2025-11-19 22:42:00+00:00,continuous,90477.5,90547.2,90457.1,90466.0,9424495.825499993
2025-11-19 22:47:59.687000+00:00,2025-11-19 22:45:00+00:00,continuous,90465.9,90470.6,90278.4,90376.5,11920750.451899998
2025-11-19 22:50:59.013000+00:00,2025-11-19 22:48:00+00:00,continuous,90376.5,90470.7,90376.4,90458.8,7330286.773000006
2025-11-19 22:53:59.589000+00:00,2025-11-19 22:51:00+00:00,continuous,90458.8,90458.8,90358.3,90437.3,6868574.772800002
2025-11-19 22:56:59.865000+00:00,2025-11-19 22:54:00+00:00,continuous,90437.3,90467.5,90360.1,90360.1,9607362.506699992
2025-11-19 22:59:59.804000+00:00,2025-11-19 22:57:00+00:00,continuous,90360.2,90511.2,90360.1,90434.3,16383349.567999994
2025-11-19 23:02:59.920000+00:00,2025-11-19 23:00:00+00:00,continuous,90434.4,90713.8,90434.4,90709.0,31860650.189699955
2025-11-19 23:05:59.946000+00:00,2025-11-19 23:03:00+00:00,continuous,90708.9,90986.8,90680.6,90911.7,95928844.26440047
2025-11-19 23:08:59.958000+00:00,2025-11-19 23:06:00+00:00,continuous,90911.7,91218.8,90814.0,91164.9,144462605.22949976
2025-11-19 23:11:59.976000+00:00,2025-11-19 23:09:00+00:00,continuous,91165.0,91342.7,91165.0,91251.4,63596300.62660008
2025-11-19 23:14:59.947000+00:00,2025-11-19 23:12:00+00:00,continuous,91251.5,91294.2,91100.7,91293.6,28436818.792000007
2025-11-19 23:17:59.974000+00:00,2025-11-19 23:15:00+00:00,continuous,91293.6,91400.0,91154.7,91390.5,131867872.43849906
2025-11-19 23:20:59.988000+00:00,2025-11-19 23:18:00+00:00,continuous,91390.5,91425.1,91350.8,91384.1,32829487.783999927
2025-11-19 23:23:59.772000+00:00,2025-11-19 23:21:00+00:00,continuous,91384.0,91471.3,91366.3,91411.3,47654643.903900094
2025-11-19 23:26:59.685000+00:00,2025-11-19 23:24:00+00:00,continuous,91411.3,91488.8,91388.8,91473.7,48399915.29950008
2025-11-19 23:29:59.978000+00:00,2025-11-19 23:27:00+00:00,continuous,91473.7,91473.8,91340.0,91349.1,31549270.595999964
2025-11-19 23:32:59.950000+00:00,2025-11-19 23:30:00+00:00,continuous,91349.1,91408.0,91260.5,91380.5,42643320.76550007
2025-11-19 23:35:59.956000+00:00,2025-11-19 23:33:00+00:00,continuous,91380.6,91429.5,91283.4,91429.5,27747802.651900057
2025-11-19 23:38:59.464000+00:00,2025-11-19 23:36:00+00:00,continuous,91429.5,91443.0,91378.4,91406.1,16953267.320199966
2025-11-19 23:41:59.910000+00:00,2025-11-19 23:39:00+00:00,continuous,91406.2,91459.0,91286.4,91329.7,39327626.43210002
2025-11-19 23:44:59.734000+00:00,2025-11-19 23:42:00+00:00,continuous,91329.8,91365.6,91205.0,91236.0,23550353.64749994
2025-11-19 23:47:59.806000+00:00,2025-11-19 23:45:00+00:00,continuous,91236.0,91329.8,91213.5,91302.2,21994747.178200062
2025-11-19 23:50:59.950000+00:00,2025-11-19 23:48:00+00:00,continuous,91302.3,91344.3,91223.1,91254.8,20458396.963900007
2025-11-19 23:53:59.977000+00:00,2025-11-19 23:51:00+00:00,continuous,91254.8,91308.6,91254.5,91308.6,14949436.737800011
2025-11-19 23:56:59.853000+00:00,2025-11-19 23:54:00+00:00,continuous,91308.8,91554.9,91308.8,91500.0,73568083.65320022
2025-11-19 23:59:59.832000+00:00,2025-11-19 23:57:00+00:00,continuous,91500.1,91540.4,91439.9,91508.9,31479147.116300043
2025-11-20 00:02:59.945000+00:00,2025-11-20 00:00:00+00:00,continuous,91509.0,91518.0,91314.0,91367.8,39672435.742299974
2025-11-20 00:05:59.909000+00:00,2025-11-20 00:03:00+00:00,continuous,91367.9,91442.9,91251.0,91257.4,24145794.61739996
2025-11-20 00:08:59.768000+00:00,2025-11-20 00:06:00+00:00,continuous,91257.5,91291.3,91140.2,91281.9,27311744.22510006
2025-11-20 00:11:59.818000+00:00,2025-11-20 00:09:00+00:00,continuous,91281.9,91338.3,91258.2,91338.3,10589139.306000015
2025-11-20 00:14:59.664000+00:00,2025-11-20 00:12:00+00:00,continuous,91338.3,91466.8,91337.8,91444.0,14831151.231299989
2025-11-20 00:17:59.995000+00:00,2025-11-20 00:15:00+00:00,continuous,91444.0,91593.0,91383.1,91592.9,26568714.911600076
2025-11-20 00:20:59.997000+00:00,2025-11-20 00:18:00+00:00,continuous,91593.0,91690.0,91585.4,91679.1,50663849.83069993
2025-11-20 00:23:59.848000+00:00,2025-11-20 00:21:00+00:00,continuous,91679.1,91790.8,91606.5,91751.3,36232624.96799999
2025-11-20 00:26:59.995000+00:00,2025-11-20 00:24:00+00:00,continuous,91751.4,91799.0,91686.0,91773.0,28517284.522700038
2025-11-20 00:29:59.598000+00:00,2025-11-20 00:27:00+00:00,continuous,91773.1,91870.0,91758.9,91808.0,35570669.731899954
2025-11-20 00:32:59.992000+00:00,2025-11-20 00:30:00+00:00,continuous,91807.9,92043.6,91807.9,91992.3,98007179.11709979
2025-11-20 00:35:59.928000+00:00,2025-11-20 00:33:00+00:00,continuous,91992.4,92175.3,91969.6,92166.5,56837788.325100146
2025-11-20 00:38:59.986000+00:00,2025-11-20 00:36:00+00:00,continuous,92166.4,92272.6,92023.9,92024.0,63632905.46279983
2025-11-20 00:41:59.874000+00:00,2025-11-20 00:39:00+00:00,continuous,92023.9,92095.8,91969.6,92092.3,38354882.156800054
2025-11-20 00:44:59.638000+00:00,2025-11-20 00:42:00+00:00,continuous,92092.4,92196.5,92061.1,92187.8,22749900.571199983
2025-11-20 00:47:59.925000+00:00,2025-11-20 00:45:00+00:00,continuous,92187.8,92214.1,92052.9,92141.7,29487399.90259998
2025-11-20 00:50:59.929000+00:00,2025-11-20 00:48:00+00:00,continuous,92141.7,92149.4,91888.0,91888.2,43787955.16520006
2025-11-20 00:53:59.862000+00:00,2025-11-20 00:51:00+00:00,continuous,91888.2,91931.9,91828.6,91883.3,68659169.33310005
2025-11-20 00:56:59.910000+00:00,2025-11-20 00:54:00+00:00,continuous,91883.6,91964.2,91814.1,91842.0,25388076.388600044
2025-11-20 00:59:59.923000+00:00,2025-11-20 00:57:00+00:00,continuous,91842.0,91889.9,91809.1,91850.1,15179071.278800014
2025-11-20 01:02:59.893000+00:00,2025-11-20 01:00:00+00:00,continuous,91850.1,91886.1,91777.1,91821.8,20891159.07100001
2025-11-20 01:05:59.980000+00:00,2025-11-20 01:03:00+00:00,continuous,91821.9,91970.0,91821.8,91970.0,23681492.824099977
2025-11-20 01:08:59.933000+00:00,2025-11-20 01:06:00+00:00,continuous,91969.9,92267.9,91969.9,92184.2,94800796.68599969
2025-11-20 01:11:59.977000+00:00,2025-11-20 01:09:00+00:00,continuous,92184.2,92294.4,92179.6,92287.7,23791045.75520008
2025-11-20 01:14:59.974000+00:00,2025-11-20 01:12:00+00:00,continuous,92287.6,92300.5,92148.3,92170.7,50531427.2422001
2025-11-20 01:17:59.767000+00:00,2025-11-20 01:15:00+00:00,continuous,92170.8,92289.2,92102.1,92274.3,41106233.61089994
2025-11-20 01:20:59.897000+00:00,2025-11-20 01:18:00+00:00,continuous,92274.3,92478.0,92230.0,92413.8,66255957.39289991
2025-11-20 01:23:59.868000+00:00,2025-11-20 01:21:00+00:00,continuous,92413.8,92439.5,92236.4,92265.2,39882684.54139997
2025-11-20 01:26:59.517000+00:00,2025-11-20 01:24:00+00:00,continuous,92265.3,92300.0,92183.9,92200.0,19742489.789100006
2025-11-20 01:29:59.859000+00:00,2025-11-20 01:27:00+00:00,continuous,92200.0,92243.5,92093.0,92192.9,60829602.72340032
2025-11-20 01:32:59.904000+00:00,2025-11-20 01:30:00+00:00,continuous,92193.0,92360.0,92193.0,92360.0,24993100.89049999
2025-11-20 01:35:59.759000+00:00,2025-11-20 01:33:00+00:00,continuous,92360.0,92689.4,92359.9,92592.0,70052489.13600004
2025-11-20 01:38:59.948000+00:00,2025-11-20 01:36:00+00:00,continuous,92591.9,92616.4,92471.1,92506.8,26490532.911800005
2025-11-20 01:41:59.487000+00:00,2025-11-20 01:39:00+00:00,continuous,92506.8,92534.3,92415.2,92472.5,20070226.719100013
2025-11-20 01:44:59.856000+00:00,2025-11-20 01:42:00+00:00,continuous,92472.5,92546.1,92422.1,92527.9,16152813.212600054
2025-11-20 01:47:59.770000+00:00,2025-11-20 01:45:00+00:00,continuous,92527.8,92616.1,92498.7,92536.1,24332868.967500046
2025-11-20 01:50:59.894000+00:00,2025-11-20 01:48:00+00:00,continuous,92536.1,92556.0,92428.1,92493.1,20775916.873700086
2025-11-20 01:53:59.964000+00:00,2025-11-20 01:51:00+00:00,continuous,92493.0,92568.2,92458.0,92563.4,17779938.7869
2025-11-20 01:56:59.886000+00:00,2025-11-20 01:54:00+00:00,continuous,92563.4,92624.9,92489.7,92506.2,20706953.4696
2025-11-20 01:59:59.728000+00:00,2025-11-20 01:57:00+00:00,continuous,92506.1,92556.0,92471.0,92556.0,22740234.995699942
2025-11-20 02:02:59.871000+00:00,2025-11-20 02:00:00+00:00,continuous,92556.0,92566.9,92459.4,92459.5,34543520.607499994
2025-11-20 02:05:59.888000+00:00,2025-11-20 02:03:00+00:00,continuous,92459.5,92758.7,92448.1,92725.1,43112966.07170003
2025-11-20 02:08:59.941000+00:00,2025-11-20 02:06:00+00:00,continuous,92725.1,92760.0,92465.0,92467.4,55181731.44230016
2025-11-20 02:11:59.857000+00:00,2025-11-20 02:09:00+00:00,continuous,92467.1,92480.0,92343.1,92418.6,64105332.18560009
2025-11-20 02:14:59.947000+00:00,2025-11-20 02:12:00+00:00,continuous,92418.7,92629.3,92410.3,92629.3,31649733.45310009
2025-11-20 02:17:59.746000+00:00,2025-11-20 02:15:00+00:00,continuous,92629.2,92682.6,92556.2,92653.2,25435878.827300016
2025-11-20 02:20:59.906000+00:00,2025-11-20 02:18:00+00:00,continuous,92653.1,92685.8,92500.0,92503.9,19666711.023100004
2025-11-20 02:23:59.701000+00:00,2025-11-20 02:21:00+00:00,continuous,92504.0,92534.2,92431.8,92452.4,27714921.420800053
2025-11-20 02:26:59.871000+00:00,2025-11-20 02:24:00+00:00,continuous,92452.5,92559.6,92401.6,92552.0,23833332.440899927
2025-11-20 02:29:59.748000+00:00,2025-11-20 02:27:00+00:00,continuous,92552.0,92553.0,92457.6,92457.8,14661803.337
2025-11-20 02:32:59.669000+00:00,2025-11-20 02:30:00+00:00,continuous,92457.8,92550.1,92376.7,92438.1,23150260.98149997
2025-11-20 02:35:59.852000+00:00,2025-11-20 02:33:00+00:00,continuous,92438.1,92538.7,92438.1,92519.9,16316341.74779997
2025-11-20 02:38:59.335000+00:00,2025-11-20 02:36:00+00:00,continuous,92520.0,92552.4,92446.0,92454.0,13962687.6941
2025-11-20 02:41:59.883000+00:00,2025-11-20 02:39:00+00:00,continuous,92454.0,92553.2,92448.7,92539.3,18392415.233700026
2025-11-20 02:44:59.933000+00:00,2025-11-20 02:42:00+00:00,continuous,92539.3,92539.3,92298.1,92369.7,36275433.73630001
2025-11-20 02:47:58.834000+00:00,2025-11-20 02:45:00+00:00,continuous,92369.7,92370.1,92288.0,92351.2,25447119.26519998
2025-11-20 02:50:59.868000+00:00,2025-11-20 02:48:00+00:00,continuous,92351.3,92579.8,92351.2,92565.9,24007742.464800023
2025-11-20 02:53:59.925000+00:00,2025-11-20 02:51:00+00:00,continuous,92565.9,92588.0,92522.8,92587.9,17810312.927399997
2025-11-20 02:56:59.905000+00:00,2025-11-20 02:54:00+00:00,continuous,92588.0,92694.3,92541.7,92648.5,33741531.18009999
2025-11-20 02:59:59.546000+00:00,2025-11-20 02:57:00+00:00,continuous,92648.5,92668.0,92511.0,92555.9,19912596.529900003
2025-11-20 03:02:59.699000+00:00,2025-11-20 03:00:00+00:00,continuous,92556.0,92645.0,92555.9,92573.9,17634536.134800002
2025-11-20 03:05:59.615000+00:00,2025-11-20 03:03:00+00:00,continuous,92573.8,92600.0,92521.9,92521.9,14885721.831899961
2025-11-20 03:08:59.988000+00:00,2025-11-20 03:06:00+00:00,continuous,92521.9,92549.1,92464.2,92464.3,20036840.234800044
2025-11-20 03:11:59.907000+00:00,2025-11-20 03:09:00+00:00,continuous,92464.2,92471.6,92391.6,92391.6,23455245.319500014
2025-11-20 03:14:59.838000+00:00,2025-11-20 03:12:00+00:00,continuous,92391.6,92484.1,92368.1,92396.6,28995397.13790001
2025-11-20 03:17:58.757000+00:00,2025-11-20 03:15:00+00:00,continuous,92396.6,92482.8,92396.6,92478.5,26455225.948000036
2025-11-20 03:20:59.722000+00:00,2025-11-20 03:18:00+00:00,continuous,92478.6,92647.3,92478.6,92647.3,21051996.6559
2025-11-20 03:23:59.579000+00:00,2025-11-20 03:21:00+00:00,continuous,92647.2,92656.0,92564.1,92649.2,27572024.171799917
2025-11-20 03:26:59.038000+00:00,2025-11-20 03:24:00+00:00,continuous,92649.2,92692.3,92562.4,92563.6,15699378.373699991
2025-11-20 03:29:59.836000+00:00,2025-11-20 03:27:00+00:00,continuous,92563.6,92635.3,92336.0,92351.1,34784324.65940007
2025-11-20 03:32:59.973000+00:00,2025-11-20 03:30:00+00:00,continuous,92351.1,92554.6,92330.0,92480.9,24338217.167600002
2025-11-20 03:35:59.796000+00:00,2025-11-20 03:33:00+00:00,continuous,92480.8,92635.3,92424.6,92469.6,31717705.031900007
2025-11-20 03:38:59.691000+00:00,2025-11-20 03:36:00+00:00,continuous,92469.6,92499.9,92378.2,92427.8,25289987.641500052
2025-11-20 03:41:59.689000+00:00,2025-11-20 03:39:00+00:00,continuous,92427.8,92595.3,92427.8,92564.8,15082148.013600016
2025-11-20 03:44:59.988000+00:00,2025-11-20 03:42:00+00:00,continuous,92564.8,92582.9,92414.8,92441.6,22049705.725899994
2025-11-20 03:47:59.845000+00:00,2025-11-20 03:45:00+00:00,continuous,92441.7,92500.0,92389.6,92500.0,20251626.86309997
2025-11-20 03:50:59.979000+00:00,2025-11-20 03:48:00+00:00,continuous,92499.9,92534.5,92404.9,92461.1,22198489.738200016
2025-11-20 03:53:59.395000+00:00,2025-11-20 03:51:00+00:00,continuous,92461.2,92476.1,92405.0,92468.7,15531447.276299996
2025-11-20 03:56:59.634000+00:00,2025-11-20 03:54:00+00:00,continuous,92468.8,92477.1,92380.0,92477.1,18773918.9101
2025-11-20 03:59:59.998000+00:00,2025-11-20 03:57:00+00:00,continuous,92477.0,92520.4,92400.0,92404.6,18960515.61829996
2025-11-20 04:02:59.357000+00:00,2025-11-20 04:00:00+00:00,continuous,92404.7,92451.5,92375.3,92400.9,24481298.004500065
2025-11-20 04:05:59.521000+00:00,2025-11-20 04:03:00+00:00,continuous,92401.0,92480.0,92386.5,92404.3,26471192.542899918
2025-11-20 04:08:59.806000+00:00,2025-11-20 04:06:00+00:00,continuous,92404.3,92438.0,92342.3,92355.1,17264212.506100032
2025-11-20 04:11:59.803000+00:00,2025-11-20 04:09:00+00:00,continuous,92355.2,92467.4,92342.7,92467.3,36197098.64539998
2025-11-20 04:14:59.512000+00:00,2025-11-20 04:12:00+00:00,continuous,92467.3,92523.6,92431.4,92431.4,18553778.834199965
2025-11-20 04:17:59.984000+00:00,2025-11-20 04:15:00+00:00,continuous,92431.4,92431.5,92261.6,92261.6,31105236.32590001
2025-11-20 04:20:59.882000+00:00,2025-11-20 04:18:00+00:00,continuous,92261.7,92294.3,92093.5,92199.9,83325249.99409992
2025-11-20 04:23:59.948000+00:00,2025-11-20 04:21:00+00:00,continuous,92200.0,92297.7,92200.0,92265.1,32061954.380199894
2025-11-20 04:26:59.784000+00:00,2025-11-20 04:24:00+00:00,continuous,92265.1,92300.0,92216.6,92251.2,19128008.80840005
2025-11-20 04:29:59.651000+00:00,2025-11-20 04:27:00+00:00,continuous,92251.1,92325.0,92224.8,92266.8,13405835.638699973
2025-11-20 04:32:59.895000+00:00,2025-11-20 04:30:00+00:00,continuous,92266.9,92379.9,92266.8,92340.9,22666351.62919995
2025-11-20 04:35:59.945000+00:00,2025-11-20 04:33:00+00:00,continuous,92340.9,92341.0,92252.4,92257.8,12214214.719399992
2025-11-20 04:38:59.347000+00:00,2025-11-20 04:36:00+00:00,continuous,92257.7,92345.0,92233.4,92263.7,21335512.45959994
2025-11-20 04:41:59.474000+00:00,2025-11-20 04:39:00+00:00,continuous,92263.7,92283.3,92208.1,92208.2,20814271.20360008
2025-11-20 04:44:59.656000+00:00,2025-11-20 04:42:00+00:00,continuous,92208.2,92300.0,92156.3,92278.0,30259678.18680001
2025-11-20 04:47:59.867000+00:00,2025-11-20 04:45:00+00:00,continuous,92277.9,92427.9,92260.9,92400.1,49335862.15710003
2025-11-20 04:50:59.631000+00:00,2025-11-20 04:48:00+00:00,continuous,92400.1,92596.0,92400.0,92560.7,58228139.34799989
2025-11-20 04:53:59.828000+00:00,2025-11-20 04:51:00+00:00,continuous,92560.6,92654.0,92474.1,92598.0,62565677.5843002
2025-11-20 04:56:59.773000+00:00,2025-11-20 04:54:00+00:00,continuous,92598.0,92702.2,92575.4,92689.2,69214582.54399993
2025-11-20 04:59:59.998000+00:00,2025-11-20 04:57:00+00:00,continuous,92689.1,92960.0,92655.0,92936.7,165456060.16779953
2025-11-20 05:02:59.931000+00:00,2025-11-20 05:00:00+00:00,continuous,92936.6,92975.9,92815.8,92883.5,90986023.05680005
2025-11-20 05:05:59.976000+00:00,2025-11-20 05:03:00+00:00,continuous,92883.5,93031.4,92875.9,93018.8,88614505.43359958
2025-11-20 05:08:59.794000+00:00,2025-11-20 05:06:00+00:00,continuous,93018.9,93150.0,92943.0,93021.6,91365797.45759961
2025-11-20 05:11:59.945000+00:00,2025-11-20 05:09:00+00:00,continuous,93021.6,93021.6,92809.6,92824.7,36672531.59189995
2025-11-20 05:14:59.708000+00:00,2025-11-20 05:12:00+00:00,continuous,92824.6,92874.7,92782.4,92846.4,23829692.19460002
2025-11-20 05:17:59.746000+00:00,2025-11-20 05:15:00+00:00,continuous,92846.4,92896.0,92777.7,92794.4,27041017.32810002
2025-11-20 05:20:59.945000+00:00,2025-11-20 05:18:00+00:00,continuous,92794.3,92843.3,92746.0,92746.2,31520346.05559997
2025-11-20 05:23:59.552000+00:00,2025-11-20 05:21:00+00:00,continuous,92746.1,92770.0,92734.6,92736.3,14197766.614599984
2025-11-20 05:26:59.836000+00:00,2025-11-20 05:24:00+00:00,continuous,92736.4,92776.1,92643.1,92656.8,29224537.1396
2025-11-20 05:29:59.828000+00:00,2025-11-20 05:27:00+00:00,continuous,92656.8,92686.3,92628.2,92653.9,18837641.854399964
2025-11-20 05:32:59.839000+00:00,2025-11-20 05:30:00+00:00,continuous,92653.9,92665.2,92581.6,92629.9,17503717.506399978
2025-11-20 05:35:59.980000+00:00,2025-11-20 05:33:00+00:00,continuous,92629.8,92638.6,92576.7,92616.0,12137781.425899992
2025-11-20 05:38:59.502000+00:00,2025-11-20 05:36:00+00:00,continuous,92616.0,92616.0,92540.8,92561.2,11564754.632700002
2025-11-20 05:41:59.815000+00:00,2025-11-20 05:39:00+00:00,continuous,92561.1,92593.7,92553.6,92553.6,10713018.900300004
2025-11-20 05:44:59.712000+00:00,2025-11-20 05:42:00+00:00,continuous,92553.7,92574.8,92538.6,92538.6,8548164.627600007
2025-11-20 05:47:59.573000+00:00,2025-11-20 05:45:00+00:00,continuous,92538.7,92715.5,92533.7,92683.7,18492094.84940003
2025-11-20 05:50:59.944000+00:00,2025-11-20 05:48:00+00:00,continuous,92683.7,92683.8,92613.7,92666.6,13193923.62000001
2025-11-20 05:53:59.226000+00:00,2025-11-20 05:51:00+00:00,continuous,92666.6,92666.7,92605.8,92618.4,11586330.874899989
2025-11-20 05:56:59.895000+00:00,2025-11-20 05:54:00+00:00,continuous,92618.5,92684.9,92611.8,92623.2,10123869.430199975
2025-11-20 05:59:59.839000+00:00,2025-11-20 05:57:00+00:00,continuous,92623.2,92623.3,92552.3,92581.7,8828165.681499999
2025-11-20 06:02:59.852000+00:00,2025-11-20 06:00:00+00:00,continuous,92581.6,92666.5,92572.3,92589.3,9981071.1698
2025-11-20 06:05:59.688000+00:00,2025-11-20 06:03:00+00:00,continuous,92589.3,92680.0,92576.3,92668.0,9554689.68759998
2025-11-20 06:08:59.873000+00:00,2025-11-20 06:06:00+00:00,continuous,92667.9,92819.3,92667.9,92790.1,18794939.48489997
2025-11-20 06:11:59.976000+00:00,2025-11-20 06:09:00+00:00,continuous,92790.0,92820.0,92744.2,92744.2,18075638.48669999
2025-11-20 06:14:59.835000+00:00,2025-11-20 06:12:00+00:00,continuous,92744.2,92744.2,92658.2,92658.2,9180609.032800023
2025-11-20 06:17:59.868000+00:00,2025-11-20 06:15:00+00:00,continuous,92658.2,92658.2,92583.7,92585.0,13302852.560099982
2025-11-20 06:20:59.639000+00:00,2025-11-20 06:18:00+00:00,continuous,92584.9,92614.7,92542.2,92549.9,14320971.743399976
2025-11-20 06:23:59.994000+00:00,2025-11-20 06:21:00+00:00,continuous,92550.0,92550.0,92410.0,92410.0,30722114.705900043
2025-11-20 06:26:59.970000+00:00,2025-11-20 06:24:00+00:00,continuous,92410.0,92448.8,92367.2,92445.2,34584453.77300003
2025-11-20 06:29:59.772000+00:00,2025-11-20 06:27:00+00:00,continuous,92445.2,92450.0,92403.9,92423.5,17093869.361300003
2025-11-20 06:32:59.882000+00:00,2025-11-20 06:30:00+00:00,continuous,92423.5,92471.7,92361.0,92361.1,20746419.338700045
2025-11-20 06:35:59.827000+00:00,2025-11-20 06:33:00+00:00,continuous,92361.1,92370.0,92188.0,92199.2,80958476.2415001
2025-11-20 06:38:59.869000+00:00,2025-11-20 06:36:00+00:00,continuous,92199.2,92290.5,92185.0,92220.8,39446894.73670001
2025-11-20 06:41:59.992000+00:00,2025-11-20 06:39:00+00:00,continuous,92220.7,92220.8,92051.0,92051.0,92353959.58700025
2025-11-20 06:44:59.875000+00:00,2025-11-20 06:42:00+00:00,continuous,92051.1,92077.4,91746.3,91800.0,152168032.26959953
2025-11-20 06:47:59.790000+00:00,2025-11-20 06:45:00+00:00,continuous,91800.0,91968.6,91800.0,91942.0,75557975.02850002
2025-11-20 06:50:59.964000+00:00,2025-11-20 06:48:00+00:00,continuous,91942.1,91958.0,91757.2,91760.9,36585797.12949993
2025-11-20 06:53:59.826000+00:00,2025-11-20 06:51:00+00:00,continuous,91760.9,91761.0,91640.2,91735.0,52657421.6548
2025-11-20 06:56:59.694000+00:00,2025-11-20 06:54:00+00:00,continuous,91735.0,91900.0,91716.4,91848.2,26917410.79560007
2025-11-20 06:59:59.897000+00:00,2025-11-20 06:57:00+00:00,continuous,91848.3,91938.7,91806.2,91938.1,17186103.073600013
2025-11-20 07:02:59.938000+00:00,2025-11-20 07:00:00+00:00,continuous,91938.2,91957.8,91795.0,91819.5,22044622.166099954
2025-11-20 07:05:59.890000+00:00,2025-11-20 07:03:00+00:00,continuous,91819.5,91900.0,91753.4,91840.5,14551568.616100015
2025-11-20 07:08:59.824000+00:00,2025-11-20 07:06:00+00:00,continuous,91840.5,91892.2,91802.0,91881.6,12821698.660699965
2025-11-20 07:11:59.921000+00:00,2025-11-20 07:09:00+00:00,continuous,91881.6,91965.8,91842.9,91961.8,15991432.758500002
2025-11-20 07:14:59.981000+00:00,2025-11-20 07:12:00+00:00,continuous,91961.8,92056.3,91844.5,92026.9,48917078.84039992
2025-11-20 07:17:59.573000+00:00,2025-11-20 07:15:00+00:00,continuous,92027.1,92040.5,91929.5,91932.3,21565429.740000013
2025-11-20 07:20:59.878000+00:00,2025-11-20 07:18:00+00:00,continuous,91932.3,91970.9,91894.4,91968.6,9385431.324000021
2025-11-20 07:23:59.987000+00:00,2025-11-20 07:21:00+00:00,continuous,91968.7,91968.7,91800.6,91835.6,17988772.834099993
2025-11-20 07:26:59.583000+00:00,2025-11-20 07:24:00+00:00,continuous,91835.8,91883.3,91804.4,91880.6,12183789.335799986
2025-11-20 07:29:59.940000+00:00,2025-11-20 07:27:00+00:00,continuous,91880.6,91954.4,91880.5,91899.2,14124185.015799986
2025-11-20 07:32:59.945000+00:00,2025-11-20 07:30:00+00:00,continuous,91899.3,92044.5,91899.2,92025.6,16975194.31190002
2025-11-20 07:35:59.667000+00:00,2025-11-20 07:33:00+00:00,continuous,92025.7,92129.5,92000.0,92063.1,23130439.35209998
2025-11-20 07:38:59.879000+00:00,2025-11-20 07:36:00+00:00,continuous,92063.0,92083.7,91975.1,92055.4,14890359.415100034
2025-11-20 07:41:59.850000+00:00,2025-11-20 07:39:00+00:00,continuous,92055.3,92125.3,92045.5,92118.8,15326414.259600008
2025-11-20 07:44:59.724000+00:00,2025-11-20 07:42:00+00:00,continuous,92118.7,92161.6,92030.0,92103.0,21693699.93090002
2025-11-20 07:47:59.693000+00:00,2025-11-20 07:45:00+00:00,continuous,92102.9,92259.7,92096.8,92227.2,39973533.17109995
2025-11-20 07:50:59.895000+00:00,2025-11-20 07:48:00+00:00,continuous,92227.2,92314.1,92227.2,92247.5,38383311.72580003
2025-11-20 07:53:59.733000+00:00,2025-11-20 07:51:00+00:00,continuous,92247.6,92358.0,92247.5,92314.0,32380533.892699983
2025-11-20 07:56:59.772000+00:00,2025-11-20 07:54:00+00:00,continuous,92314.0,92397.9,92303.9,92393.7,17891446.569299985
2025-11-20 07:59:59.996000+00:00,2025-11-20 07:57:00+00:00,continuous,92393.6,92393.7,92252.0,92267.4,16968917.731399994
2025-11-20 08:02:59.927000+00:00,2025-11-20 08:00:00+00:00,continuous,92267.5,92278.8,92147.5,92186.2,19410617.02819995
2025-11-20 08:05:59.892000+00:00,2025-11-20 08:03:00+00:00,continuous,92186.1,92236.7,92116.1,92217.4,13220944.94949999
2025-11-20 08:08:59.162000+00:00,2025-11-20 08:06:00+00:00,continuous,92217.4,92363.1,92217.3,92314.0,29307568.412900023
2025-11-20 08:11:59.839000+00:00,2025-11-20 08:09:00+00:00,continuous,92314.1,92351.9,92161.9,92170.2,17556360.607499983
2025-11-20 08:14:59.692000+00:00,2025-11-20 08:12:00+00:00,continuous,92170.1,92170.2,92063.1,92094.8,25929887.106300004
2025-11-20 08:17:59.442000+00:00,2025-11-20 08:15:00+00:00,continuous,92094.7,92200.0,92031.5,92199.9,20808378.05129994
2025-11-20 08:20:59.897000+00:00,2025-11-20 08:18:00+00:00,continuous,92199.9,92220.3,92155.4,92220.3,16561358.2272
2025-11-20 08:23:59.973000+00:00,2025-11-20 08:21:00+00:00,continuous,92220.3,92253.3,92138.1,92148.6,15811868.845300011
2025-11-20 08:26:59.851000+00:00,2025-11-20 08:24:00+00:00,continuous,92148.7,92154.4,92117.2,92120.9,9235682.242200004
2025-11-20 08:29:59.796000+00:00,2025-11-20 08:27:00+00:00,continuous,92121.0,92255.4,92121.0,92243.5,9557886.666899996
2025-11-20 08:32:59.648000+00:00,2025-11-20 08:30:00+00:00,continuous,92243.6,92243.6,92144.9,92179.8,9944017.421999987
2025-11-20 08:35:59.700000+00:00,2025-11-20 08:33:00+00:00,continuous,92179.9,92298.3,92179.9,92276.8,13208508.641699998
2025-11-20 08:38:59.756000+00:00,2025-11-20 08:36:00+00:00,continuous,92276.9,92298.1,92262.9,92276.8,8333665.4193
2025-11-20 08:41:59.538000+00:00,2025-11-20 08:39:00+00:00,continuous,92276.8,92276.8,92184.2,92221.6,11761800.362400044
2025-11-20 08:44:59.485000+00:00,2025-11-20 08:42:00+00:00,continuous,92221.7,92258.3,92176.5,92224.0,12251836.952400014
2025-11-20 08:47:59.585000+00:00,2025-11-20 08:45:00+00:00,continuous,92224.0,92288.8,92224.0,92255.0,9132602.694099998
2025-11-20 08:50:59.458000+00:00,2025-11-20 08:48:00+00:00,continuous,92255.0,92255.0,92137.0,92137.0,11567403.269899994
2025-11-20 08:53:59.688000+00:00,2025-11-20 08:51:00+00:00,continuous,92137.0,92147.2,92082.7,92110.3,20124698.761799946
2025-11-20 08:56:59.823000+00:00,2025-11-20 08:54:00+00:00,continuous,92110.4,92110.4,92000.0,92023.2,21994484.112900045
2025-11-20 08:59:59.910000+00:00,2025-11-20 08:57:00+00:00,continuous,92023.1,92083.9,92018.1,92082.3,19058653.48050005
2025-11-20 09:02:59.495000+00:00,2025-11-20 09:00:00+00:00,continuous,92082.2,92091.8,92026.3,92026.3,11568416.072399996
2025-11-20 09:05:59.786000+00:00,2025-11-20 09:03:00+00:00,continuous,92026.3,92026.4,91931.1,91954.7,29399530.384699993
2025-11-20 09:08:59.916000+00:00,2025-11-20 09:06:00+00:00,continuous,91954.6,92064.8,91954.6,92000.1,32042152.580099985
2025-11-20 09:11:59.715000+00:00,2025-11-20 09:09:00+00:00,continuous,92000.1,92066.0,92000.0,92064.9,14296261.683200005
2025-11-20 09:14:59.415000+00:00,2025-11-20 09:12:00+00:00,continuous,92065.0,92065.0,92018.1,92043.8,6221466.573000009
2025-11-20 09:17:59.918000+00:00,2025-11-20 09:15:00+00:00,continuous,92043.7,92067.1,91971.9,92023.0,9289110.729599992
2025-11-20 09:20:59.884000+00:00,2025-11-20 09:18:00+00:00,continuous,92023.0,92023.0,91879.0,91918.6,29422971.50810005
2025-11-20 09:23:59.852000+00:00,2025-11-20 09:21:00+00:00,continuous,91918.6,91918.6,91800.7,91891.2,21550913.896799996
2025-11-20 09:26:59.111000+00:00,2025-11-20 09:24:00+00:00,continuous,91891.3,91907.2,91840.0,91853.3,22104835.231599987
2025-11-20 09:29:59.842000+00:00,2025-11-20 09:27:00+00:00,continuous,91853.4,91862.9,91717.0,91778.5,23286724.097699996
2025-11-20 09:32:59.918000+00:00,2025-11-20 09:30:00+00:00,continuous,91778.4,91858.7,91740.3,91842.1,26382940.80040006
2025-11-20 09:35:59.833000+00:00,2025-11-20 09:33:00+00:00,continuous,91842.2,91900.0,91840.8,91893.4,15883774.287899975
2025-11-20 09:38:59.969000+00:00,2025-11-20 09:36:00+00:00,continuous,91893.4,91893.4,91775.4,91816.6,15451070.32670003
2025-11-20 09:41:59.949000+00:00,2025-11-20 09:39:00+00:00,continuous,91816.6,91827.9,91704.1,91723.5,18334700.075799994
2025-11-20 09:44:59.946000+00:00,2025-11-20 09:42:00+00:00,continuous,91723.5,91741.4,91650.1,91653.7,41555008.39389994
2025-11-20 09:47:59.833000+00:00,2025-11-20 09:45:00+00:00,continuous,91653.8,91664.6,91415.1,91539.1,96603790.2153001
2025-11-20 09:50:59.686000+00:00,2025-11-20 09:48:00+00:00,continuous,91539.1,91570.0,91388.5,91475.8,53815855.30389994
2025-11-20 09:53:59.962000+00:00,2025-11-20 09:51:00+00:00,continuous,91475.8,91783.4,91475.8,91769.5,55192298.701100215
2025-11-20 09:56:59.564000+00:00,2025-11-20 09:54:00+00:00,continuous,91769.5,91925.6,91750.0,91806.8,41912980.38600003
2025-11-20 09:59:59.997000+00:00,2025-11-20 09:57:00+00:00,continuous,91806.8,91874.1,91780.0,91874.1,22436511.205800127
2025-11-20 10:02:59.837000+00:00,2025-11-20 10:00:00+00:00,continuous,91874.2,91985.0,91859.1,91941.1,34102240.18470002
2025-11-20 10:05:59.615000+00:00,2025-11-20 10:03:00+00:00,continuous,91941.1,91984.2,91720.0,91739.1,37511870.51639997
2025-11-20 10:08:59.724000+00:00,2025-11-20 10:06:00+00:00,continuous,91739.2,91768.6,91640.2,91721.0,20661659.621599995
2025-11-20 10:11:59.859000+00:00,2025-11-20 10:09:00+00:00,continuous,91720.8,91725.6,91550.0,91574.8,29363949.092900034
2025-11-20 10:14:59.218000+00:00,2025-11-20 10:12:00+00:00,continuous,91574.9,91632.0,91561.4,91591.8,18909261.27589999
2025-11-20 10:17:59.896000+00:00,2025-11-20 10:15:00+00:00,continuous,91591.9,91683.4,91580.0,91650.6,18159837.89599997
2025-11-20 10:20:59.984000+00:00,2025-11-20 10:18:00+00:00,continuous,91650.6,91833.2,91650.6,91807.2,19260062.009799995
2025-11-20 10:23:59.385000+00:00,2025-11-20 10:21:00+00:00,continuous,91807.3,91819.9,91716.0,91755.9,9698788.803499997
2025-11-20 10:26:59.834000+00:00,2025-11-20 10:24:00+00:00,continuous,91755.8,91947.7,91747.5,91923.6,22041758.06970001
2025-11-20 10:29:59.820000+00:00,2025-11-20 10:27:00+00:00,continuous,91923.5,91953.0,91871.1,91933.6,15976095.1547
2025-11-20 10:32:59.885000+00:00,2025-11-20 10:30:00+00:00,continuous,91933.7,92030.9,91880.0,91920.3,31266832.604999974
2025-11-20 10:35:59.337000+00:00,2025-11-20 10:33:00+00:00,continuous,91920.4,91944.7,91816.4,91843.6,14577028.616599983
2025-11-20 10:38:59.190000+00:00,2025-11-20 10:36:00+00:00,continuous,91843.6,91851.7,91771.8,91782.0,21131232.10780001
2025-11-20 10:41:59.695000+00:00,2025-11-20 10:39:00+00:00,continuous,91782.0,91782.0,91691.5,91700.1,23056885.017099973
2025-11-20 10:44:59.527000+00:00,2025-11-20 10:42:00+00:00,continuous,91700.2,91768.6,91700.2,91758.4,6358505.691500005
2025-11-20 10:47:59.839000+00:00,2025-11-20 10:45:00+00:00,continuous,91758.4,91768.6,91698.0,91709.7,18843091.06619999
2025-11-20 10:50:59.933000+00:00,2025-11-20 10:48:00+00:00,continuous,91709.9,91777.9,91709.9,91777.9,7804367.886999997
2025-11-20 10:53:59.590000+00:00,2025-11-20 10:51:00+00:00,continuous,91777.9,91808.0,91754.7,91754.7,11893003.447200019
2025-11-20 10:56:59.987000+00:00,2025-11-20 10:54:00+00:00,continuous,91754.7,91796.6,91749.1,91771.3,7365989.8144000005
2025-11-20 10:59:59.853000+00:00,2025-11-20 10:57:00+00:00,continuous,91771.8,91789.1,91752.2,91770.0,5298003.889800006
2025-11-20 11:02:59.881000+00:00,2025-11-20 11:00:00+00:00,continuous,91770.1,91798.3,91720.0,91756.1,14899964.755199993
2025-11-20 11:05:59.900000+00:00,2025-11-20 11:03:00+00:00,continuous,91756.1,91761.7,91650.0,91657.7,9437754.391200002
2025-11-20 11:08:59.557000+00:00,2025-11-20 11:06:00+00:00,continuous,91657.8,91732.2,91605.1,91664.9,16663879.881400015
2025-11-20 11:11:59.640000+00:00,2025-11-20 11:09:00+00:00,continuous,91665.0,91757.1,91665.0,91756.0,11468755.353899993
2025-11-20 11:14:59.581000+00:00,2025-11-20 11:12:00+00:00,continuous,91756.0,91786.5,91706.0,91716.7,6708358.149300007
2025-11-20 11:17:59.594000+00:00,2025-11-20 11:15:00+00:00,continuous,91716.8,91716.8,91616.0,91659.0,12035788.079099985
2025-11-20 11:20:59.801000+00:00,2025-11-20 11:18:00+00:00,continuous,91659.0,91769.0,91659.0,91764.9,12423897.752799986
2025-11-20 11:23:59.935000+00:00,2025-11-20 11:21:00+00:00,continuous,91765.0,91767.2,91600.0,91610.4,10065417.756399987
2025-11-20 11:26:59.831000+00:00,2025-11-20 11:24:00+00:00,continuous,91610.4,91610.4,91521.3,91550.7,23477286.972000025
2025-11-20 11:29:59.915000+00:00,2025-11-20 11:27:00+00:00,continuous,91550.7,91550.8,91452.3,91538.1,30483489.691799954
2025-11-20 11:32:59.019000+00:00,2025-11-20 11:30:00+00:00,continuous,91538.1,91586.4,91538.0,91573.2,8402696.757800007
2025-11-20 11:35:59.938000+00:00,2025-11-20 11:33:00+00:00,continuous,91573.2,91698.1,91573.1,91698.1,11435880.3753
2025-11-20 11:38:59.490000+00:00,2025-11-20 11:36:00+00:00,continuous,91698.0,91698.1,91635.4,91664.4,9583551.231099993
2025-11-20 11:41:59.584000+00:00,2025-11-20 11:39:00+00:00,continuous,91664.4,91785.2,91664.3,91747.8,14698419.469099995
2025-11-20 11:44:59.837000+00:00,2025-11-20 11:42:00+00:00,continuous,91747.9,91814.0,91747.8,91764.0,12147354.930099988
2025-11-20 11:47:59.905000+00:00,2025-11-20 11:45:00+00:00,continuous,91764.0,91800.1,91734.0,91783.2,12098757.804799998
2025-11-20 11:50:59.469000+00:00,2025-11-20 11:48:00+00:00,continuous,91783.3,91810.0,91744.8,91806.6,18117189.869700003
2025-11-20 11:53:59.865000+00:00,2025-11-20 11:51:00+00:00,continuous,91806.7,91941.9,91740.0,91925.4,21820161.028399974
2025-11-20 11:56:59.914000+00:00,2025-11-20 11:54:00+00:00,continuous,91925.4,91987.8,91892.1,91895.9,30805614.90059995
2025-11-20 11:59:59.818000+00:00,2025-11-20 11:57:00+00:00,continuous,91895.9,91937.3,91892.6,91892.6,9083018.144900028
2025-11-20 12:02:59.970000+00:00,2025-11-20 12:00:00+00:00,continuous,91892.7,91907.0,91847.2,91876.5,10068825.348600004
2025-11-20 12:05:59.964000+00:00,2025-11-20 12:03:00+00:00,continuous,91876.4,91886.4,91829.2,91829.3,13615597.200800017
2025-11-20 12:08:59.812000+00:00,2025-11-20 12:06:00+00:00,continuous,91829.2,91968.2,91829.2,91900.2,24520852.143099975
2025-11-20 12:11:59.775000+00:00,2025-11-20 12:09:00+00:00,continuous,91900.2,91958.1,91900.0,91942.6,18499812.36720001
2025-11-20 12:14:59.429000+00:00,2025-11-20 12:12:00+00:00,continuous,91942.7,91954.3,91650.0,91658.0,24405728.322799973
2025-11-20 12:17:59.650000+00:00,2025-11-20 12:15:00+00:00,continuous,91657.9,91743.9,91650.0,91743.9,12340574.38119997
2025-11-20 12:20:59.261000+00:00,2025-11-20 12:18:00+00:00,continuous,91743.9,91837.0,91732.2,91766.6,12421491.750599992
2025-11-20 12:23:59.945000+00:00,2025-11-20 12:21:00+00:00,continuous,91766.6,91850.8,91750.8,91768.7,10988641.361200009
2025-11-20 12:26:59.902000+00:00,2025-11-20 12:24:00+00:00,continuous,91768.8,91789.6,91650.0,91663.9,10264148.106800009
2025-11-20 12:29:59.842000+00:00,2025-11-20 12:27:00+00:00,continuous,91663.8,91748.2,91660.0,91698.3,12799139.205299994
2025-11-20 12:32:59.927000+00:00,2025-11-20 12:30:00+00:00,continuous,91698.4,91780.9,91683.5,91779.9,11556768.535700003
2025-11-20 12:35:59.545000+00:00,2025-11-20 12:33:00+00:00,continuous,91780.0,91900.0,91779.9,91839.8,17557401.551999994
2025-11-20 12:38:59.036000+00:00,2025-11-20 12:36:00+00:00,continuous,91839.8,91870.8,91802.3,91855.7,17040150.57299998
2025-11-20 12:41:59.980000+00:00,2025-11-20 12:39:00+00:00,continuous,91855.7,91900.0,91770.3,91770.3,10662560.150199974
2025-11-20 12:44:59.827000+00:00,2025-11-20 12:42:00+00:00,continuous,91770.2,91770.2,91677.8,91723.6,9851479.398900002
2025-11-20 12:47:59.967000+00:00,2025-11-20 12:45:00+00:00,continuous,91723.5,91795.8,91703.7,91795.7,8504790.218600001
2025-11-20 12:50:59.883000+00:00,2025-11-20 12:48:00+00:00,continuous,91795.8,91967.1,91792.6,91861.1,20359852.64810001
2025-11-20 12:53:59.608000+00:00,2025-11-20 12:51:00+00:00,continuous,91861.1,91865.7,91777.0,91858.6,11566832.965499995
2025-11-20 12:56:59.975000+00:00,2025-11-20 12:54:00+00:00,continuous,91858.5,91883.2,91807.4,91850.0,13220105.721899977
2025-11-20 12:59:59.999000+00:00,2025-11-20 12:57:00+00:00,continuous,91850.1,91850.1,91775.6,91797.3,20515324.135699995
2025-11-20 13:02:59.914000+00:00,2025-11-20 13:00:00+00:00,continuous,91797.3,91805.6,91727.3,91754.0,14403655.055000039
2025-11-20 13:05:59.982000+00:00,2025-11-20 13:03:00+00:00,continuous,91754.0,91850.0,91675.0,91821.6,25002538.916999977
2025-11-20 13:08:59.308000+00:00,2025-11-20 13:06:00+00:00,continuous,91821.6,91821.7,91717.5,91733.6,10166939.74780003
2025-11-20 13:11:59.980000+00:00,2025-11-20 13:09:00+00:00,continuous,91733.6,91783.0,91703.9,91721.7,15027452.92340003
2025-11-20 13:14:59.766000+00:00,2025-11-20 13:12:00+00:00,continuous,91721.6,91980.0,91700.0,91973.3,33760722.636499986
2025-11-20 13:17:59.539000+00:00,2025-11-20 13:15:00+00:00,continuous,91973.4,92000.0,91848.5,91967.7,33162227.812099908
2025-11-20 13:20:59.481000+00:00,2025-11-20 13:18:00+00:00,continuous,91967.7,91985.8,91700.0,91756.9,32939934.718000006
2025-11-20 13:23:59.950000+00:00,2025-11-20 13:21:00+00:00,continuous,91756.9,91884.2,91756.9,91784.9,23534638.67370001
2025-11-20 13:26:59.992000+00:00,2025-11-20 13:24:00+00:00,continuous,91784.8,91885.7,91778.1,91856.2,22455756.287099984
2025-11-20 13:29:59.977000+00:00,2025-11-20 13:27:00+00:00,continuous,91856.3,92118.1,91729.3,91872.2,63264804.940900095
2025-11-20 13:32:59.826000+00:00,2025-11-20 13:30:00+00:00,continuous,91872.3,92498.6,91783.6,92069.0,263478534.4334006
2025-11-20 13:35:59.920000+00:00,2025-11-20 13:33:00+00:00,continuous,92069.0,92098.4,91685.7,91788.0,75040818.55000041
2025-11-20 13:38:59.914000+00:00,2025-11-20 13:36:00+00:00,continuous,91788.0,92096.8,91714.2,92009.4,41579413.73089975
2025-11-20 13:41:59.996000+00:00,2025-11-20 13:39:00+00:00,continuous,92009.5,92079.0,91755.8,91824.3,46751281.12079984
2025-11-20 13:44:59.663000+00:00,2025-11-20 13:42:00+00:00,continuous,91824.4,91842.8,91554.2,91581.8,64588220.85199988
2025-11-20 13:47:59.980000+00:00,2025-11-20 13:45:00+00:00,continuous,91581.9,91758.5,91440.0,91682.6,106413626.93739939
2025-11-20 13:50:59.964000+00:00,2025-11-20 13:48:00+00:00,continuous,91682.5,91844.1,91555.5,91844.1,44605172.90729996
2025-11-20 13:53:59.974000+00:00,2025-11-20 13:51:00+00:00,continuous,91844.2,91983.9,91816.5,91836.1,42317503.297800116
2025-11-20 13:56:59.878000+00:00,2025-11-20 13:54:00+00:00,continuous,91836.2,91845.7,91654.4,91665.0,19661783.87240004
2025-11-20 13:59:59.917000+00:00,2025-11-20 13:57:00+00:00,continuous,91665.0,91686.5,91457.2,91479.7,44388289.59830005
2025-11-20 14:02:59.933000+00:00,2025-11-20 14:00:00+00:00,continuous,91479.6,91488.8,91137.9,91200.7,141234885.78410003
2025-11-20 14:05:59.919000+00:00,2025-11-20 14:03:00+00:00,continuous,91200.6,91259.4,90876.8,90951.1,141876603.0795003
2025-11-20 14:08:59.976000+00:00,2025-11-20 14:06:00+00:00,continuous,90951.0,91160.6,90715.7,90734.5,158566806.58979994
2025-11-20 14:11:59.978000+00:00,2025-11-20 14:09:00+00:00,continuous,90734.6,90796.4,90400.0,90776.0,234109283.5103004
2025-11-20 14:14:59.972000+00:00,2025-11-20 14:12:00+00:00,continuous,90775.9,90825.1,90659.6,90666.6,74542443.45079991
2025-11-20 14:17:59.998000+00:00,2025-11-20 14:15:00+00:00,continuous,90666.6,90900.0,90606.0,90880.8,84493747.54279977
2025-11-20 14:20:59.883000+00:00,2025-11-20 14:18:00+00:00,continuous,90880.8,91454.3,90861.8,91316.7,188600532.976201
2025-11-20 14:23:59.879000+00:00,2025-11-20 14:21:00+00:00,continuous,91316.7,91388.0,91190.4,91224.5,75957066.25229993
2025-11-20 14:26:59.954000+00:00,2025-11-20 14:24:00+00:00,continuous,91224.4,91469.6,91181.1,91427.5,50653833.58219992
2025-11-20 14:29:59.970000+00:00,2025-11-20 14:27:00+00:00,continuous,91427.4,91454.4,91329.0,91419.5,32287990.815000013
2025-11-20 14:32:59.862000+00:00,2025-11-20 14:30:00+00:00,continuous,91419.6,91651.5,91278.5,91467.4,120147176.06490053
2025-11-20 14:35:59.885000+00:00,2025-11-20 14:33:00+00:00,continuous,91467.4,91574.4,91221.5,91413.5,103632741.1071998
2025-11-20 14:38:59.920000+00:00,2025-11-20 14:36:00+00:00,continuous,91415.3,91550.0,91250.0,91333.3,62393067.79019984
2025-11-20 14:41:59.942000+00:00,2025-11-20 14:39:00+00:00,continuous,91333.2,91333.2,90828.3,90872.0,164821459.61999977
2025-11-20 14:44:59.998000+00:00,2025-11-20 14:42:00+00:00,continuous,90872.1,91187.0,90813.2,91000.0,66545681.98380003
2025-11-20 14:47:59.935000+00:00,2025-11-20 14:45:00+00:00,continuous,91000.1,91126.1,90751.0,91092.5,81850542.59060054
2025-11-20 14:50:59.995000+00:00,2025-11-20 14:48:00+00:00,continuous,91092.4,91104.5,90618.5,90809.2,67001130.313900046
2025-11-20 14:53:59.745000+00:00,2025-11-20 14:51:00+00:00,continuous,90809.1,91018.5,90775.0,90929.6,75194309.21369955
2025-11-20 14:56:59.838000+00:00,2025-11-20 14:54:00+00:00,continuous,90929.6,91246.0,90895.0,91189.2,53297875.852799945
2025-11-20 14:59:59.988000+00:00,2025-11-20 14:57:00+00:00,continuous,91189.3,91200.0,91004.2,91064.5,35685635.9101
2025-11-20 15:02:59.733000+00:00,2025-11-20 15:00:00+00:00,continuous,91064.4,91145.1,90800.1,90806.1,44025171.099599876
2025-11-20 15:05:59.979000+00:00,2025-11-20 15:03:00+00:00,continuous,90806.2,90956.9,90734.0,90816.6,40711826.29459982
2025-11-20 15:08:59.997000+00:00,2025-11-20 15:06:00+00:00,continuous,90816.6,90873.9,90390.0,90727.2,160739164.65940022
2025-11-20 15:11:59.940000+00:00,2025-11-20 15:09:00+00:00,continuous,90727.3,90843.6,90567.8,90592.5,66458126.53569968
2025-11-20 15:14:59.904000+00:00,2025-11-20 15:12:00+00:00,continuous,90592.4,90634.7,90320.0,90379.9,96365281.16790026
2025-11-20 15:17:59.940000+00:00,2025-11-20 15:15:00+00:00,continuous,90380.0,90416.1,90222.0,90416.0,90700203.7658999
2025-11-20 15:20:59.980000+00:00,2025-11-20 15:18:00+00:00,continuous,90416.1,90629.2,90381.5,90578.3,51972147.26279999
2025-11-20 15:23:59.836000+00:00,2025-11-20 15:21:00+00:00,continuous,90578.8,90778.1,90415.0,90748.0,61018988.52560023
2025-11-20 15:26:59.512000+00:00,2025-11-20 15:24:00+00:00,continuous,90747.9,90827.3,90650.0,90703.3,48857442.436000064
2025-11-20 15:29:59.911000+00:00,2025-11-20 15:27:00+00:00,continuous,90703.3,90703.3,90474.6,90597.1,30574469.77780024
2025-11-20 15:32:59.931000+00:00,2025-11-20 15:30:00+00:00,continuous,90597.1,90600.0,90350.0,90485.8,65662026.72270017
2025-11-20 15:35:59.989000+00:00,2025-11-20 15:33:00+00:00,continuous,90485.7,90485.7,90171.6,90365.9,93109014.43470015
2025-11-20 15:38:59.872000+00:00,2025-11-20 15:36:00+00:00,continuous,90366.0,90666.0,90366.0,90607.1,51087679.19129975
2025-11-20 15:41:59.971000+00:00,2025-11-20 15:39:00+00:00,continuous,90607.1,90607.1,90326.7,90389.7,31722194.78809995
2025-11-20 15:44:59.983000+00:00,2025-11-20 15:42:00+00:00,continuous,90389.7,90578.1,90354.0,90566.3,28354270.3048
2025-11-20 15:47:59.798000+00:00,2025-11-20 15:45:00+00:00,continuous,90566.4,90574.0,90360.7,90367.3,22218140.339699913
2025-11-20 15:50:59.758000+00:00,2025-11-20 15:48:00+00:00,continuous,90367.2,90441.7,90206.0,90289.9,47043344.59379978
2025-11-20 15:53:59.777000+00:00,2025-11-20 15:51:00+00:00,continuous,90290.0,90355.0,90101.1,90198.6,61707984.89329994
2025-11-20 15:56:59.983000+00:00,2025-11-20 15:54:00+00:00,continuous,90198.5,90229.2,90050.0,90057.1,62006263.37560003
2025-11-20 15:59:59.932000+00:00,2025-11-20 15:57:00+00:00,continuous,90057.1,90200.0,89804.1,89835.4,161605625.83019915
2025-11-20 16:02:59.893000+00:00,2025-11-20 16:00:00+00:00,continuous,89835.5,89885.7,89702.3,89705.6,111476295.31310019
2025-11-20 16:05:59.962000+00:00,2025-11-20 16:03:00+00:00,continuous,89705.6,89732.6,88995.1,89092.3,424551078.9878
2025-11-20 16:08:59.954000+00:00,2025-11-20 16:06:00+00:00,continuous,89092.3,89311.4,88888.0,89039.6,266256561.033798
2025-11-20 16:11:59.991000+00:00,2025-11-20 16:09:00+00:00,continuous,89039.6,89039.6,88700.0,88700.0,227192462.33329773
2025-11-20 16:14:59.994000+00:00,2025-11-20 16:12:00+00:00,continuous,88700.1,88821.8,88382.4,88681.2,276410453.2213984
2025-11-20 16:17:59.948000+00:00,2025-11-20 16:15:00+00:00,continuous,88681.1,88824.4,88531.1,88682.2,223096868.46989912
2025-11-20 16:20:59.955000+00:00,2025-11-20 16:18:00+00:00,continuous,88682.1,88831.3,88526.7,88619.0,188068990.15429845
2025-11-20 16:23:59.911000+00:00,2025-11-20 16:21:00+00:00,continuous,88618.9,88633.9,88200.0,88486.5,279222978.0553
2025-11-20 16:26:59.869000+00:00,2025-11-20 16:24:00+00:00,continuous,88486.4,88873.9,88401.4,88781.3,194802787.37930033
2025-11-20 16:29:59.812000+00:00,2025-11-20 16:27:00+00:00,continuous,88781.2,89055.0,88632.1,88669.5,171309395.6239006
2025-11-20 16:32:59.825000+00:00,2025-11-20 16:30:00+00:00,continuous,88669.5,88879.2,88550.0,88559.9,101166194.92169967
2025-11-20 16:35:59.878000+00:00,2025-11-20 16:33:00+00:00,continuous,88559.8,88700.0,88415.1,88450.1,70876329.3841
2025-11-20 16:38:59.981000+00:00,2025-11-20 16:36:00+00:00,continuous,88450.1,88548.0,88250.0,88273.7,104457751.35150023
2025-11-20 16:41:59.996000+00:00,2025-11-20 16:39:00+00:00,continuous,88273.8,88522.7,88125.7,88178.7,123578192.6190996
2025-11-20 16:44:59.948000+00:00,2025-11-20 16:42:00+00:00,continuous,88178.6,88367.0,88070.7,88199.0,144816726.61699933
2025-11-20 16:47:59.941000+00:00,2025-11-20 16:45:00+00:00,continuous,88199.0,88307.1,87878.7,88194.3,178545138.8754997
2025-11-20 16:50:59.959000+00:00,2025-11-20 16:48:00+00:00,continuous,88194.2,88367.1,87923.0,88172.0,129010852.29459973
2025-11-20 16:53:59.861000+00:00,2025-11-20 16:51:00+00:00,continuous,88172.0,88396.3,88034.4,88150.0,136346509.00209972
2025-11-20 16:56:59.996000+00:00,2025-11-20 16:54:00+00:00,continuous,88150.0,88158.5,87800.0,87808.1,174974808.9628004
2025-11-20 16:59:59.980000+00:00,2025-11-20 16:57:00+00:00,continuous,87808.0,87886.8,87450.0,87855.5,324855269.2086003
2025-11-20 17:02:59.987000+00:00,2025-11-20 17:00:00+00:00,continuous,87855.4,88153.9,87675.3,87680.3,174175159.45929947
2025-11-20 17:05:59.993000+00:00,2025-11-20 17:03:00+00:00,continuous,87680.4,87872.6,87424.0,87461.8,132401013.1595004
2025-11-20 17:08:59.940000+00:00,2025-11-20 17:06:00+00:00,continuous,87461.9,87617.0,87038.5,87546.0,305464926.656903
2025-11-20 17:11:59.998000+00:00,2025-11-20 17:09:00+00:00,continuous,87546.0,87555.7,86924.0,86960.6,176390822.47419912
2025-11-20 17:14:59.954000+00:00,2025-11-20 17:12:00+00:00,continuous,86960.5,87183.7,86700.0,87023.6,305599369.45860094
2025-11-20 17:17:59.992000+00:00,2025-11-20 17:15:00+00:00,continuous,87023.5,87157.9,86832.5,86879.0,133746153.21379903
2025-11-20 17:20:59.934000+00:00,2025-11-20 17:18:00+00:00,continuous,86879.1,87128.8,86775.6,86948.6,131680429.27220023
2025-11-20 17:23:59.913000+00:00,2025-11-20 17:21:00+00:00,continuous,86948.6,87350.0,86893.7,87206.0,149513081.6681998
2025-11-20 17:26:59.912000+00:00,2025-11-20 17:24:00+00:00,continuous,87205.9,87316.8,86823.0,87033.0,151775716.1410994
2025-11-20 17:29:59.934000+00:00,2025-11-20 17:27:00+00:00,continuous,87032.9,87188.0,86913.8,87100.0,83520324.44130018
2025-11-20 17:32:59.945000+00:00,2025-11-20 17:30:00+00:00,continuous,87099.9,87328.1,86808.9,86849.4,175641312.29440093
2025-11-20 17:35:59.999000+00:00,2025-11-20 17:33:00+00:00,continuous,86849.3,86871.0,86281.9,86646.1,388381696.42770046
2025-11-20 17:38:59.989000+00:00,2025-11-20 17:36:00+00:00,continuous,86646.0,86898.0,86375.6,86876.2,196173711.5016984
2025-11-20 17:41:59.982000+00:00,2025-11-20 17:39:00+00:00,continuous,86876.1,86922.0,86697.5,86813.6,116302435.98829971
2025-11-20 17:44:59.839000+00:00,2025-11-20 17:42:00+00:00,continuous,86813.5,86850.2,86678.1,86721.8,66653227.66090018
2025-11-20 17:47:59.962000+00:00,2025-11-20 17:45:00+00:00,continuous,86721.7,86821.4,86594.0,86697.5,92198014.79970032
2025-11-20 17:50:59.888000+00:00,2025-11-20 17:48:00+00:00,continuous,86697.5,86918.4,86613.2,86910.0,70906207.07389995
2025-11-20 17:53:59.836000+00:00,2025-11-20 17:51:00+00:00,continuous,86910.0,87100.0,86815.4,86828.3,125869317.02480005
2025-11-20 17:56:59.949000+00:00,2025-11-20 17:54:00+00:00,continuous,86828.3,87229.0,86787.5,87115.2,99851065.03839971
2025-11-20 17:59:59.969000+00:00,2025-11-20 17:57:00+00:00,continuous,87115.3,87250.0,87112.4,87186.1,103018666.94750004
2025-11-20 18:02:59.925000+00:00,2025-11-20 18:00:00+00:00,continuous,87186.1,87186.1,86899.8,86996.5,101211595.95910014
2025-11-20 18:05:59.852000+00:00,2025-11-20 18:03:00+00:00,continuous,86996.4,87175.3,86957.8,87151.9,43980541.35579979
2025-11-20 18:08:59.955000+00:00,2025-11-20 18:06:00+00:00,continuous,87151.9,87466.5,87147.4,87351.5,124432491.86400038
2025-11-20 18:11:59.927000+00:00,2025-11-20 18:09:00+00:00,continuous,87351.5,87547.6,87313.5,87449.3,132412437.55750014
2025-11-20 18:14:59.981000+00:00,2025-11-20 18:12:00+00:00,continuous,87449.2,87666.7,87422.1,87654.9,132574779.67560047
2025-11-20 18:17:59.866000+00:00,2025-11-20 18:15:00+00:00,continuous,87654.9,87713.0,87356.2,87416.1,137079364.35259965
2025-11-20 18:20:59.906000+00:00,2025-11-20 18:18:00+00:00,continuous,87416.0,87455.1,87170.3,87304.6,82646827.72879994
2025-11-20 18:23:59.929000+00:00,2025-11-20 18:21:00+00:00,continuous,87304.5,87368.8,86923.2,87099.9,89280942.64939964
2025-11-20 18:26:59.868000+00:00,2025-11-20 18:24:00+00:00,continuous,87100.0,87119.1,86866.9,86915.2,61853070.92210005
2025-11-20 18:29:59.844000+00:00,2025-11-20 18:27:00+00:00,continuous,86915.2,87003.0,86829.1,86922.6,51782446.72910006
2025-11-20 18:32:59.887000+00:00,2025-11-20 18:30:00+00:00,continuous,86922.5,87000.0,86773.0,86774.1,54263489.92690005
2025-11-20 18:35:59.992000+00:00,2025-11-20 18:33:00+00:00,continuous,86774.2,86917.1,86650.0,86837.4,82915691.23329984
2025-11-20 18:38:59.850000+00:00,2025-11-20 18:36:00+00:00,continuous,86837.3,86837.4,86653.6,86718.9,44784460.62790014
2025-11-20 18:41:59.977000+00:00,2025-11-20 18:39:00+00:00,continuous,86718.9,86759.1,86589.9,86688.3,47163343.85409989
2025-11-20 18:44:59.977000+00:00,2025-11-20 18:42:00+00:00,continuous,86688.4,86804.3,86654.9,86728.9,32999634.820900004
2025-11-20 18:47:59.886000+00:00,2025-11-20 18:45:00+00:00,continuous,86729.0,86729.0,86599.9,86642.4,57943864.302999884
2025-11-20 18:50:59.858000+00:00,2025-11-20 18:48:00+00:00,continuous,86642.4,86649.6,86468.2,86510.1,58948350.131299876
2025-11-20 18:53:59.990000+00:00,2025-11-20 18:51:00+00:00,continuous,86510.1,86543.4,86270.9,86290.6,105608748.44469973
2025-11-20 18:56:59.998000+00:00,2025-11-20 18:54:00+00:00,continuous,86290.5,86453.2,86260.9,86352.4,73503272.00500003
2025-11-20 18:59:59.960000+00:00,2025-11-20 18:57:00+00:00,continuous,86352.5,86549.3,86322.6,86445.7,73023994.3138999
2025-11-20 19:02:59.974000+00:00,2025-11-20 19:00:00+00:00,continuous,86445.7,86454.6,86120.0,86138.5,100004448.32079922
2025-11-20 19:05:59.874000+00:00,2025-11-20 19:03:00+00:00,continuous,86138.6,86273.0,86066.7,86258.0,133953961.24799928
2025-11-20 19:08:59.947000+00:00,2025-11-20 19:06:00+00:00,continuous,86258.0,86258.0,86066.6,86114.4,44319476.144399896
2025-11-20 19:11:59.970000+00:00,2025-11-20 19:09:00+00:00,continuous,86114.3,86452.4,86089.4,86418.9,78063172.59920041
2025-11-20 19:14:59.839000+00:00,2025-11-20 19:12:00+00:00,continuous,86418.9,86567.5,86292.5,86380.5,112638833.54570036
2025-11-20 19:17:59.914000+00:00,2025-11-20 19:15:00+00:00,continuous,86380.5,86490.8,86234.3,86358.6,43376996.308599755
2025-11-20 19:20:59.977000+00:00,2025-11-20 19:18:00+00:00,continuous,86358.7,86623.4,86358.7,86623.3,58962520.21220015
2025-11-20 19:23:59.896000+00:00,2025-11-20 19:21:00+00:00,continuous,86623.4,86848.7,86606.2,86812.9,115157781.24110018
2025-11-20 19:26:59.886000+00:00,2025-11-20 19:24:00+00:00,continuous,86813.0,86930.2,86654.6,86918.7,67442430.4898
2025-11-20 19:29:59.983000+00:00,2025-11-20 19:27:00+00:00,continuous,86918.7,87124.6,86850.5,86880.1,96856258.32470009
2025-11-20 19:32:59.997000+00:00,2025-11-20 19:30:00+00:00,continuous,86880.0,86880.1,86552.1,86592.6,78253291.28080018
2025-11-20 19:35:59.916000+00:00,2025-11-20 19:33:00+00:00,continuous,86592.7,86738.1,86570.1,86704.0,32836847.539699975
2025-11-20 19:38:59.848000+00:00,2025-11-20 19:36:00+00:00,continuous,86704.0,86848.3,86441.1,86451.1,77565610.5114006
2025-11-20 19:41:59.699000+00:00,2025-11-20 19:39:00+00:00,continuous,86451.1,86553.6,86401.8,86506.8,59115982.949600115
2025-11-20 19:44:59.691000+00:00,2025-11-20 19:42:00+00:00,continuous,86506.9,86670.9,86439.6,86649.4,35734337.11229985
2025-11-20 19:47:59.932000+00:00,2025-11-20 19:45:00+00:00,continuous,86649.4,86708.4,86455.0,86543.8,50816491.63610014
2025-11-20 19:50:59.841000+00:00,2025-11-20 19:48:00+00:00,continuous,86543.7,86635.8,86418.0,86613.2,46185082.60170007
2025-11-20 19:53:59.990000+00:00,2025-11-20 19:51:00+00:00,continuous,86613.3,86634.8,86500.0,86589.8,33455123.570699908
2025-11-20 19:56:59.982000+00:00,2025-11-20 19:54:00+00:00,continuous,86584.9,86792.4,86550.0,86700.0,37030146.40840006
2025-11-20 19:59:59.962000+00:00,2025-11-20 19:57:00+00:00,continuous,86700.1,87034.5,86693.3,86880.3,65701739.90209996
2025-11-20 20:02:59.847000+00:00,2025-11-20 20:00:00+00:00,continuous,86880.2,86880.2,86628.9,86658.8,52386058.83859986
2025-11-20 20:05:59.965000+00:00,2025-11-20 20:03:00+00:00,continuous,86658.9,86693.1,86562.8,86643.0,27343264.928499997
2025-11-20 20:08:59.912000+00:00,2025-11-20 20:06:00+00:00,continuous,86642.9,86753.5,86550.0,86608.0,30919348.487300012
2025-11-20 20:11:59.828000+00:00,2025-11-20 20:09:00+00:00,continuous,86608.0,86616.0,86455.0,86466.4,36708209.02499994
2025-11-20 20:14:59.889000+00:00,2025-11-20 20:12:00+00:00,continuous,86466.3,86505.8,86295.8,86300.0,106330561.53069986
2025-11-20 20:17:59.888000+00:00,2025-11-20 20:15:00+00:00,continuous,86299.9,86614.1,86291.7,86600.0,49276470.1141
2025-11-20 20:20:59.905000+00:00,2025-11-20 20:18:00+00:00,continuous,86599.9,86718.1,86545.8,86713.2,28054927.36959999
2025-11-20 20:23:59.965000+00:00,2025-11-20 20:21:00+00:00,continuous,86713.3,86981.3,86713.2,86888.6,78445033.18029995
2025-11-20 20:26:59.736000+00:00,2025-11-20 20:24:00+00:00,continuous,86888.7,86891.9,86631.5,86657.9,55278251.93440005
2025-11-20 20:29:59.976000+00:00,2025-11-20 20:27:00+00:00,continuous,86657.8,87018.4,86643.7,87007.2,41468947.72330017
2025-11-20 20:32:59.968000+00:00,2025-11-20 20:30:00+00:00,continuous,87007.3,87088.1,86883.3,86942.0,67131983.06280011
2025-11-20 20:35:59.854000+00:00,2025-11-20 20:33:00+00:00,continuous,86942.0,86968.4,86621.3,86632.6,65216112.27629999
2025-11-20 20:38:59.980000+00:00,2025-11-20 20:36:00+00:00,continuous,86632.5,86747.0,86524.5,86589.3,40699325.89360006
2025-11-20 20:41:59.970000+00:00,2025-11-20 20:39:00+00:00,continuous,86589.2,86630.2,86503.9,86548.8,41612595.9947001
2025-11-20 20:44:59.921000+00:00,2025-11-20 20:42:00+00:00,continuous,86548.7,86582.1,86401.0,86557.6,46797367.601900116
2025-11-20 20:47:59.777000+00:00,2025-11-20 20:45:00+00:00,continuous,86557.5,86600.0,86423.3,86505.3,20775177.73890003
2025-11-20 20:50:59.877000+00:00,2025-11-20 20:48:00+00:00,continuous,86505.2,86710.1,86474.6,86660.1,28508097.28330001
2025-11-20 20:53:59.925000+00:00,2025-11-20 20:51:00+00:00,continuous,86660.1,86660.1,86484.1,86550.1,26016607.396400012
2025-11-20 20:56:59.656000+00:00,2025-11-20 20:54:00+00:00,continuous,86550.0,86575.7,86428.8,86440.6,28962659.385600112
2025-11-20 20:59:59.986000+00:00,2025-11-20 20:57:00+00:00,continuous,86440.6,86507.5,86329.8,86432.8,49502653.29380003
2025-11-20 21:02:59.502000+00:00,2025-11-20 21:00:00+00:00,continuous,86432.8,86669.4,86401.3,86649.5,39502526.76839991
2025-11-20 21:05:59.913000+00:00,2025-11-20 21:03:00+00:00,continuous,86649.5,86795.4,86612.2,86795.3,25292654.228700064
2025-11-20 21:08:59.981000+00:00,2025-11-20 21:06:00+00:00,continuous,86795.3,86802.3,86666.7,86780.0,17528280.252399947
2025-11-20 21:11:59.510000+00:00,2025-11-20 21:09:00+00:00,continuous,86780.0,86866.8,86737.0,86769.9,19112644.590200007
2025-11-20 21:14:59.958000+00:00,2025-11-20 21:12:00+00:00,continuous,86769.8,86905.0,86769.8,86872.5,22384713.517500054
2025-11-20 21:17:59.925000+00:00,2025-11-20 21:15:00+00:00,continuous,86872.5,87004.4,86837.7,86925.1,40764175.16730013
2025-11-20 21:20:59.997000+00:00,2025-11-20 21:18:00+00:00,continuous,86925.1,87300.0,86925.1,87292.9,100182402.36159995
2025-11-20 21:23:59.902000+00:00,2025-11-20 21:21:00+00:00,continuous,87292.8,87443.6,87274.8,87332.3,89926752.21790013
2025-11-20 21:26:59.948000+00:00,2025-11-20 21:24:00+00:00,continuous,87332.4,87385.5,87178.5,87236.9,40569693.227800116
2025-11-20 21:29:59.989000+00:00,2025-11-20 21:27:00+00:00,continuous,87237.0,87254.3,87080.0,87113.4,36708293.35159998
2025-11-20 21:32:59.878000+00:00,2025-11-20 21:30:00+00:00,continuous,87113.5,87250.0,87021.2,87243.4,30637564.305200133
2025-11-20 21:35:59.862000+00:00,2025-11-20 21:33:00+00:00,continuous,87243.4,87310.6,87196.1,87248.7,25598437.064400095
2025-11-20 21:38:59.823000+00:00,2025-11-20 21:36:00+00:00,continuous,87248.7,87350.0,87217.1,87228.5,18785539.8716
2025-11-20 21:41:59.955000+00:00,2025-11-20 21:39:00+00:00,continuous,87228.6,87391.6,87219.9,87387.1,26338951.16250004
2025-11-20 21:44:59.660000+00:00,2025-11-20 21:42:00+00:00,continuous,87387.0,87554.0,87350.9,87552.8,54939531.06509996
2025-11-20 21:47:59.860000+00:00,2025-11-20 21:45:00+00:00,continuous,87552.8,87630.9,87488.1,87630.8,46935153.67859995
2025-11-20 21:50:59.892000+00:00,2025-11-20 21:48:00+00:00,continuous,87630.9,87630.9,87481.2,87510.1,41782220.82650003
2025-11-20 21:53:59.905000+00:00,2025-11-20 21:51:00+00:00,continuous,87510.1,87544.2,87480.6,87544.2,25579437.672800034
2025-11-20 21:56:59.894000+00:00,2025-11-20 21:54:00+00:00,continuous,87544.2,87544.2,87482.1,87482.2,11966204.58929999
2025-11-20 21:59:59.998000+00:00,2025-11-20 21:57:00+00:00,continuous,87482.2,87482.2,87224.4,87235.0,47088205.52459997
2025-11-20 22:02:59.876000+00:00,2025-11-20 22:00:00+00:00,continuous,87234.6,87319.8,87157.8,87319.7,34345640.12489994
2025-11-20 22:05:59.931000+00:00,2025-11-20 22:03:00+00:00,continuous,87319.8,87488.0,87247.1,87413.5,28408458.58890007
2025-11-20 22:08:59.868000+00:00,2025-11-20 22:06:00+00:00,continuous,87413.4,87617.8,87410.4,87564.2,37104897.68470009
2025-11-20 22:11:59.966000+00:00,2025-11-20 22:09:00+00:00,continuous,87564.3,87777.0,87564.3,87753.4,38310257.25130007
2025-11-20 22:14:59.798000+00:00,2025-11-20 22:12:00+00:00,continuous,87753.6,87866.7,87675.4,87861.3,63322170.3974999
2025-11-20 22:17:59.988000+00:00,2025-11-20 22:15:00+00:00,continuous,87861.2,87944.0,87842.6,87910.1,61063042.713800155
2025-11-20 22:20:59.893000+00:00,2025-11-20 22:18:00+00:00,continuous,87910.2,87910.2,87737.8,87831.3,36137349.07729993
2025-11-20 22:23:59.892000+00:00,2025-11-20 22:21:00+00:00,continuous,87831.3,87858.8,87736.0,87858.8,19823055.199799992
2025-11-20 22:26:59.977000+00:00,2025-11-20 22:24:00+00:00,continuous,87858.7,88086.6,87858.7,87966.5,58371421.40649998
2025-11-20 22:29:59.893000+00:00,2025-11-20 22:27:00+00:00,continuous,87966.6,88100.0,87950.0,88098.1,32523672.167499926
2025-11-20 22:32:59.892000+00:00,2025-11-20 22:30:00+00:00,continuous,88098.1,88214.1,88000.0,88178.6,55636254.61729992
2025-11-20 22:35:59.892000+00:00,2025-11-20 22:33:00+00:00,continuous,88178.5,88185.7,87600.0,87715.9,64810091.0817999
2025-11-20 22:38:59.988000+00:00,2025-11-20 22:36:00+00:00,continuous,87715.8,87918.7,87690.8,87734.5,59984092.73150003
2025-11-20 22:41:59.985000+00:00,2025-11-20 22:39:00+00:00,continuous,87734.5,87914.8,87734.5,87914.8,23541782.257899944
2025-11-20 22:44:59.969000+00:00,2025-11-20 22:42:00+00:00,continuous,87914.8,88125.5,87887.9,88089.9,31167884.178100005
2025-11-20 22:47:59.944000+00:00,2025-11-20 22:45:00+00:00,continuous,88090.0,88170.3,88038.8,88151.0,21553768.479299966
2025-11-20 22:50:59.877000+00:00,2025-11-20 22:48:00+00:00,continuous,88151.0,88164.9,87952.5,87973.7,29749873.611200023
2025-11-20 22:53:59.753000+00:00,2025-11-20 22:51:00+00:00,continuous,87973.7,88021.9,87890.0,88021.8,20426918.941099998
2025-11-20 22:56:59.930000+00:00,2025-11-20 22:54:00+00:00,continuous,88021.9,88079.3,87926.0,88079.3,23259630.48960005
2025-11-20 22:59:59.892000+00:00,2025-11-20 22:57:00+00:00,continuous,88079.2,88174.6,88009.2,88033.8,37777498.4513998
2025-11-20 23:02:59.957000+00:00,2025-11-20 23:00:00+00:00,continuous,88033.7,88136.4,87815.0,87826.2,57571312.28419997
2025-11-20 23:05:59.837000+00:00,2025-11-20 23:03:00+00:00,continuous,87826.2,88005.8,87743.0,87830.6,50496848.40960006
2025-11-20 23:08:59.980000+00:00,2025-11-20 23:06:00+00:00,continuous,87830.6,87843.2,87526.7,87619.6,49385103.44210017
2025-11-20 23:11:59.972000+00:00,2025-11-20 23:09:00+00:00,continuous,87619.5,87690.5,87364.0,87400.7,66109675.64740009
2025-11-20 23:14:59.547000+00:00,2025-11-20 23:12:00+00:00,continuous,87400.8,87615.0,87300.0,87536.0,50429563.56469991
2025-11-20 23:17:59.822000+00:00,2025-11-20 23:15:00+00:00,continuous,87536.1,87722.3,87488.4,87710.0,29671067.10949996
2025-11-20 23:20:59.756000+00:00,2025-11-20 23:18:00+00:00,continuous,87710.1,87718.4,87303.2,87318.0,50323373.047399886
2025-11-20 23:23:59.933000+00:00,2025-11-20 23:21:00+00:00,continuous,87318.1,87392.3,87185.5,87346.2,58648347.81759988
2025-11-20 23:26:59.921000+00:00,2025-11-20 23:24:00+00:00,continuous,87346.2,87455.3,87281.8,87327.1,27635839.229800023
2025-11-20 23:29:59.951000+00:00,2025-11-20 23:27:00+00:00,continuous,87327.2,87351.2,87161.9,87242.5,35979344.176499985
2025-11-20 23:32:59.918000+00:00,2025-11-20 23:30:00+00:00,continuous,87242.4,87247.1,87125.0,87147.0,34155167.150099985
2025-11-20 23:35:59.898000+00:00,2025-11-20 23:33:00+00:00,continuous,87147.0,87270.4,87044.1,87046.3,73330371.30049993
2025-11-20 23:38:59.972000+00:00,2025-11-20 23:36:00+00:00,continuous,87046.3,87085.2,86750.0,86849.9,129342839.77579966
2025-11-20 23:41:59.998000+00:00,2025-11-20 23:39:00+00:00,continuous,86849.8,87066.0,86737.0,87014.6,60451698.40610004
2025-11-20 23:44:59.957000+00:00,2025-11-20 23:42:00+00:00,continuous,87014.6,87091.5,86962.1,87010.9,31030218.613099933
2025-11-20 23:47:59.940000+00:00,2025-11-20 23:45:00+00:00,continuous,87010.9,87046.9,86825.9,86995.1,26493525.814299893
2025-11-20 23:50:59.971000+00:00,2025-11-20 23:48:00+00:00,continuous,86995.0,86995.0,86750.0,86790.3,29344336.6622
2025-11-20 23:53:59.866000+00:00,2025-11-20 23:51:00+00:00,continuous,86790.2,86790.2,86597.5,86690.7,43380454.42879999
2025-11-20 23:56:59.894000+00:00,2025-11-20 23:54:00+00:00,continuous,86690.7,86822.0,86672.7,86770.5,22809719.858900063
2025-11-20 23:59:59.895000+00:00,2025-11-20 23:57:00+00:00,continuous,86770.6,86794.6,86522.4,86601.3,62268969.659499966
2025-11-21 00:02:59.983000+00:00,2025-11-21 00:00:00+00:00,continuous,86601.4,86877.1,86552.0,86868.5,58206508.944599815
2025-11-21 00:05:59.898000+00:00,2025-11-21 00:03:00+00:00,continuous,86868.5,87000.0,86635.6,86968.8,70370243.14169987
2025-11-21 00:08:59.901000+00:00,2025-11-21 00:06:00+00:00,continuous,86968.7,87064.0,86905.0,87009.0,45400428.27379982
2025-11-21 00:11:59.543000+00:00,2025-11-21 00:09:00+00:00,continuous,87008.9,87155.0,86962.7,87100.0,48742903.04469999
2025-11-21 00:14:59.895000+00:00,2025-11-21 00:12:00+00:00,continuous,87100.1,87248.9,87042.0,87241.6,66710097.81110002
2025-11-21 00:17:59.967000+00:00,2025-11-21 00:15:00+00:00,continuous,87241.5,87366.1,87188.8,87342.9,38128231.73899985
2025-11-21 00:20:59.934000+00:00,2025-11-21 00:18:00+00:00,continuous,87342.9,87374.0,87153.7,87225.2,31517276.374700032
2025-11-21 00:23:59.610000+00:00,2025-11-21 00:21:00+00:00,continuous,87225.1,87229.8,87024.6,87067.8,26692449.37610007
2025-11-21 00:26:59.858000+00:00,2025-11-21 00:24:00+00:00,continuous,87067.7,87330.5,87049.8,87216.5,34398879.3228
2025-11-21 00:29:59.606000+00:00,2025-11-21 00:27:00+00:00,continuous,87216.6,87316.6,87155.0,87235.2,30257312.179799967
2025-11-21 00:32:59.986000+00:00,2025-11-21 00:30:00+00:00,continuous,87235.1,87320.7,87050.1,87050.1,31648374.32929994
2025-11-21 00:35:59.810000+00:00,2025-11-21 00:33:00+00:00,continuous,87050.2,87195.8,86988.9,87169.5,38088899.50630004
2025-11-21 00:38:59.865000+00:00,2025-11-21 00:36:00+00:00,continuous,87169.5,87457.3,87155.2,87444.7,37787011.21469996
2025-11-21 00:41:59.966000+00:00,2025-11-21 00:39:00+00:00,continuous,87444.7,87465.4,87299.9,87404.8,20053662.081099942
2025-11-21 00:44:59.893000+00:00,2025-11-21 00:42:00+00:00,continuous,87404.8,87407.4,87161.2,87187.2,26598635.17440005
2025-11-21 00:47:59.928000+00:00,2025-11-21 00:45:00+00:00,continuous,87187.1,87352.9,87156.4,87309.3,16213837.066100014
2025-11-21 00:50:59.891000+00:00,2025-11-21 00:48:00+00:00,continuous,87309.3,87381.6,87258.1,87350.7,14310591.368900036
2025-11-21 00:53:59.954000+00:00,2025-11-21 00:51:00+00:00,continuous,87350.7,87400.0,87295.9,87319.7,18521594.362500012
2025-11-21 00:56:59.808000+00:00,2025-11-21 00:54:00+00:00,continuous,87319.8,87398.8,87250.0,87287.8,13253735.54359998
2025-11-21 00:59:59.740000+00:00,2025-11-21 00:57:00+00:00,continuous,87288.0,87303.2,87155.0,87249.9,15004743.842899984
2025-11-21 01:02:59.989000+00:00,2025-11-21 01:00:00+00:00,continuous,87249.9,87401.5,87233.2,87233.3,18030506.520499982
2025-11-21 01:05:59.945000+00:00,2025-11-21 01:03:00+00:00,continuous,87233.2,87372.1,87110.9,87354.5,23242447.267799985
2025-11-21 01:08:59.147000+00:00,2025-11-21 01:06:00+00:00,continuous,87354.4,87438.0,87262.0,87309.3,22986836.85240002
2025-11-21 01:11:59.589000+00:00,2025-11-21 01:09:00+00:00,continuous,87309.3,87315.4,87143.6,87217.0,20336958.392399967
2025-11-21 01:14:59.927000+00:00,2025-11-21 01:12:00+00:00,continuous,87217.0,87227.5,87054.2,87117.8,26306781.803799983
2025-11-21 01:17:59.960000+00:00,2025-11-21 01:15:00+00:00,continuous,87117.7,87241.9,86969.5,86976.8,43988505.57110016
2025-11-21 01:20:59.852000+00:00,2025-11-21 01:18:00+00:00,continuous,86976.9,87049.9,86800.0,86892.9,46841895.61410015
2025-11-21 01:23:59.918000+00:00,2025-11-21 01:21:00+00:00,continuous,86893.0,87300.0,86892.9,87286.7,45478639.24770018
2025-11-21 01:26:59.972000+00:00,2025-11-21 01:24:00+00:00,continuous,87286.7,87370.5,87071.7,87342.8,39702625.82339986
2025-11-21 01:29:59.931000+00:00,2025-11-21 01:27:00+00:00,continuous,87342.9,87370.3,87141.6,87249.3,17980631.275899995
2025-11-21 01:32:59.848000+00:00,2025-11-21 01:30:00+00:00,continuous,87249.2,87299.0,87041.2,87074.6,16958174.94560005
2025-11-21 01:35:59.902000+00:00,2025-11-21 01:33:00+00:00,continuous,87074.7,87127.8,86900.0,86923.9,16350159.501499996
2025-11-21 01:38:59.555000+00:00,2025-11-21 01:36:00+00:00,continuous,86923.9,87125.0,86880.0,87063.4,29186017.221499924
2025-11-21 01:41:59.892000+00:00,2025-11-21 01:39:00+00:00,continuous,87063.3,87120.7,87034.3,87112.3,12271001.33600001
2025-11-21 01:44:59.821000+00:00,2025-11-21 01:42:00+00:00,continuous,87112.4,87228.6,87106.5,87203.6,13565520.548599962
2025-11-21 01:47:59.586000+00:00,2025-11-21 01:45:00+00:00,continuous,87203.6,87300.0,87130.0,87236.4,11790443.514200015
2025-11-21 01:50:59.306000+00:00,2025-11-21 01:48:00+00:00,continuous,87236.3,87250.0,87099.6,87186.9,11355438.200699994
2025-11-21 01:53:59.975000+00:00,2025-11-21 01:51:00+00:00,continuous,87187.0,87226.8,86959.6,86959.7,18768807.13460002
2025-11-21 01:56:59.894000+00:00,2025-11-21 01:54:00+00:00,continuous,86959.8,87071.1,86959.8,87016.3,18807651.912200004
2025-11-21 01:59:59.929000+00:00,2025-11-21 01:57:00+00:00,continuous,87016.3,87142.3,87005.2,87017.4,11317280.196899986
2025-11-21 02:02:59.979000+00:00,2025-11-21 02:00:00+00:00,continuous,87017.4,87038.0,86857.0,86857.1,23115831.373400018
2025-11-21 02:05:59.955000+00:00,2025-11-21 02:03:00+00:00,continuous,86857.2,86968.8,86700.1,86700.1,37356537.7526
2025-11-21 02:08:59.994000+00:00,2025-11-21 02:06:00+00:00,continuous,86700.2,86877.3,86557.1,86805.6,75213093.83319995
2025-11-21 02:11:59.977000+00:00,2025-11-21 02:09:00+00:00,continuous,86805.5,86815.4,86571.4,86617.4,58498419.779199906
2025-11-21 02:14:59.864000+00:00,2025-11-21 02:12:00+00:00,continuous,86617.4,86625.8,86367.3,86405.3,102131593.31479982
2025-11-21 02:17:59.966000+00:00,2025-11-21 02:15:00+00:00,continuous,86405.3,86580.0,86356.6,86378.2,51341740.821200006
2025-11-21 02:20:59.969000+00:00,2025-11-21 02:18:00+00:00,continuous,86378.3,86492.5,86136.0,86492.5,116920100.85229993
2025-11-21 02:23:59.990000+00:00,2025-11-21 02:21:00+00:00,continuous,86492.4,86750.0,86492.4,86714.0,71633118.78120016
2025-11-21 02:26:59.971000+00:00,2025-11-21 02:24:00+00:00,continuous,86713.9,86763.8,86607.4,86645.8,26073643.094400097
2025-11-21 02:29:59.942000+00:00,2025-11-21 02:27:00+00:00,continuous,86645.8,86664.2,86454.9,86454.9,35241555.39159997
2025-11-21 02:32:59.995000+00:00,2025-11-21 02:30:00+00:00,continuous,86455.0,86537.1,86211.0,86332.2,69586682.05140005
2025-11-21 02:35:59.835000+00:00,2025-11-21 02:33:00+00:00,continuous,86332.3,86633.0,86280.0,86542.4,38072706.001999885
2025-11-21 02:38:59.971000+00:00,2025-11-21 02:36:00+00:00,continuous,86542.5,86600.0,86338.9,86436.7,23077301.58420003
2025-11-21 02:41:59.993000+00:00,2025-11-21 02:39:00+00:00,continuous,86437.2,86459.2,86267.8,86399.9,35417205.28989994
2025-11-21 02:44:59.988000+00:00,2025-11-21 02:42:00+00:00,continuous,86400.7,86453.2,85768.3,85848.0,370710220.4683973
2025-11-21 02:47:59.989000+00:00,2025-11-21 02:45:00+00:00,continuous,85847.9,86223.5,85801.9,86123.1,135031109.03149992
2025-11-21 02:50:59.959000+00:00,2025-11-21 02:48:00+00:00,continuous,86123.2,86225.2,86098.2,86127.8,45261296.025999755
2025-11-21 02:53:59.972000+00:00,2025-11-21 02:51:00+00:00,continuous,86127.9,86136.7,85600.0,85721.6,209259807.252001
2025-11-21 02:56:59.993000+00:00,2025-11-21 02:54:00+00:00,continuous,85721.7,85819.9,85560.1,85594.9,114926612.37279983
2025-11-21 02:59:59.980000+00:00,2025-11-21 02:57:00+00:00,continuous,85594.8,85653.0,85288.0,85396.4,191685823.05190003
2025-11-21 03:02:59.997000+00:00,2025-11-21 03:00:00+00:00,continuous,85396.3,85654.5,85394.9,85593.5,94199596.88419938
2025-11-21 03:05:59.877000+00:00,2025-11-21 03:03:00+00:00,continuous,85593.6,85978.2,85515.1,85907.0,91376113.1000003
2025-11-21 03:08:59.818000+00:00,2025-11-21 03:06:00+00:00,continuous,85907.1,86030.5,85874.6,85995.0,83461711.10440047
2025-11-21 03:11:59.991000+00:00,2025-11-21 03:09:00+00:00,continuous,85995.1,85995.1,85800.0,85866.7,36132004.624099925
2025-11-21 03:14:59.552000+00:00,2025-11-21 03:12:00+00:00,continuous,85866.7,85898.8,85679.0,85745.6,24997784.905500066
2025-11-21 03:17:59.940000+00:00,2025-11-21 03:15:00+00:00,continuous,85745.5,85943.1,85500.0,85536.0,77942888.04839998
2025-11-21 03:20:59.938000+00:00,2025-11-21 03:18:00+00:00,continuous,85535.9,85623.2,85418.7,85598.2,58262857.90299997
2025-11-21 03:23:59.990000+00:00,2025-11-21 03:21:00+00:00,continuous,85598.3,85778.5,85592.5,85626.3,42653511.92960013
2025-11-21 03:26:59.862000+00:00,2025-11-21 03:24:00+00:00,continuous,85626.2,85626.2,85400.0,85501.9,57325157.22100013
2025-11-21 03:29:59.924000+00:00,2025-11-21 03:27:00+00:00,continuous,85501.9,85681.8,85438.0,85657.4,29673863.353999913
2025-11-21 03:32:59.890000+00:00,2025-11-21 03:30:00+00:00,continuous,85657.3,85820.0,85581.2,85721.7,64334765.437200114
2025-11-21 03:35:59.987000+00:00,2025-11-21 03:33:00+00:00,continuous,85721.6,85741.0,85543.0,85610.2,24792947.255700003
2025-11-21 03:38:59.836000+00:00,2025-11-21 03:36:00+00:00,continuous,85610.1,85964.4,85610.1,85824.1,52248810.83939985
2025-11-21 03:41:59.922000+00:00,2025-11-21 03:39:00+00:00,continuous,85824.0,86059.9,85768.2,86029.6,54795418.27279999
2025-11-21 03:44:59.684000+00:00,2025-11-21 03:42:00+00:00,continuous,86029.6,86109.0,85962.8,86023.7,36152594.023800105
2025-11-21 03:47:59.665000+00:00,2025-11-21 03:45:00+00:00,continuous,86023.8,86100.0,85962.7,86018.9,28234534.075100053
2025-11-21 03:50:59.892000+00:00,2025-11-21 03:48:00+00:00,continuous,86019.0,86025.2,85883.2,85954.8,29983869.757599935
2025-11-21 03:53:59.822000+00:00,2025-11-21 03:51:00+00:00,continuous,85954.9,85988.0,85900.0,85929.1,20160097.170799997
2025-11-21 03:56:59.882000+00:00,2025-11-21 03:54:00+00:00,continuous,85929.1,85960.3,85861.1,85930.1,28227096.07230003
2025-11-21 03:59:59.975000+00:00,2025-11-21 03:57:00+00:00,continuous,85930.1,85991.3,85778.5,85782.5,21623282.30780006
2025-11-21 04:02:59.912000+00:00,2025-11-21 04:00:00+00:00,continuous,85782.4,85831.2,85736.2,85778.1,25160405.949100073
2025-11-21 04:05:59.986000+00:00,2025-11-21 04:03:00+00:00,continuous,85778.1,85862.0,85651.0,85651.1,31460055.438500073
2025-11-21 04:08:59.987000+00:00,2025-11-21 04:06:00+00:00,continuous,85651.0,85818.6,85578.6,85584.9,31155085.612699922
2025-11-21 04:11:59.812000+00:00,2025-11-21 04:09:00+00:00,continuous,85584.9,85679.4,85582.2,85676.8,21234808.84520003
2025-11-21 04:14:59.903000+00:00,2025-11-21 04:12:00+00:00,continuous,85676.8,85786.0,85655.0,85670.1,18343627.746799998
2025-11-21 04:17:59.986000+00:00,2025-11-21 04:15:00+00:00,continuous,85670.2,85780.0,85591.3,85694.3,24297939.848299947
2025-11-21 04:20:59.845000+00:00,2025-11-21 04:18:00+00:00,continuous,85694.4,85747.0,85598.9,85747.0,16261440.06670002
2025-11-21 04:23:59.659000+00:00,2025-11-21 04:21:00+00:00,continuous,85747.2,85798.0,85582.1,85633.2,19476123.853499975
2025-11-21 04:26:59.955000+00:00,2025-11-21 04:24:00+00:00,continuous,85633.1,85822.2,85568.0,85822.2,31335862.891999993
2025-11-21 04:29:59.938000+00:00,2025-11-21 04:27:00+00:00,continuous,85822.1,85868.1,85788.8,85818.3,17988785.94510003
2025-11-21 04:32:59.821000+00:00,2025-11-21 04:30:00+00:00,continuous,85818.4,85892.3,85420.1,85430.7,55762941.97750009
2025-11-21 04:35:59.978000+00:00,2025-11-21 04:33:00+00:00,continuous,85430.7,85561.8,85380.0,85458.6,56516677.45799972
2025-11-21 04:38:59.731000+00:00,2025-11-21 04:36:00+00:00,continuous,85458.7,85552.9,85404.8,85430.0,34550379.967299975
2025-11-21 04:41:59.989000+00:00,2025-11-21 04:39:00+00:00,continuous,85430.1,85523.1,85347.9,85514.2,55502441.711699866
2025-11-21 04:44:59.996000+00:00,2025-11-21 04:42:00+00:00,continuous,85514.1,85970.9,85491.7,85843.2,53374453.30869995
2025-11-21 04:47:59.982000+00:00,2025-11-21 04:45:00+00:00,continuous,85843.2,85965.4,85670.5,85702.3,43423287.49900014
2025-11-21 04:50:59.803000+00:00,2025-11-21 04:48:00+00:00,continuous,85702.3,85800.1,85702.3,85776.8,17034903.794799987
2025-11-21 04:53:59.909000+00:00,2025-11-21 04:51:00+00:00,continuous,85776.8,85925.7,85768.3,85925.6,19358073.26960003
2025-11-21 04:56:59.938000+00:00,2025-11-21 04:54:00+00:00,continuous,85925.6,86094.0,85917.0,86032.3,39345409.113200024
2025-11-21 04:59:59.804000+00:00,2025-11-21 04:57:00+00:00,continuous,86032.3,86087.3,85958.2,86016.6,17975101.985200003
2025-11-21 05:02:59.582000+00:00,2025-11-21 05:00:00+00:00,continuous,86016.7,86140.0,85930.0,86024.7,23925429.97200002
2025-11-21 05:05:59.877000+00:00,2025-11-21 05:03:00+00:00,continuous,86024.7,86077.3,85920.1,85943.2,14543220.293300033
2025-11-21 05:08:59.955000+00:00,2025-11-21 05:06:00+00:00,continuous,85943.2,86217.7,85932.1,85974.2,39610818.48429986
2025-11-21 05:11:59.620000+00:00,2025-11-21 05:09:00+00:00,continuous,85974.1,86093.4,85974.1,86039.2,16602121.730200034
2025-11-21 05:14:59.671000+00:00,2025-11-21 05:12:00+00:00,continuous,86039.4,86182.6,86000.0,86170.1,16913642.420800004
2025-11-21 05:17:59.935000+00:00,2025-11-21 05:15:00+00:00,continuous,86170.0,86297.2,86091.3,86266.9,42120021.55700009
2025-11-21 05:20:59.659000+00:00,2025-11-21 05:18:00+00:00,continuous,86266.9,86311.4,86194.4,86265.9,31781066.111899946
2025-11-21 05:23:59.800000+00:00,2025-11-21 05:21:00+00:00,continuous,86265.9,86313.2,86214.1,86248.9,19266014.928199977
2025-11-21 05:26:59.909000+00:00,2025-11-21 05:24:00+00:00,continuous,86248.9,86310.6,86209.7,86295.4,23112650.996399987
2025-11-21 05:29:59.836000+00:00,2025-11-21 05:27:00+00:00,continuous,86295.5,86304.2,86158.3,86171.0,21447913.009199977
2025-11-21 05:32:59.946000+00:00,2025-11-21 05:30:00+00:00,continuous,86170.9,86270.7,86170.9,86175.6,23774894.775400024
2025-11-21 05:35:59.876000+00:00,2025-11-21 05:33:00+00:00,continuous,86175.7,86217.9,86017.7,86023.1,35022615.179999925
2025-11-21 05:38:59.971000+00:00,2025-11-21 05:36:00+00:00,continuous,86023.1,86031.6,85825.3,85867.7,39545582.573700026
2025-11-21 05:41:59.956000+00:00,2025-11-21 05:39:00+00:00,continuous,85867.6,85910.0,85794.0,85888.1,28171729.64030005
2025-11-21 05:44:59.942000+00:00,2025-11-21 05:42:00+00:00,continuous,85888.0,86154.3,85854.6,86018.5,43451802.532100014
2025-11-21 05:47:59.997000+00:00,2025-11-21 05:45:00+00:00,continuous,86018.6,86081.8,85926.7,86071.9,19030419.306799997
2025-11-21 05:50:59.986000+00:00,2025-11-21 05:48:00+00:00,continuous,86071.9,86117.6,85995.9,86117.4,14203582.270400023
2025-11-21 05:53:59.931000+00:00,2025-11-21 05:51:00+00:00,continuous,86117.3,86148.1,86050.3,86064.9,15208585.997499982
2025-11-21 05:56:59.974000+00:00,2025-11-21 05:54:00+00:00,continuous,86065.0,86174.8,86004.8,86081.3,14905812.305200003
2025-11-21 05:59:59.980000+00:00,2025-11-21 05:57:00+00:00,continuous,86081.4,86178.8,86081.4,86148.2,11784501.880900025
2025-11-21 06:02:59.747000+00:00,2025-11-21 06:00:00+00:00,continuous,86148.3,86219.4,85939.2,86000.4,22242290.316199977
2025-11-21 06:05:59.986000+00:00,2025-11-21 06:03:00+00:00,continuous,86000.4,86053.7,85950.0,85974.7,19188390.96690006
2025-11-21 06:08:59.821000+00:00,2025-11-21 06:06:00+00:00,continuous,85974.6,86088.6,85771.1,85825.6,30245136.857800126
2025-11-21 06:11:59.729000+00:00,2025-11-21 06:09:00+00:00,continuous,85825.6,85988.9,85810.3,85861.6,26973928.830500014
2025-11-21 06:14:59.489000+00:00,2025-11-21 06:12:00+00:00,continuous,85861.7,86050.0,85861.7,85934.6,19227173.140199974
2025-11-21 06:17:59.707000+00:00,2025-11-21 06:15:00+00:00,continuous,85934.5,85940.0,85772.9,85819.3,20548499.48680002
2025-11-21 06:20:59.496000+00:00,2025-11-21 06:18:00+00:00,continuous,85819.2,85838.6,85610.3,85665.9,45918623.2750998
2025-11-21 06:23:59.791000+00:00,2025-11-21 06:21:00+00:00,continuous,85665.9,85811.5,85657.8,85740.5,16937652.406999927
2025-11-21 06:26:59.655000+00:00,2025-11-21 06:24:00+00:00,continuous,85740.6,85783.0,85615.5,85747.8,23877391.967999984
2025-11-21 06:29:59.568000+00:00,2025-11-21 06:27:00+00:00,continuous,85747.8,85793.0,85554.6,85594.4,26419822.72059996
2025-11-21 06:32:59.868000+00:00,2025-11-21 06:30:00+00:00,continuous,85594.3,85639.9,85557.4,85564.3,16956676.119599998
2025-11-21 06:35:59.849000+00:00,2025-11-21 06:33:00+00:00,continuous,85564.3,85811.2,85554.1,85719.8,47581345.76239993
2025-11-21 06:38:59.937000+00:00,2025-11-21 06:36:00+00:00,continuous,85719.8,85737.9,85508.3,85573.3,33156467.830799975
2025-11-21 06:41:59.951000+00:00,2025-11-21 06:39:00+00:00,continuous,85573.2,85742.1,85501.0,85597.8,32478324.612699922
2025-11-21 06:44:59.871000+00:00,2025-11-21 06:42:00+00:00,continuous,85597.7,85696.9,85574.8,85631.1,19381115.34840003
2025-11-21 06:47:59.314000+00:00,2025-11-21 06:45:00+00:00,continuous,85631.2,85668.6,85531.4,85637.2,22520266.85830006
2025-11-21 06:50:59.991000+00:00,2025-11-21 06:48:00+00:00,continuous,85637.2,85692.4,85610.5,85648.7,15850855.397299988
2025-11-21 06:53:59.718000+00:00,2025-11-21 06:51:00+00:00,continuous,85648.6,85699.9,85515.8,85531.4,20618119.480099984
2025-11-21 06:56:59.665000+00:00,2025-11-21 06:54:00+00:00,continuous,85531.4,85637.2,85503.4,85551.8,38681941.01410001
2025-11-21 06:59:59.998000+00:00,2025-11-21 06:57:00+00:00,continuous,85551.8,85596.0,85516.0,85541.3,40467988.64790004
2025-11-21 07:02:59.898000+00:00,2025-11-21 07:00:00+00:00,continuous,85541.4,85620.0,85508.6,85558.4,29403570.36520007
2025-11-21 07:05:59.934000+00:00,2025-11-21 07:03:00+00:00,continuous,85558.4,85734.8,85452.7,85594.4,48126434.79619998
2025-11-21 07:08:59.997000+00:00,2025-11-21 07:06:00+00:00,continuous,85594.4,85594.5,85411.3,85437.4,40369057.15789987
2025-11-21 07:11:59.912000+00:00,2025-11-21 07:09:00+00:00,continuous,85437.5,85510.7,85423.1,85469.3,43343159.68959995
2025-11-21 07:14:59.831000+00:00,2025-11-21 07:12:00+00:00,continuous,85469.4,85510.0,85408.0,85486.8,29921446.79600001
2025-11-21 07:17:59.965000+00:00,2025-11-21 07:15:00+00:00,continuous,85486.9,85495.1,85352.9,85386.1,51034945.688100144
2025-11-21 07:20:59.997000+00:00,2025-11-21 07:18:00+00:00,continuous,85386.2,85478.1,85134.0,85135.6,93844578.72320011
2025-11-21 07:23:59.912000+00:00,2025-11-21 07:21:00+00:00,continuous,85134.0,85291.9,85101.0,85263.9,109461757.96250057
2025-11-21 07:26:59.995000+00:00,2025-11-21 07:24:00+00:00,continuous,85264.0,85333.0,85239.8,85250.0,35567253.96780002
2025-11-21 07:29:59.944000+00:00,2025-11-21 07:27:00+00:00,continuous,85250.1,85324.1,85160.8,85175.9,47491829.46460006
2025-11-21 07:32:59.986000+00:00,2025-11-21 07:30:00+00:00,continuous,85175.8,85278.2,84287.6,84779.9,507163412.8298032
2025-11-21 07:35:59.966000+00:00,2025-11-21 07:33:00+00:00,continuous,84780.0,84810.0,81111.0,83754.0,2048103713.9164705
2025-11-21 07:38:59.956000+00:00,2025-11-21 07:36:00+00:00,continuous,83753.9,84062.3,83100.8,83964.4,558423838.5023994
2025-11-21 07:41:59.957000+00:00,2025-11-21 07:39:00+00:00,continuous,83965.3,84506.2,83905.7,84356.2,378409171.41309804
2025-11-21 07:44:59.943000+00:00,2025-11-21 07:42:00+00:00,continuous,84356.1,84448.0,84046.6,84321.2,231218908.1084005
2025-11-21 07:47:59.996000+00:00,2025-11-21 07:45:00+00:00,continuous,84321.3,84352.0,83800.0,83985.4,229641438.74909818
2025-11-21 07:50:59.987000+00:00,2025-11-21 07:48:00+00:00,continuous,83985.3,84342.7,83750.0,84251.7,160925151.93130082
2025-11-21 07:53:59.965000+00:00,2025-11-21 07:51:00+00:00,continuous,84251.6,84251.7,83928.6,83992.9,113952433.18870017
2025-11-21 07:56:59.974000+00:00,2025-11-21 07:54:00+00:00,continuous,83992.9,84078.6,83750.0,84063.4,97538906.71620047
2025-11-21 07:59:59.973000+00:00,2025-11-21 07:57:00+00:00,continuous,84063.5,84085.8,83812.2,84006.7,94751490.63580042
2025-11-21 08:02:59.994000+00:00,2025-11-21 08:00:00+00:00,continuous,84006.6,84079.6,83873.4,83915.1,88858676.67980045
2025-11-21 08:05:59.968000+00:00,2025-11-21 08:03:00+00:00,continuous,83915.2,84155.9,83638.7,84148.6,160868189.665201
2025-11-21 08:08:59.973000+00:00,2025-11-21 08:06:00+00:00,continuous,84148.5,84388.1,84088.0,84199.6,144562394.8900014
2025-11-21 08:11:59.830000+00:00,2025-11-21 08:09:00+00:00,continuous,84199.4,84474.0,84096.3,84387.4,96549330.8370999
2025-11-21 08:14:59.988000+00:00,2025-11-21 08:12:00+00:00,continuous,84387.4,84667.1,84365.3,84457.2,117257763.47999981
2025-11-21 08:17:59.876000+00:00,2025-11-21 08:15:00+00:00,continuous,84456.8,84665.6,84445.2,84540.7,81694682.00789957
2025-11-21 08:20:59.965000+00:00,2025-11-21 08:18:00+00:00,continuous,84540.7,84557.7,84276.0,84481.4,85338234.69140026
2025-11-21 08:23:59.936000+00:00,2025-11-21 08:21:00+00:00,continuous,84481.4,84545.1,84341.2,84527.5,69491176.69710012
2025-11-21 08:26:59.940000+00:00,2025-11-21 08:24:00+00:00,continuous,84527.5,84600.0,84227.8,84243.6,44468944.3038
2025-11-21 08:29:59.971000+00:00,2025-11-21 08:27:00+00:00,continuous,84243.7,84364.2,84152.9,84192.5,67368180.65999998
2025-11-21 08:32:59.981000+00:00,2025-11-21 08:30:00+00:00,continuous,84192.4,84400.0,84123.9,84383.9,65199932.34660017
2025-11-21 08:35:59.870000+00:00,2025-11-21 08:33:00+00:00,continuous,84384.0,84399.5,83950.2,84051.7,68758495.61810024
2025-11-21 08:38:59.999000+00:00,2025-11-21 08:36:00+00:00,continuous,84051.6,84072.8,83878.6,84000.0,78118932.97759998
2025-11-21 08:41:59.983000+00:00,2025-11-21 08:39:00+00:00,continuous,84000.1,84059.3,83774.9,83903.9,71907658.70620008
2025-11-21 08:44:59.978000+00:00,2025-11-21 08:42:00+00:00,continuous,83904.0,83928.4,83713.4,83769.6,84276152.49100001
2025-11-21 08:47:59.999000+00:00,2025-11-21 08:45:00+00:00,continuous,83769.7,83951.1,83688.5,83939.6,72753745.70090032
2025-11-21 08:50:59.965000+00:00,2025-11-21 08:48:00+00:00,continuous,83939.8,83961.3,83600.1,83642.9,65414338.02540015
2025-11-21 08:53:59.872000+00:00,2025-11-21 08:51:00+00:00,continuous,83643.0,83798.3,83550.6,83749.9,71014987.14570002
2025-11-21 08:56:59.843000+00:00,2025-11-21 08:54:00+00:00,continuous,83749.9,83840.5,83605.4,83793.4,49767433.38800007
2025-11-21 08:59:59.981000+00:00,2025-11-21 08:57:00+00:00,continuous,83793.4,83834.6,83609.6,83609.6,38343341.77849991
2025-11-21 09:02:59.870000+00:00,2025-11-21 09:00:00+00:00,continuous,83609.6,83896.2,83609.6,83860.8,62080527.68659978
2025-11-21 09:05:59.895000+00:00,2025-11-21 09:03:00+00:00,continuous,83860.7,83958.8,83800.7,83804.3,50431185.380899906
2025-11-21 09:08:59.930000+00:00,2025-11-21 09:06:00+00:00,continuous,83804.3,83843.9,83658.3,83694.3,53947727.77509994
2025-11-21 09:11:59.893000+00:00,2025-11-21 09:09:00+00:00,continuous,83694.4,83878.7,83559.5,83815.6,49105856.35019993
2025-11-21 09:14:59.894000+00:00,2025-11-21 09:12:00+00:00,continuous,83815.5,83838.4,83614.7,83677.4,35261861.44659998
2025-11-21 09:17:59.921000+00:00,2025-11-21 09:15:00+00:00,continuous,83677.5,83743.5,83569.8,83683.6,28996954.124799963
2025-11-21 09:20:59.994000+00:00,2025-11-21 09:18:00+00:00,continuous,83683.6,83683.6,83344.8,83480.0,87181663.34950024
2025-11-21 09:23:59.918000+00:00,2025-11-21 09:21:00+00:00,continuous,83480.1,83571.6,83258.7,83333.8,119228183.57359965
2025-11-21 09:26:59.962000+00:00,2025-11-21 09:24:00+00:00,continuous,83333.7,83379.6,83100.0,83152.6,133649349.79790068
2025-11-21 09:29:59.979000+00:00,2025-11-21 09:27:00+00:00,continuous,83152.7,83295.4,83019.8,83043.9,116942104.54309998
2025-11-21 09:32:59.994000+00:00,2025-11-21 09:30:00+00:00,continuous,83043.8,83210.5,82660.0,82759.4,269251743.04890025
2025-11-21 09:35:59.994000+00:00,2025-11-21 09:33:00+00:00,continuous,82759.1,82957.4,82705.3,82945.0,131597486.1665999
2025-11-21 09:38:59.940000+00:00,2025-11-21 09:36:00+00:00,continuous,82945.3,82952.6,82710.0,82710.2,79320148.9668998
2025-11-21 09:41:59.921000+00:00,2025-11-21 09:39:00+00:00,continuous,82710.3,82762.0,82470.1,82503.8,181515750.53199998
2025-11-21 09:44:59.934000+00:00,2025-11-21 09:42:00+00:00,continuous,82503.9,82640.0,82431.1,82619.6,127193663.27140069
2025-11-21 09:47:59.801000+00:00,2025-11-21 09:45:00+00:00,continuous,82619.5,82703.0,82550.0,82697.8,79147547.74130031
2025-11-21 09:50:59.882000+00:00,2025-11-21 09:48:00+00:00,continuous,82697.7,82730.1,82444.0,82485.1,98728898.94360064
2025-11-21 09:53:59.979000+00:00,2025-11-21 09:51:00+00:00,continuous,82485.0,82565.3,82204.3,82222.4,160925645.93580052
2025-11-21 09:56:59.985000+00:00,2025-11-21 09:54:00+00:00,continuous,82222.5,82492.5,82074.3,82469.5,157138956.6950998
2025-11-21 09:59:59.964000+00:00,2025-11-21 09:57:00+00:00,continuous,82469.4,82489.0,82175.0,82188.7,80739162.77269995
2025-11-21 10:02:59.980000+00:00,2025-11-21 10:00:00+00:00,continuous,82188.6,82237.4,82000.0,82046.4,112896205.98980007
2025-11-21 10:05:59.954000+00:00,2025-11-21 10:03:00+00:00,continuous,82046.5,82370.0,81690.7,82020.6,344082710.9031986
2025-11-21 10:08:59.937000+00:00,2025-11-21 10:06:00+00:00,continuous,82020.5,82121.6,81761.0,81982.5,188146031.99540016
2025-11-21 10:11:59.994000+00:00,2025-11-21 10:09:00+00:00,continuous,81982.6,82422.2,81971.1,82348.0,174343935.20550063
2025-11-21 10:14:59.816000+00:00,2025-11-21 10:12:00+00:00,continuous,82347.9,82470.9,82035.0,82070.3,140976904.17220008
2025-11-21 10:17:59.983000+00:00,2025-11-21 10:15:00+00:00,continuous,82070.3,82183.0,81601.7,81941.4,170794046.22479907
2025-11-21 10:20:59.839000+00:00,2025-11-21 10:18:00+00:00,continuous,81941.3,82049.1,81728.8,81925.6,77835229.04329987
2025-11-21 10:23:59.917000+00:00,2025-11-21 10:21:00+00:00,continuous,81925.5,82195.2,81900.0,81965.1,85336644.73350029
2025-11-21 10:26:59.894000+00:00,2025-11-21 10:24:00+00:00,continuous,81965.2,82457.9,81941.9,82270.9,111880739.04560013
2025-11-21 10:29:59.889000+00:00,2025-11-21 10:27:00+00:00,continuous,82270.9,82270.9,81928.6,82033.3,59593394.43209952
2025-11-21 10:32:59.951000+00:00,2025-11-21 10:30:00+00:00,continuous,82033.3,82442.6,82017.6,82411.6,94078527.5183997
2025-11-21 10:35:59.865000+00:00,2025-11-21 10:33:00+00:00,continuous,82411.6,82687.2,82355.1,82507.3,129006257.85430007
2025-11-21 10:38:59.993000+00:00,2025-11-21 10:36:00+00:00,continuous,82507.3,82842.4,82429.8,82809.0,121520170.77130003
2025-11-21 10:41:59.912000+00:00,2025-11-21 10:39:00+00:00,continuous,82809.0,82881.9,82569.3,82621.1,93012565.8991
2025-11-21 10:44:59.982000+00:00,2025-11-21 10:42:00+00:00,continuous,82621.2,82621.2,82456.0,82525.6,79356820.80350006
2025-11-21 10:47:59.878000+00:00,2025-11-21 10:45:00+00:00,continuous,82525.7,82588.0,82409.8,82499.9,33991746.82400002
2025-11-21 10:50:59.985000+00:00,2025-11-21 10:48:00+00:00,continuous,82499.9,82545.2,82325.8,82413.7,40838485.412500046
2025-11-21 10:53:59.936000+00:00,2025-11-21 10:51:00+00:00,continuous,82413.7,82721.3,82391.5,82709.2,52854085.36199983
2025-11-21 10:56:59.891000+00:00,2025-11-21 10:54:00+00:00,continuous,82709.3,82769.7,82600.0,82618.1,32791529.64409998
2025-11-21 10:59:59.911000+00:00,2025-11-21 10:57:00+00:00,continuous,82618.2,82776.2,82612.0,82673.1,32263486.008500043
2025-11-21 11:02:59.894000+00:00,2025-11-21 11:00:00+00:00,continuous,82673.1,82926.6,82579.3,82846.0,58348097.46979977
2025-11-21 11:05:59.907000+00:00,2025-11-21 11:03:00+00:00,continuous,82846.0,82958.9,82800.3,82870.0,61944104.92639993
2025-11-21 11:08:59.885000+00:00,2025-11-21 11:06:00+00:00,continuous,82870.0,83298.5,82769.1,83257.6,118815401.76779953
2025-11-21 11:11:59.991000+00:00,2025-11-21 11:09:00+00:00,continuous,83257.5,83332.8,83000.1,83086.0,106530577.64509955
2025-11-21 11:14:59.988000+00:00,2025-11-21 11:12:00+00:00,continuous,83086.1,83086.1,82887.1,83049.3,63743792.21960023
2025-11-21 11:17:59.877000+00:00,2025-11-21 11:15:00+00:00,continuous,83049.3,83154.9,82970.0,83000.0,32911703.740399953
2025-11-21 11:20:59.857000+00:00,2025-11-21 11:18:00+00:00,continuous,82999.9,83017.2,82807.9,82997.6,44880563.08149971
2025-11-21 11:23:59.941000+00:00,2025-11-21 11:21:00+00:00,continuous,82997.5,83198.6,82948.5,83118.7,30142543.703999937
2025-11-21 11:26:59.782000+00:00,2025-11-21 11:24:00+00:00,continuous,83118.7,83128.8,82995.0,83000.3,17431279.567400005
2025-11-21 11:29:59.998000+00:00,2025-11-21 11:27:00+00:00,continuous,83000.2,83028.1,82888.0,82892.6,18375005.050400067
2025-11-21 11:32:59.960000+00:00,2025-11-21 11:30:00+00:00,continuous,82892.5,83045.6,82859.0,83045.5,38029727.58280001
2025-11-21 11:35:59.998000+00:00,2025-11-21 11:33:00+00:00,continuous,83045.6,83073.3,82684.4,82738.2,51798727.802599914
2025-11-21 11:38:59.888000+00:00,2025-11-21 11:36:00+00:00,continuous,82738.8,82769.5,82569.5,82607.6,55499203.14220019
2025-11-21 11:41:59.951000+00:00,2025-11-21 11:39:00+00:00,continuous,82607.6,82672.6,82333.3,82438.2,107608912.1604003
2025-11-21 11:44:59.987000+00:00,2025-11-21 11:42:00+00:00,continuous,82438.2,82522.8,82339.0,82485.5,42781691.300399974
2025-11-21 11:47:59.882000+00:00,2025-11-21 11:45:00+00:00,continuous,82485.6,82493.2,82236.8,82295.0,45469447.26199999
2025-11-21 11:50:59.995000+00:00,2025-11-21 11:48:00+00:00,continuous,82295.0,82378.8,82200.0,82323.5,62847275.74980011
2025-11-21 11:53:59.937000+00:00,2025-11-21 11:51:00+00:00,continuous,82323.4,82363.9,82157.7,82249.2,44206290.79999997
2025-11-21 11:56:59.999000+00:00,2025-11-21 11:54:00+00:00,continuous,82249.3,82329.9,82176.3,82181.6,41524323.35729984
2025-11-21 11:59:59.927000+00:00,2025-11-21 11:57:00+00:00,continuous,82181.7,82379.6,82181.7,82279.1,33733375.73950008
2025-11-21 12:02:59.970000+00:00,2025-11-21 12:00:00+00:00,continuous,82279.2,82422.2,82212.5,82277.0,45447285.719000034
2025-11-21 12:05:59.929000+00:00,2025-11-21 12:03:00+00:00,continuous,82277.0,82368.6,82040.7,82074.3,86231643.61809999
2025-11-21 12:08:59.931000+00:00,2025-11-21 12:06:00+00:00,continuous,82074.3,82170.8,81900.0,81975.3,112772426.50770046
2025-11-21 12:11:59.896000+00:00,2025-11-21 12:09:00+00:00,continuous,81975.3,82104.9,81950.6,82097.0,78604612.19260025
2025-11-21 12:14:59.894000+00:00,2025-11-21 12:12:00+00:00,continuous,82096.9,82344.9,82000.0,82277.9,87525397.41010037
2025-11-21 12:17:59.728000+00:00,2025-11-21 12:15:00+00:00,continuous,82277.9,82277.9,81926.1,82008.3,74243766.65820011
2025-11-21 12:20:59.949000+00:00,2025-11-21 12:18:00+00:00,continuous,82008.2,82035.6,81806.5,81827.1,67290603.23369992
2025-11-21 12:23:59.918000+00:00,2025-11-21 12:21:00+00:00,continuous,81827.1,81831.5,80734.2,81118.2,606391057.9969035
2025-11-21 12:26:59.964000+00:00,2025-11-21 12:24:00+00:00,continuous,81118.3,81416.2,80880.0,81103.2,224199363.1612993
2025-11-21 12:29:59.972000+00:00,2025-11-21 12:27:00+00:00,continuous,81103.3,81131.8,80600.0,80920.1,300299877.05919826
2025-11-21 12:32:59.997000+00:00,2025-11-21 12:30:00+00:00,continuous,80925.2,81871.0,80925.1,81560.7,387504032.1557014
2025-11-21 12:35:59.969000+00:00,2025-11-21 12:33:00+00:00,continuous,81559.2,81871.5,81405.2,81800.0,172738474.5132998
2025-11-21 12:38:59.993000+00:00,2025-11-21 12:36:00+00:00,continuous,81799.9,82835.7,81685.9,82736.8,424373241.7193016
2025-11-21 12:41:59.999000+00:00,2025-11-21 12:39:00+00:00,continuous,82736.9,82959.6,82587.8,82857.0,263284477.31179813
2025-11-21 12:44:59.948000+00:00,2025-11-21 12:42:00+00:00,continuous,82857.3,82999.6,82499.8,82968.0,161689541.5077997
2025-11-21 12:47:59.980000+00:00,2025-11-21 12:45:00+00:00,continuous,82968.0,83400.0,82955.4,83223.7,273404510.8557015
2025-11-21 12:50:59.995000+00:00,2025-11-21 12:48:00+00:00,continuous,83223.4,83499.0,82951.7,83462.0,163116769.37960023
2025-11-21 12:53:59.977000+00:00,2025-11-21 12:51:00+00:00,continuous,83461.9,83569.2,83320.2,83530.3,121480095.59849927
2025-11-21 12:56:59.997000+00:00,2025-11-21 12:54:00+00:00,continuous,83530.4,83562.9,83108.8,83149.0,120534786.70799904
2025-11-21 12:59:59.862000+00:00,2025-11-21 12:57:00+00:00,continuous,83148.9,83278.2,83012.0,83240.1,79754455.19650012
2025-11-21 13:02:59.961000+00:00,2025-11-21 13:00:00+00:00,continuous,83240.1,83420.0,83106.9,83338.4,89401077.29470013
2025-11-21 13:05:59.971000+00:00,2025-11-21 13:03:00+00:00,continuous,83338.3,83459.5,83060.3,83367.6,95886026.93189983
2025-11-21 13:08:59.994000+00:00,2025-11-21 13:06:00+00:00,continuous,83367.7,83683.8,83315.9,83630.1,125008433.3612002
2025-11-21 13:11:59.968000+00:00,2025-11-21 13:09:00+00:00,continuous,83630.0,83846.1,83453.2,83604.8,136910669.24649918
2025-11-21 13:14:59.949000+00:00,2025-11-21 13:12:00+00:00,continuous,83604.8,83795.1,83561.4,83775.7,68892321.6551997
2025-11-21 13:17:59.974000+00:00,2025-11-21 13:15:00+00:00,continuous,83775.8,84315.2,83755.3,84168.0,226320188.5982993
2025-11-21 13:20:59.976000+00:00,2025-11-21 13:18:00+00:00,continuous,84167.9,84173.1,83914.3,83982.5,106666797.14719906
2025-11-21 13:23:59.964000+00:00,2025-11-21 13:21:00+00:00,continuous,83982.8,84107.5,83671.1,83720.8,113204720.13009997
2025-11-21 13:26:59.997000+00:00,2025-11-21 13:24:00+00:00,continuous,83720.8,83754.3,83529.0,83663.3,97468654.72900043
2025-11-21 13:29:59.944000+00:00,2025-11-21 13:27:00+00:00,continuous,83663.4,83683.6,83343.7,83384.5,192679626.28790036
2025-11-21 13:32:59.982000+00:00,2025-11-21 13:30:00+00:00,continuous,83384.6,83562.2,83368.9,83400.4,56266430.74279972
2025-11-21 13:35:59.901000+00:00,2025-11-21 13:33:00+00:00,continuous,83400.0,83759.0,83234.3,83714.8,73056010.76819997
2025-11-21 13:38:59.938000+00:00,2025-11-21 13:36:00+00:00,continuous,83714.9,83961.9,83699.1,83893.5,88313377.58300017
2025-11-21 13:41:59.950000+00:00,2025-11-21 13:39:00+00:00,continuous,83893.5,84075.9,83787.9,84049.9,50554216.54340004
2025-11-21 13:44:59.967000+00:00,2025-11-21 13:42:00+00:00,continuous,84050.0,84145.1,84032.1,84106.6,67596961.80620009
2025-11-21 13:47:59.902000+00:00,2025-11-21 13:45:00+00:00,continuous,84106.6,84310.6,84043.0,84141.7,91956370.59130022
2025-11-21 13:50:59.950000+00:00,2025-11-21 13:48:00+00:00,continuous,84141.7,84378.8,83996.5,84110.6,100713785.93450044
2025-11-21 13:53:59.946000+00:00,2025-11-21 13:51:00+00:00,continuous,84110.7,84384.6,84102.0,84194.9,80495014.24310021
2025-11-21 13:56:59.996000+00:00,2025-11-21 13:54:00+00:00,continuous,84194.8,84252.4,84062.5,84137.9,52779214.70010009
2025-11-21 13:59:59.934000+00:00,2025-11-21 13:57:00+00:00,continuous,84136.5,84207.6,84065.1,84065.2,43186647.52090003
2025-11-21 14:02:59.979000+00:00,2025-11-21 14:00:00+00:00,continuous,84065.3,84108.8,83775.9,83914.4,137092357.78269982
2025-11-21 14:05:59.930000+00:00,2025-11-21 14:03:00+00:00,continuous,83914.5,83950.0,83699.9,83724.1,76523292.51479968
2025-11-21 14:08:59.840000+00:00,2025-11-21 14:06:00+00:00,continuous,83724.2,84094.6,83707.9,84041.9,61898836.16300019
2025-11-21 14:11:59.847000+00:00,2025-11-21 14:09:00+00:00,continuous,84041.8,84172.9,83880.1,83943.2,51464442.01290006
2025-11-21 14:14:59.950000+00:00,2025-11-21 14:12:00+00:00,continuous,83943.1,83957.7,83780.8,83780.9,42405833.28099991
2025-11-21 14:17:59.980000+00:00,2025-11-21 14:15:00+00:00,continuous,83780.8,83780.8,83508.7,83592.8,90194494.06029989
2025-11-21 14:20:59.925000+00:00,2025-11-21 14:18:00+00:00,continuous,83592.9,83727.0,83552.1,83677.2,52182524.25979984
2025-11-21 14:23:59.953000+00:00,2025-11-21 14:21:00+00:00,continuous,83677.3,83798.0,83634.2,83785.8,41681847.5084
2025-11-21 14:26:59.837000+00:00,2025-11-21 14:24:00+00:00,continuous,83785.9,83798.0,83573.8,83591.0,29027306.67580013
2025-11-21 14:29:59.897000+00:00,2025-11-21 14:27:00+00:00,continuous,83591.0,83678.9,83519.0,83647.5,55348598.75619996
2025-11-21 14:32:59.948000+00:00,2025-11-21 14:30:00+00:00,continuous,83647.4,84300.0,83542.9,84229.0,235628610.30550218
2025-11-21 14:35:59.896000+00:00,2025-11-21 14:33:00+00:00,continuous,84228.9,84880.2,83965.2,84849.9,352084399.1520048
2025-11-21 14:38:59.987000+00:00,2025-11-21 14:36:00+00:00,continuous,84850.0,85100.0,84670.4,84760.0,293306578.85559845
2025-11-21 14:41:59.928000+00:00,2025-11-21 14:39:00+00:00,continuous,84760.1,85241.7,84658.9,85140.1,179040151.6068007
2025-11-21 14:44:59.995000+00:00,2025-11-21 14:42:00+00:00,continuous,85140.1,85250.7,84730.5,84868.0,149894546.46569997
2025-11-21 14:47:59.986000+00:00,2025-11-21 14:45:00+00:00,continuous,84868.1,84945.2,84195.1,84230.6,199205977.3677994
2025-11-21 14:50:59.961000+00:00,2025-11-21 14:48:00+00:00,continuous,84230.7,84650.0,84220.9,84609.3,140367960.1842005
2025-11-21 14:53:59.983000+00:00,2025-11-21 14:51:00+00:00,continuous,84609.3,85184.0,84537.5,85142.5,168442404.6157014
2025-11-21 14:56:59.995000+00:00,2025-11-21 14:54:00+00:00,continuous,85142.4,85449.2,84988.0,85028.4,177613675.00299934
2025-11-21 14:59:59.901000+00:00,2025-11-21 14:57:00+00:00,continuous,85027.9,85150.0,84788.1,84801.0,92682493.97149967
2025-11-21 15:02:59.838000+00:00,2025-11-21 15:00:00+00:00,continuous,84801.0,85063.5,84420.5,84432.6,160392432.299801
2025-11-21 15:05:59.884000+00:00,2025-11-21 15:03:00+00:00,continuous,84432.6,84688.0,84279.2,84593.0,117504477.11100109
2025-11-21 15:08:59.922000+00:00,2025-11-21 15:06:00+00:00,continuous,84593.0,84754.4,84268.6,84406.8,76968697.78989929
2025-11-21 15:11:59.937000+00:00,2025-11-21 15:09:00+00:00,continuous,84406.8,84473.9,84280.0,84392.6,55161061.37650004
2025-11-21 15:14:59.919000+00:00,2025-11-21 15:12:00+00:00,continuous,84392.6,84438.8,84001.1,84136.5,105715461.23609999
2025-11-21 15:17:59.928000+00:00,2025-11-21 15:15:00+00:00,continuous,84136.4,84265.0,83792.0,83914.2,121380640.92570002
2025-11-21 15:20:59.964000+00:00,2025-11-21 15:18:00+00:00,continuous,83914.3,84171.8,83750.6,83824.2,121767544.32119998
2025-11-21 15:23:59.894000+00:00,2025-11-21 15:21:00+00:00,continuous,83824.1,84088.5,83656.2,84032.3,122448503.00779988
2025-11-21 15:26:59.916000+00:00,2025-11-21 15:24:00+00:00,continuous,84032.3,84307.2,83763.1,83872.9,107540014.21120009
2025-11-21 15:29:59.961000+00:00,2025-11-21 15:27:00+00:00,continuous,83872.9,83875.4,83560.9,83594.0,103870128.13560084
2025-11-21 15:32:59.999000+00:00,2025-11-21 15:30:00+00:00,continuous,83594.1,83835.7,83481.0,83760.0,110756029.71170087
2025-11-21 15:35:59.920000+00:00,2025-11-21 15:33:00+00:00,continuous,83760.0,83770.0,83270.0,83310.5,165295398.5971996
2025-11-21 15:38:59.983000+00:00,2025-11-21 15:36:00+00:00,continuous,83310.5,83390.2,83011.8,83150.0,192008859.36159953
2025-11-21 15:41:59.977000+00:00,2025-11-21 15:39:00+00:00,continuous,83150.0,83165.0,82833.0,82955.0,168863739.26649976
2025-11-21 15:44:59.961000+00:00,2025-11-21 15:42:00+00:00,continuous,82954.9,83288.8,82759.0,83205.4,164232591.45010033
2025-11-21 15:47:59.857000+00:00,2025-11-21 15:45:00+00:00,continuous,83205.5,83373.0,83089.1,83299.9,101875862.33080079
2025-11-21 15:50:59.581000+00:00,2025-11-21 15:48:00+00:00,continuous,83299.9,83340.3,83049.8,83178.3,69411821.26990007
2025-11-21 15:53:59.888000+00:00,2025-11-21 15:51:00+00:00,continuous,83178.3,83194.9,82699.9,82845.8,121094941.62380062
2025-11-21 15:56:59.929000+00:00,2025-11-21 15:54:00+00:00,continuous,82845.8,83189.4,82845.8,83132.1,85046666.16620052
2025-11-21 15:59:59.841000+00:00,2025-11-21 15:57:00+00:00,continuous,83132.1,83137.5,82759.0,82905.1,83439542.24379966
2025-11-21 16:02:59.997000+00:00,2025-11-21 16:00:00+00:00,continuous,82905.0,83085.8,82749.1,82819.2,97278564.90600078
2025-11-21 16:05:59.994000+00:00,2025-11-21 16:03:00+00:00,continuous,82819.1,82866.3,82300.0,82444.8,237722099.9156007
2025-11-21 16:08:59.978000+00:00,2025-11-21 16:06:00+00:00,continuous,82444.9,83062.3,82325.9,82813.3,151816664.9394011
2025-11-21 16:11:59.943000+00:00,2025-11-21 16:09:00+00:00,continuous,82813.2,82988.1,82670.6,82798.7,106429571.2218005
2025-11-21 16:14:59.984000+00:00,2025-11-21 16:12:00+00:00,continuous,82798.8,82970.0,82616.3,82901.2,72978323.09999993
2025-11-21 16:17:59.966000+00:00,2025-11-21 16:15:00+00:00,continuous,82901.2,83109.6,82717.3,82865.4,105404084.32979932
2025-11-21 16:20:59.916000+00:00,2025-11-21 16:18:00+00:00,continuous,82865.5,82950.0,82513.2,82911.5,98435050.78760006
2025-11-21 16:23:59.970000+00:00,2025-11-21 16:21:00+00:00,continuous,82911.8,83248.6,82816.6,82939.3,186356556.742398
2025-11-21 16:26:59.686000+00:00,2025-11-21 16:24:00+00:00,continuous,82939.3,83204.5,82939.3,83104.2,62668610.0629001
2025-11-21 16:29:59.975000+00:00,2025-11-21 16:27:00+00:00,continuous,83104.1,83337.7,83042.5,83257.2,111058818.8353997
2025-11-21 16:32:59.889000+00:00,2025-11-21 16:30:00+00:00,continuous,83257.3,83324.8,82913.5,83082.0,77140506.77559994
2025-11-21 16:35:59.973000+00:00,2025-11-21 16:33:00+00:00,continuous,83081.9,83235.4,83071.5,83124.2,45744905.0491001
2025-11-21 16:38:59.920000+00:00,2025-11-21 16:36:00+00:00,continuous,83124.2,83783.9,83108.5,83731.1,185794616.2267998
2025-11-21 16:41:59.924000+00:00,2025-11-21 16:39:00+00:00,continuous,83731.0,83757.8,83500.0,83547.7,79896494.04170027
2025-11-21 16:44:59.810000+00:00,2025-11-21 16:42:00+00:00,continuous,83547.7,83585.9,83213.2,83339.3,87142053.25310004
2025-11-21 16:47:59.848000+00:00,2025-11-21 16:45:00+00:00,continuous,83339.4,83569.5,83100.0,83560.3,51869339.76139992
2025-11-21 16:50:59.955000+00:00,2025-11-21 16:48:00+00:00,continuous,83560.3,83898.1,83560.2,83877.9,109096051.70169961
2025-11-21 16:53:59.996000+00:00,2025-11-21 16:51:00+00:00,continuous,83877.9,84500.0,83877.8,84431.2,280957791.72669756
2025-11-21 16:56:59.985000+00:00,2025-11-21 16:54:00+00:00,continuous,84431.1,84742.3,84319.0,84691.7,141065885.4902
2025-11-21 16:59:59.984000+00:00,2025-11-21 16:57:00+00:00,continuous,84691.3,84900.1,84515.1,84883.1,103741434.20109946
2025-11-21 17:02:59.896000+00:00,2025-11-21 17:00:00+00:00,continuous,84883.0,84945.7,84524.5,84687.6,192563965.8169011
2025-11-21 17:05:59.903000+00:00,2025-11-21 17:03:00+00:00,continuous,84687.6,85000.0,84687.6,84957.0,62883942.388099425
2025-11-21 17:08:59.917000+00:00,2025-11-21 17:06:00+00:00,continuous,84957.0,85500.0,84952.0,85280.5,222573122.12780112
2025-11-21 17:11:59.917000+00:00,2025-11-21 17:09:00+00:00,continuous,85280.6,85440.0,85072.7,85212.7,100110913.54610051
2025-11-21 17:14:59.939000+00:00,2025-11-21 17:12:00+00:00,continuous,85212.8,85270.4,85001.5,85106.0,87003744.50570045
2025-11-21 17:17:59.999000+00:00,2025-11-21 17:15:00+00:00,continuous,85106.1,85284.8,84925.0,85108.7,82033505.97399977
2025-11-21 17:20:59.894000+00:00,2025-11-21 17:18:00+00:00,continuous,85108.1,85416.0,84902.2,85003.4,98227479.4685994
2025-11-21 17:23:59.895000+00:00,2025-11-21 17:21:00+00:00,continuous,85003.5,85322.8,84992.7,85322.8,81558840.22050019
2025-11-21 17:26:59.821000+00:00,2025-11-21 17:24:00+00:00,continuous,85322.7,85548.4,85260.1,85269.0,102429974.41359991
2025-11-21 17:29:59.877000+00:00,2025-11-21 17:27:00+00:00,continuous,85268.9,85269.0,85006.0,85162.9,74248734.16560002
2025-11-21 17:32:59.979000+00:00,2025-11-21 17:30:00+00:00,continuous,85162.9,85389.9,85162.1,85307.4,47126850.05320007
2025-11-21 17:35:59.978000+00:00,2025-11-21 17:33:00+00:00,continuous,85307.3,85449.9,85284.0,85354.9,45412130.82509994
2025-11-21 17:38:59.986000+00:00,2025-11-21 17:36:00+00:00,continuous,85355.0,85436.8,85026.5,85100.4,71386937.14950004
2025-11-21 17:41:59.946000+00:00,2025-11-21 17:39:00+00:00,continuous,85100.5,85236.9,84941.1,85176.8,86586727.98150012
2025-11-21 17:44:59.642000+00:00,2025-11-21 17:42:00+00:00,continuous,85176.9,85232.2,85094.3,85142.4,77662695.49500018
2025-11-21 17:47:59.887000+00:00,2025-11-21 17:45:00+00:00,continuous,85142.4,85346.8,85070.5,85187.3,98752536.85239941
2025-11-21 17:50:59.930000+00:00,2025-11-21 17:48:00+00:00,continuous,85187.4,85322.1,85131.4,85150.4,34681103.87680013
2025-11-21 17:53:59.970000+00:00,2025-11-21 17:51:00+00:00,continuous,85150.5,85230.0,84853.9,84865.8,76468923.31949998
2025-11-21 17:56:59.846000+00:00,2025-11-21 17:54:00+00:00,continuous,84865.9,85040.5,84742.6,84882.5,111200972.18540028
2025-11-21 17:59:59.980000+00:00,2025-11-21 17:57:00+00:00,continuous,84882.5,84993.2,84794.5,84842.7,50818229.68559996
2025-11-21 18:02:59.905000+00:00,2025-11-21 18:00:00+00:00,continuous,84842.8,84918.6,84532.9,84577.5,91559638.08339988
2025-11-21 18:05:59.965000+00:00,2025-11-21 18:03:00+00:00,continuous,84577.6,84606.7,83969.7,83983.8,267682247.17330027
2025-11-21 18:08:59.959000+00:00,2025-11-21 18:06:00+00:00,continuous,83983.9,84231.0,83699.8,83877.1,173145320.72629866
2025-11-21 18:11:59.936000+00:00,2025-11-21 18:09:00+00:00,continuous,83877.1,84129.0,83752.8,83889.0,77808311.27970041
2025-11-21 18:14:59.882000+00:00,2025-11-21 18:12:00+00:00,continuous,83889.0,83889.0,83504.0,83630.3,101075675.98000014
2025-11-21 18:17:59.899000+00:00,2025-11-21 18:15:00+00:00,continuous,83630.2,83746.4,83365.2,83402.2,99715127.17180052
2025-11-21 18:20:59.995000+00:00,2025-11-21 18:18:00+00:00,continuous,83402.2,83486.5,83250.1,83304.0,82851502.17350015
2025-11-21 18:23:59.972000+00:00,2025-11-21 18:21:00+00:00,continuous,83304.1,83568.6,83296.0,83487.0,66610627.48169985
2025-11-21 18:26:59.968000+00:00,2025-11-21 18:24:00+00:00,continuous,83487.0,83927.3,83443.3,83752.3,114084260.58010025
2025-11-21 18:29:59.823000+00:00,2025-11-21 18:27:00+00:00,continuous,83752.4,84154.4,83749.9,84021.3,96907484.53459968
2025-11-21 18:32:59.983000+00:00,2025-11-21 18:30:00+00:00,continuous,84021.3,84365.5,83932.6,84358.9,89308600.31729992
2025-11-21 18:35:59.999000+00:00,2025-11-21 18:33:00+00:00,continuous,84358.8,84381.5,84127.4,84299.9,65203375.89470008
2025-11-21 18:38:59.867000+00:00,2025-11-21 18:36:00+00:00,continuous,84300.0,84544.5,84300.0,84481.0,86613892.62820007
2025-11-21 18:41:59.740000+00:00,2025-11-21 18:39:00+00:00,continuous,84480.8,84521.4,84029.3,84321.6,115163959.96079946
2025-11-21 18:44:59.878000+00:00,2025-11-21 18:42:00+00:00,continuous,84321.6,84491.4,84235.6,84487.0,40865791.8159001
2025-11-21 18:47:59.639000+00:00,2025-11-21 18:45:00+00:00,continuous,84487.1,84550.0,84354.9,84512.8,42358256.10390013
2025-11-21 18:50:59.967000+00:00,2025-11-21 18:48:00+00:00,continuous,84512.8,85055.6,84503.3,84826.8,136983733.87240076
2025-11-21 18:53:59.969000+00:00,2025-11-21 18:51:00+00:00,continuous,84826.9,84934.5,84624.6,84739.6,64749227.98360008
2025-11-21 18:56:59.988000+00:00,2025-11-21 18:54:00+00:00,continuous,84739.5,84739.5,84501.9,84597.4,48901195.76929969
2025-11-21 18:59:59.997000+00:00,2025-11-21 18:57:00+00:00,continuous,84597.5,84612.1,84457.5,84534.2,41676085.84869999
2025-11-21 19:02:59.993000+00:00,2025-11-21 19:00:00+00:00,continuous,84534.2,84612.7,84395.9,84506.3,51065576.51819985
2025-11-21 19:05:59.546000+00:00,2025-11-21 19:03:00+00:00,continuous,84506.3,84746.1,84478.8,84629.3,40309559.4641999
2025-11-21 19:08:59.894000+00:00,2025-11-21 19:06:00+00:00,continuous,84629.3,84629.3,84502.6,84571.4,25754744.48140001
2025-11-21 19:11:59.895000+00:00,2025-11-21 19:09:00+00:00,continuous,84571.4,84852.0,84571.4,84692.9,47086216.19959999
2025-11-21 19:14:59.974000+00:00,2025-11-21 19:12:00+00:00,continuous,84693.0,84705.2,84444.0,84517.7,27262279.423700072
2025-11-21 19:17:59.975000+00:00,2025-11-21 19:15:00+00:00,continuous,84517.7,84671.0,84430.1,84666.0,20873044.855299987
2025-11-21 19:20:59.905000+00:00,2025-11-21 19:18:00+00:00,continuous,84666.0,84860.0,84500.0,84853.9,33667438.30309988
2025-11-21 19:23:59.987000+00:00,2025-11-21 19:21:00+00:00,continuous,84854.0,84978.9,84709.2,84838.0,58930071.58619997
2025-11-21 19:26:59.735000+00:00,2025-11-21 19:24:00+00:00,continuous,84838.0,84982.0,84760.0,84925.3,21453984.40839998
2025-11-21 19:29:59.174000+00:00,2025-11-21 19:27:00+00:00,continuous,84925.3,84928.3,84789.4,84848.5,17714550.49739999
2025-11-21 19:32:59.989000+00:00,2025-11-21 19:30:00+00:00,continuous,84848.5,84956.0,84636.0,84702.5,47661510.64920017
2025-11-21 19:35:59.777000+00:00,2025-11-21 19:33:00+00:00,continuous,84702.6,84725.2,84584.2,84691.3,29679876.4691
2025-11-21 19:38:59.999000+00:00,2025-11-21 19:36:00+00:00,continuous,84691.5,84827.4,84664.3,84802.1,23871678.899100006
2025-11-21 19:41:59.994000+00:00,2025-11-21 19:39:00+00:00,continuous,84802.0,84815.0,84556.0,84630.0,29818406.458199985
2025-11-21 19:44:59.934000+00:00,2025-11-21 19:42:00+00:00,continuous,84630.1,84654.0,84304.9,84407.8,60230365.1686
2025-11-21 19:47:59.739000+00:00,2025-11-21 19:45:00+00:00,continuous,84408.1,84419.4,84172.4,84323.9,57676407.239699945
2025-11-21 19:50:59.915000+00:00,2025-11-21 19:48:00+00:00,continuous,84323.9,84403.8,84254.2,84287.5,21884891.271499936
2025-11-21 19:53:59.894000+00:00,2025-11-21 19:51:00+00:00,continuous,84287.5,84287.5,84071.6,84089.4,33419533.527000096
2025-11-21 19:56:59.874000+00:00,2025-11-21 19:54:00+00:00,continuous,84089.5,84329.0,84025.9,84225.1,26466780.971999962
2025-11-21 19:59:59.940000+00:00,2025-11-21 19:57:00+00:00,continuous,84225.0,84230.7,84127.4,84167.2,19945258.729600012
2025-11-21 20:02:59.843000+00:00,2025-11-21 20:00:00+00:00,continuous,84167.1,84337.5,84138.0,84203.2,27534591.850599945
2025-11-21 20:05:59.982000+00:00,2025-11-21 20:03:00+00:00,continuous,84203.3,84300.0,84001.0,84028.1,28492166.49150004
2025-11-21 20:08:59.965000+00:00,2025-11-21 20:06:00+00:00,continuous,84028.2,84067.3,83817.8,83892.3,51523463.320299916
2025-11-21 20:11:59.717000+00:00,2025-11-21 20:09:00+00:00,continuous,83892.4,84053.6,83848.0,84051.9,25727050.9923
2025-11-21 20:14:59.981000+00:00,2025-11-21 20:12:00+00:00,continuous,84051.9,84315.7,84049.9,84172.2,32689480.86570003
2025-11-21 20:17:59.994000+00:00,2025-11-21 20:15:00+00:00,continuous,84172.3,84177.0,83841.6,83887.5,24728915.46120002
2025-11-21 20:20:59.949000+00:00,2025-11-21 20:18:00+00:00,continuous,83887.5,83900.0,83712.3,83788.0,31396748.74180006
2025-11-21 20:23:59.984000+00:00,2025-11-21 20:21:00+00:00,continuous,83788.0,83849.9,83676.0,83677.7,28914484.074800067
2025-11-21 20:26:59.939000+00:00,2025-11-21 20:24:00+00:00,continuous,83677.6,83868.0,83607.4,83837.9,34934240.227100074
2025-11-21 20:29:59.892000+00:00,2025-11-21 20:27:00+00:00,continuous,83837.9,83839.5,83452.8,83501.1,49755443.51200007
2025-11-21 20:32:59.959000+00:00,2025-11-21 20:30:00+00:00,continuous,83501.0,83541.9,83418.4,83433.8,37312375.13519985
2025-11-21 20:35:59.946000+00:00,2025-11-21 20:33:00+00:00,continuous,83433.7,83825.0,83426.4,83721.7,50013599.918099925
2025-11-21 20:38:59.851000+00:00,2025-11-21 20:36:00+00:00,continuous,83721.6,84136.9,83657.3,84136.8,90539274.74889994
2025-11-21 20:41:59.893000+00:00,2025-11-21 20:39:00+00:00,continuous,84136.9,84164.0,83886.0,84063.4,68309097.34829983
2025-11-21 20:44:59.892000+00:00,2025-11-21 20:42:00+00:00,continuous,84063.3,84231.6,83961.6,84205.8,54496864.534699894
2025-11-21 20:47:59.971000+00:00,2025-11-21 20:45:00+00:00,continuous,84205.8,84534.8,84185.1,84456.1,86605469.5205003
2025-11-21 20:50:59.835000+00:00,2025-11-21 20:48:00+00:00,continuous,84456.1,84610.7,84327.0,84327.0,53796194.944200225
2025-11-21 20:53:59.983000+00:00,2025-11-21 20:51:00+00:00,continuous,84327.1,84506.7,84324.5,84350.3,35575736.01819992
2025-11-21 20:56:59.938000+00:00,2025-11-21 20:54:00+00:00,continuous,84350.3,84544.2,84226.1,84534.3,45851344.738800146
2025-11-21 20:59:59.880000+00:00,2025-11-21 20:57:00+00:00,continuous,84534.4,84618.2,84344.5,84529.0,144504270.6473
2025-11-21 21:02:59.863000+00:00,2025-11-21 21:00:00+00:00,continuous,84529.0,84714.2,84474.9,84586.1,44981632.412499934
2025-11-21 21:05:59.886000+00:00,2025-11-21 21:03:00+00:00,continuous,84586.2,84586.2,84312.2,84443.4,30672027.43659998
2025-11-21 21:08:59.890000+00:00,2025-11-21 21:06:00+00:00,continuous,84443.4,84594.7,84443.4,84520.0,16728182.227800028
2025-11-21 21:11:59.894000+00:00,2025-11-21 21:09:00+00:00,continuous,84519.9,84604.0,84414.8,84485.4,15804541.272700025
2025-11-21 21:14:59.885000+00:00,2025-11-21 21:12:00+00:00,continuous,84485.4,84600.0,84407.4,84571.8,12058697.814100023
2025-11-21 21:17:59.934000+00:00,2025-11-21 21:15:00+00:00,continuous,84571.8,84605.7,84384.9,84555.3,22275790.3245
2025-11-21 21:20:59.843000+00:00,2025-11-21 21:18:00+00:00,continuous,84555.3,84664.6,84408.1,84652.5,19187440.148099937
2025-11-21 21:23:59.953000+00:00,2025-11-21 21:21:00+00:00,continuous,84652.5,84850.0,84631.9,84835.9,34977679.99820007
2025-11-21 21:26:59.876000+00:00,2025-11-21 21:24:00+00:00,continuous,84835.9,84923.0,84688.6,84893.6,68978441.14520009
2025-11-21 21:29:59.557000+00:00,2025-11-21 21:27:00+00:00,continuous,84893.7,84955.0,84885.6,84914.6,21572878.62499997
2025-11-21 21:32:59.674000+00:00,2025-11-21 21:30:00+00:00,continuous,84914.6,85054.2,84900.8,85025.9,26505964.42359995
2025-11-21 21:35:59.993000+00:00,2025-11-21 21:33:00+00:00,continuous,85025.8,85095.8,84896.2,85045.0,22922755.92610001
2025-11-21 21:38:59.836000+00:00,2025-11-21 21:36:00+00:00,continuous,85044.9,85246.6,85044.9,85164.7,33522175.013199955
2025-11-21 21:41:59.464000+00:00,2025-11-21 21:39:00+00:00,continuous,85164.6,85300.0,85138.2,85251.1,30113769.02029997
2025-11-21 21:44:59.937000+00:00,2025-11-21 21:42:00+00:00,continuous,85251.0,85356.0,85192.7,85215.1,28500787.450200073
2025-11-21 21:47:59.755000+00:00,2025-11-21 21:45:00+00:00,continuous,85215.5,85223.6,85104.9,85196.1,27135028.369999986
2025-11-21 21:50:59.975000+00:00,2025-11-21 21:48:00+00:00,continuous,85196.0,85300.0,85196.0,85240.6,17770961.893899947
2025-11-21 21:53:59.663000+00:00,2025-11-21 21:51:00+00:00,continuous,85240.5,85374.5,85232.0,85307.4,31455652.978900053
2025-11-21 21:56:59.826000+00:00,2025-11-21 21:54:00+00:00,continuous,85307.4,85307.4,85086.2,85201.0,35372405.17590002
2025-11-21 21:59:59.679000+00:00,2025-11-21 21:57:00+00:00,continuous,85201.1,85218.9,85101.6,85142.4,20293797.646300003
2025-11-21 22:02:59.947000+00:00,2025-11-21 22:00:00+00:00,continuous,85142.5,85320.6,85116.6,85300.0,21247000.124199968
2025-11-21 22:05:59.102000+00:00,2025-11-21 22:03:00+00:00,continuous,85300.1,85369.6,85152.0,85152.0,16490436.459200038
2025-11-21 22:08:58.672000+00:00,2025-11-21 22:06:00+00:00,continuous,85152.0,85291.2,85133.9,85250.9,10582536.200600034
2025-11-21 22:11:59.966000+00:00,2025-11-21 22:09:00+00:00,continuous,85250.9,85268.2,85111.6,85111.6,10582174.176300002
2025-11-21 22:14:58.621000+00:00,2025-11-21 22:12:00+00:00,continuous,85111.5,85146.4,85033.4,85120.2,31334670.837000087
2025-11-21 22:17:59.473000+00:00,2025-11-21 22:15:00+00:00,continuous,85120.2,85175.2,85043.1,85150.0,34764289.83039992
2025-11-21 22:20:59.820000+00:00,2025-11-21 22:18:00+00:00,continuous,85150.0,85150.0,85038.3,85041.6,13311644.985399993
2025-11-21 22:23:59.874000+00:00,2025-11-21 22:21:00+00:00,continuous,85041.6,85085.5,84704.4,84754.2,62715473.70749993
2025-11-21 22:26:59.515000+00:00,2025-11-21 22:24:00+00:00,continuous,84754.3,84864.8,84687.6,84858.0,59317026.65290001
2025-11-21 22:29:59.866000+00:00,2025-11-21 22:27:00+00:00,continuous,84857.9,84985.6,84777.0,84780.3,26465062.59610011
2025-11-21 22:32:59.900000+00:00,2025-11-21 22:30:00+00:00,continuous,84780.3,84784.8,84451.3,84514.9,46898584.94780007
2025-11-21 22:35:59.917000+00:00,2025-11-21 22:33:00+00:00,continuous,84514.9,84514.9,84300.0,84300.0,28539979.650400016
2025-11-21 22:38:59.563000+00:00,2025-11-21 22:36:00+00:00,continuous,84300.0,84650.0,84299.0,84390.1,42718903.60130009
2025-11-21 22:41:59.757000+00:00,2025-11-21 22:39:00+00:00,continuous,84390.1,84550.0,84375.9,84443.0,24054707.079900075
2025-11-21 22:44:59.730000+00:00,2025-11-21 22:42:00+00:00,continuous,84442.5,84637.5,84442.5,84634.9,18767685.448799983
2025-11-21 22:47:59.995000+00:00,2025-11-21 22:45:00+00:00,continuous,84635.0,84925.0,84459.9,84459.9,53898316.60909969
2025-11-21 22:50:59.913000+00:00,2025-11-21 22:48:00+00:00,continuous,84459.9,84637.2,84410.0,84567.2,26708645.2397
2025-11-21 22:53:59.933000+00:00,2025-11-21 22:51:00+00:00,continuous,84567.2,84567.2,84272.7,84444.0,29911462.019599933
2025-11-21 22:56:59.675000+00:00,2025-11-21 22:54:00+00:00,continuous,84444.1,84460.7,84331.1,84439.6,17408020.72269999
2025-11-21 22:59:59.937000+00:00,2025-11-21 22:57:00+00:00,continuous,84439.6,84497.2,84215.1,84242.3,21699365.22320001
2025-11-21 23:02:59.913000+00:00,2025-11-21 23:00:00+00:00,continuous,84242.2,84335.5,84100.0,84142.8,31863438.17759994
2025-11-21 23:05:59.875000+00:00,2025-11-21 23:03:00+00:00,continuous,84142.8,84333.4,84142.8,84172.8,25263837.67540001
2025-11-21 23:08:59.676000+00:00,2025-11-21 23:06:00+00:00,continuous,84172.8,84193.6,84078.0,84172.9,26612701.33719995
2025-11-21 23:11:59.857000+00:00,2025-11-21 23:09:00+00:00,continuous,84172.9,84303.2,84159.6,84300.8,16325987.485699976
2025-11-21 23:14:59.949000+00:00,2025-11-21 23:12:00+00:00,continuous,84300.8,84421.3,84300.8,84401.9,24672042.044200018
2025-11-21 23:17:59.823000+00:00,2025-11-21 23:15:00+00:00,continuous,84401.9,84596.7,84399.9,84579.1,24230923.67860002
2025-11-21 23:20:59.883000+00:00,2025-11-21 23:18:00+00:00,continuous,84579.1,84716.1,84568.2,84716.0,18423281.627200004
2025-11-21 23:23:59.606000+00:00,2025-11-21 23:21:00+00:00,continuous,84716.1,84832.4,84701.9,84829.9,44966434.16320017
2025-11-21 23:26:59.461000+00:00,2025-11-21 23:24:00+00:00,continuous,84829.9,84856.4,84701.1,84749.1,21902692.607999973
2025-11-21 23:29:59.876000+00:00,2025-11-21 23:27:00+00:00,continuous,84749.2,84999.1,84724.7,84989.6,20764671.21749998
2025-11-21 23:32:59.875000+00:00,2025-11-21 23:30:00+00:00,continuous,84989.5,85065.5,84910.5,84963.1,24524393.296300028
2025-11-21 23:35:59.484000+00:00,2025-11-21 23:33:00+00:00,continuous,84963.1,85066.0,84955.9,84966.3,14663930.076300036
2025-11-21 23:38:59.902000+00:00,2025-11-21 23:36:00+00:00,continuous,84966.3,84976.0,84827.4,84943.3,41377879.32929987
2025-11-21 23:41:59.735000+00:00,2025-11-21 23:39:00+00:00,continuous,84943.4,85152.5,84917.9,85152.5,47922436.38900002
2025-11-21 23:44:59.866000+00:00,2025-11-21 23:42:00+00:00,continuous,85152.5,85232.9,85138.9,85202.1,34055676.37349995
2025-11-21 23:47:59.769000+00:00,2025-11-21 23:45:00+00:00,continuous,85202.1,85322.4,85100.0,85104.0,35625582.497799926
2025-11-21 23:50:59.994000+00:00,2025-11-21 23:48:00+00:00,continuous,85104.0,85146.8,84995.4,84995.4,12044843.641800031
2025-11-21 23:53:59.671000+00:00,2025-11-21 23:51:00+00:00,continuous,84995.1,85126.5,84990.1,85126.5,10514809.042200001
2025-11-21 23:56:59.946000+00:00,2025-11-21 23:54:00+00:00,continuous,85126.6,85162.6,85001.9,85055.9,11695557.12159999
2025-11-21 23:59:59.697000+00:00,2025-11-21 23:57:00+00:00,continuous,85056.0,85137.5,85055.9,85093.5,11338898.215600012
2025-11-22 00:02:59.920000+00:00,2025-11-22 00:00:00+00:00,continuous,85093.6,85158.0,85055.8,85157.9,18938003.396400005
2025-11-22 00:05:59.910000+00:00,2025-11-22 00:03:00+00:00,continuous,85158.0,85301.5,85130.0,85141.1,42583506.66999991
2025-11-22 00:08:59.911000+00:00,2025-11-22 00:06:00+00:00,continuous,85141.0,85468.8,85132.2,85365.0,38761633.857499994
2025-11-22 00:11:59.840000+00:00,2025-11-22 00:09:00+00:00,continuous,85365.0,85396.3,85275.7,85324.3,27458578.928399973
2025-11-22 00:14:59.998000+00:00,2025-11-22 00:12:00+00:00,continuous,85324.3,85599.9,85311.9,85469.9,50531369.94500001
2025-11-22 00:17:59.698000+00:00,2025-11-22 00:15:00+00:00,continuous,85469.9,85479.8,85281.8,85319.9,28882439.895399906
2025-11-22 00:20:59.834000+00:00,2025-11-22 00:18:00+00:00,continuous,85319.9,85319.9,85121.6,85193.9,22070278.583200093
2025-11-22 00:23:59.955000+00:00,2025-11-22 00:21:00+00:00,continuous,85194.0,85257.1,85153.9,85153.9,14000838.673600003
2025-11-22 00:26:59.874000+00:00,2025-11-22 00:24:00+00:00,continuous,85153.9,85184.4,85005.1,85019.1,32780324.0623
2025-11-22 00:29:59.801000+00:00,2025-11-22 00:27:00+00:00,continuous,85019.1,85052.3,84810.9,84850.2,61002749.43629985
2025-11-22 00:32:59.775000+00:00,2025-11-22 00:30:00+00:00,continuous,84850.2,85093.8,84850.1,85072.2,42581791.50739997
2025-11-22 00:35:59.981000+00:00,2025-11-22 00:33:00+00:00,continuous,85072.2,85150.0,84978.8,85012.1,15322482.997799978
2025-11-22 00:38:59.904000+00:00,2025-11-22 00:36:00+00:00,continuous,85012.1,85241.4,84986.3,85202.9,19289043.487100013
2025-11-22 00:41:59.706000+00:00,2025-11-22 00:39:00+00:00,continuous,85202.9,85202.9,84935.4,84937.2,17088821.023399983
2025-11-22 00:44:59.761000+00:00,2025-11-22 00:42:00+00:00,continuous,84937.3,85117.1,84935.4,85024.2,13534220.740899993
2025-11-22 00:47:59.806000+00:00,2025-11-22 00:45:00+00:00,continuous,85024.2,85045.8,84673.9,84772.7,85677820.85110027
2025-11-22 00:50:59.819000+00:00,2025-11-22 00:48:00+00:00,continuous,84772.7,84836.8,84658.0,84712.1,23036346.002699975
2025-11-22 00:53:59.990000+00:00,2025-11-22 00:51:00+00:00,continuous,84712.1,84850.0,84654.6,84692.0,27433377.122200105
2025-11-22 00:56:59.782000+00:00,2025-11-22 00:54:00+00:00,continuous,84692.1,84776.2,84500.9,84733.4,53152916.79279982
2025-11-22 00:59:59.076000+00:00,2025-11-22 00:57:00+00:00,continuous,84733.3,84733.4,84670.4,84695.1,16158123.293499991
2025-11-22 01:02:59.960000+00:00,2025-11-22 01:00:00+00:00,continuous,84695.1,84756.6,84537.4,84741.2,32638175.523500033
2025-11-22 01:05:59.860000+00:00,2025-11-22 01:03:00+00:00,continuous,84741.2,84868.0,84699.7,84708.1,21544167.894400045
2025-11-22 01:08:59.786000+00:00,2025-11-22 01:06:00+00:00,continuous,84708.2,84726.4,84609.3,84634.3,14309352.018099973
2025-11-22 01:11:59.688000+00:00,2025-11-22 01:09:00+00:00,continuous,84634.3,84690.0,84568.5,84629.8,15343438.643799972
2025-11-22 01:14:59.801000+00:00,2025-11-22 01:12:00+00:00,continuous,84629.8,84729.4,84621.8,84700.5,11501688.660600025
2025-11-22 01:17:59.919000+00:00,2025-11-22 01:15:00+00:00,continuous,84700.4,84787.4,84615.8,84759.4,15567298.39749999
2025-11-22 01:20:59.823000+00:00,2025-11-22 01:18:00+00:00,continuous,84759.4,84887.5,84759.3,84844.3,12540742.81040002
2025-11-22 01:23:59.876000+00:00,2025-11-22 01:21:00+00:00,continuous,84844.2,84855.9,84741.6,84771.9,8638189.0313
2025-11-22 01:26:59.944000+00:00,2025-11-22 01:24:00+00:00,continuous,84771.9,84889.4,84771.8,84820.4,8537579.613499992
2025-11-22 01:29:59.958000+00:00,2025-11-22 01:27:00+00:00,continuous,84820.3,84905.6,84772.4,84845.8,8799368.985999987
2025-11-22 01:32:59.844000+00:00,2025-11-22 01:30:00+00:00,continuous,84845.7,85167.6,84833.2,84966.9,80468952.20399971
2025-11-22 01:35:59.869000+00:00,2025-11-22 01:33:00+00:00,continuous,84966.8,85175.2,84904.6,85142.5,37086207.13849985
2025-11-22 01:38:59.774000+00:00,2025-11-22 01:36:00+00:00,continuous,85142.5,85147.8,84952.0,84955.1,14406048.037899995
2025-11-22 01:41:59.937000+00:00,2025-11-22 01:39:00+00:00,continuous,84955.1,85021.6,84917.9,84922.5,13517538.405799989
2025-11-22 01:44:58.994000+00:00,2025-11-22 01:42:00+00:00,continuous,84922.5,84924.5,84849.5,84866.3,6920344.318899986
2025-11-22 01:47:59.975000+00:00,2025-11-22 01:45:00+00:00,continuous,84866.1,85110.0,84866.0,84994.4,18037740.80490001
2025-11-22 01:50:59.886000+00:00,2025-11-22 01:48:00+00:00,continuous,84994.3,85058.4,84953.5,85028.1,8929168.42019997
2025-11-22 01:53:59.740000+00:00,2025-11-22 01:51:00+00:00,continuous,85028.6,85108.0,85022.0,85090.0,10148017.553099995
2025-11-22 01:56:59.912000+00:00,2025-11-22 01:54:00+00:00,continuous,85090.1,85129.9,84983.3,85014.5,10077737.605699994
2025-11-22 01:59:59.886000+00:00,2025-11-22 01:57:00+00:00,continuous,85014.6,85143.0,84991.0,85143.0,10430172.114299992
2025-11-22 02:02:59.935000+00:00,2025-11-22 02:00:00+00:00,continuous,85143.5,85172.8,85060.5,85098.8,14341589.056700004
2025-11-22 02:05:59.785000+00:00,2025-11-22 02:03:00+00:00,continuous,85098.9,85107.2,84939.7,84942.2,9995666.216900013
2025-11-22 02:08:59.798000+00:00,2025-11-22 02:06:00+00:00,continuous,84942.2,84961.3,84754.9,84904.1,23430457.39529997
2025-11-22 02:11:59.990000+00:00,2025-11-22 02:09:00+00:00,continuous,84904.0,84917.7,84605.0,84675.9,40714887.22750019
2025-11-22 02:14:59.965000+00:00,2025-11-22 02:12:00+00:00,continuous,84674.2,84732.0,84647.6,84683.0,19522147.628699962
2025-11-22 02:17:59.618000+00:00,2025-11-22 02:15:00+00:00,continuous,84683.4,84776.4,84572.3,84723.8,32969991.359899946
2025-11-22 02:20:59.847000+00:00,2025-11-22 02:18:00+00:00,continuous,84723.9,84723.9,84582.0,84600.0,12993519.245800024
2025-11-22 02:23:59.887000+00:00,2025-11-22 02:21:00+00:00,continuous,84600.0,84634.2,84541.7,84577.8,19379900.073300038
2025-11-22 02:26:59.188000+00:00,2025-11-22 02:24:00+00:00,continuous,84577.9,84716.0,84555.7,84684.9,14858695.578400005
2025-11-22 02:29:59.918000+00:00,2025-11-22 02:27:00+00:00,continuous,84684.9,84684.9,84636.3,84663.7,6585920.022499996
2025-11-22 02:32:59.841000+00:00,2025-11-22 02:30:00+00:00,continuous,84663.7,84676.6,84533.0,84539.5,9193641.4338
2025-11-22 02:35:59.619000+00:00,2025-11-22 02:33:00+00:00,continuous,84539.5,84567.1,84295.1,84414.3,48722533.654099956
2025-11-22 02:38:59.944000+00:00,2025-11-22 02:36:00+00:00,continuous,84414.4,84443.7,84270.0,84275.7,22850256.279400147
2025-11-22 02:41:59.458000+00:00,2025-11-22 02:39:00+00:00,continuous,84275.8,84408.9,84250.6,84381.1,15811695.942399956
2025-11-22 02:44:59.759000+00:00,2025-11-22 02:42:00+00:00,continuous,84381.0,84390.0,84248.0,84312.3,9707997.782600004
2025-11-22 02:47:59.858000+00:00,2025-11-22 02:45:00+00:00,continuous,84312.2,84411.2,84312.2,84380.7,15255982.671000013
2025-11-22 02:50:59.931000+00:00,2025-11-22 02:48:00+00:00,continuous,84380.7,84393.7,84243.3,84338.9,20711740.484800067
2025-11-22 02:53:59.892000+00:00,2025-11-22 02:51:00+00:00,continuous,84339.0,84478.7,84339.0,84444.4,13878977.832300011
2025-11-22 02:56:59.627000+00:00,2025-11-22 02:54:00+00:00,continuous,84444.3,84457.8,84407.1,84419.9,7145881.91980001
2025-11-22 02:59:59.833000+00:00,2025-11-22 02:57:00+00:00,continuous,84419.8,84507.8,84419.8,84492.0,14348589.5981
2025-11-22 03:02:59.768000+00:00,2025-11-22 03:00:00+00:00,continuous,84492.0,84497.9,84366.2,84391.9,16564951.363299984
2025-11-22 03:05:59.992000+00:00,2025-11-22 03:03:00+00:00,continuous,84392.0,84466.1,84308.5,84315.4,15663891.691700045
2025-11-22 03:08:57.816000+00:00,2025-11-22 03:06:00+00:00,continuous,84315.5,84579.4,84264.6,84500.0,20359939.757600043
2025-11-22 03:11:59.870000+00:00,2025-11-22 03:09:00+00:00,continuous,84500.1,84540.7,84427.7,84521.9,11668258.804299999
2025-11-22 03:14:59.813000+00:00,2025-11-22 03:12:00+00:00,continuous,84522.0,84564.2,84521.9,84557.8,8134240.819799997
2025-11-22 03:17:59.247000+00:00,2025-11-22 03:15:00+00:00,continuous,84557.8,84557.8,84416.2,84491.2,18620910.61399998
2025-11-22 03:20:59.760000+00:00,2025-11-22 03:18:00+00:00,continuous,84491.1,84520.0,84444.8,84450.6,6627410.501600003
2025-11-22 03:23:59.793000+00:00,2025-11-22 03:21:00+00:00,continuous,84450.6,84477.7,84225.0,84255.9,21507599.07139994
2025-11-22 03:26:59.686000+00:00,2025-11-22 03:24:00+00:00,continuous,84255.9,84325.7,84234.0,84323.1,16497063.207699988
2025-11-22 03:29:59.854000+00:00,2025-11-22 03:27:00+00:00,continuous,84323.0,84410.3,84312.8,84387.3,9909758.394800002
2025-11-22 03:32:59.806000+00:00,2025-11-22 03:30:00+00:00,continuous,84387.3,84456.7,84360.0,84389.8,17013324.636299998
2025-11-22 03:35:59.938000+00:00,2025-11-22 03:33:00+00:00,continuous,84389.9,84460.0,84262.3,84262.4,12304295.318499966
2025-11-22 03:38:59.908000+00:00,2025-11-22 03:36:00+00:00,continuous,84262.3,84274.0,84183.6,84236.6,20973046.22240001
2025-11-22 03:41:59.893000+00:00,2025-11-22 03:39:00+00:00,continuous,84236.6,84366.0,84236.6,84360.9,13427391.105999986
2025-11-22 03:44:59.894000+00:00,2025-11-22 03:42:00+00:00,continuous,84360.8,84366.6,84300.0,84344.9,9669875.87059999
2025-11-22 03:47:59.482000+00:00,2025-11-22 03:45:00+00:00,continuous,84344.9,84366.3,84309.1,84329.6,14739754.8951
2025-11-22 03:50:59.431000+00:00,2025-11-22 03:48:00+00:00,continuous,84329.7,84344.4,84197.1,84262.2,27755347.62859991
2025-11-22 03:53:59.940000+00:00,2025-11-22 03:51:00+00:00,continuous,84262.1,84318.4,84180.0,84311.7,14043451.086099992
2025-11-22 03:56:59.648000+00:00,2025-11-22 03:54:00+00:00,continuous,84311.7,84458.1,84305.1,84418.3,18662252.528499994
2025-11-22 03:59:59.893000+00:00,2025-11-22 03:57:00+00:00,continuous,84418.4,84439.5,84389.9,84414.1,10776945.838000001
2025-11-22 04:02:59.892000+00:00,2025-11-22 04:00:00+00:00,continuous,84414.0,84524.9,84411.6,84411.7,17870669.94899999
2025-11-22 04:05:59.771000+00:00,2025-11-22 04:03:00+00:00,continuous,84411.7,84411.7,84187.5,84317.0,25270185.517599974
2025-11-22 04:08:59.892000+00:00,2025-11-22 04:06:00+00:00,continuous,84317.0,84317.0,84200.6,84251.8,16264713.025200002
2025-11-22 04:11:59.898000+00:00,2025-11-22 04:09:00+00:00,continuous,84251.7,84274.8,84161.7,84187.7,24477940.637999985
2025-11-22 04:14:59.654000+00:00,2025-11-22 04:12:00+00:00,continuous,84187.7,84200.0,84019.1,84086.6,49809690.14539991
2025-11-22 04:17:59.986000+00:00,2025-11-22 04:15:00+00:00,continuous,84086.7,84115.1,83925.0,83927.1,45065253.67189987
2025-11-22 04:20:59.855000+00:00,2025-11-22 04:18:00+00:00,continuous,83927.2,84065.3,83911.4,84061.0,30768397.668500032
2025-11-22 04:23:59.640000+00:00,2025-11-22 04:21:00+00:00,continuous,84061.0,84180.1,83941.8,83945.6,29517846.080400147
2025-11-22 04:26:59.901000+00:00,2025-11-22 04:24:00+00:00,continuous,83945.6,84228.8,83868.0,84079.7,41535178.89099985
2025-11-22 04:29:59.886000+00:00,2025-11-22 04:27:00+00:00,continuous,84079.7,84079.8,83950.0,83964.5,17064652.633899987
2025-11-22 04:32:59.893000+00:00,2025-11-22 04:30:00+00:00,continuous,83964.5,84092.7,83964.5,84035.0,15935223.245200004
2025-11-22 04:35:59.853000+00:00,2025-11-22 04:33:00+00:00,continuous,84035.1,84091.2,83860.0,83860.0,13935854.530099994
2025-11-22 04:38:59.684000+00:00,2025-11-22 04:36:00+00:00,continuous,83860.0,83900.0,83792.0,83875.1,32214455.83759993
2025-11-22 04:41:59.910000+00:00,2025-11-22 04:39:00+00:00,continuous,83875.1,83931.2,83809.9,83914.5,20485056.279100027
2025-11-22 04:44:59.937000+00:00,2025-11-22 04:42:00+00:00,continuous,83914.5,83955.8,83839.9,83937.0,17358132.047199972
2025-11-22 04:47:59.638000+00:00,2025-11-22 04:45:00+00:00,continuous,83937.0,84028.3,83848.0,83962.7,26560207.68369991
2025-11-22 04:50:59.893000+00:00,2025-11-22 04:48:00+00:00,continuous,83962.8,84047.7,83955.4,83973.0,17454666.71169996
2025-11-22 04:53:59.640000+00:00,2025-11-22 04:51:00+00:00,continuous,83973.0,84218.2,83962.1,84172.6,22640014.605899997
2025-11-22 04:56:59.956000+00:00,2025-11-22 04:54:00+00:00,continuous,84172.7,84287.6,84122.1,84133.1,19016918.754000008
2025-11-22 04:59:59.894000+00:00,2025-11-22 04:57:00+00:00,continuous,84133.0,84215.4,84127.7,84206.7,9195138.79410001
2025-11-22 05:02:59.906000+00:00,2025-11-22 05:00:00+00:00,continuous,84206.7,84284.0,84121.8,84128.8,20708723.470999934
2025-11-22 05:05:59.430000+00:00,2025-11-22 05:03:00+00:00,continuous,84128.8,84233.3,84128.8,84220.7,9772196.89850002
2025-11-22 05:08:59.989000+00:00,2025-11-22 05:06:00+00:00,continuous,84220.8,84248.4,84086.0,84156.3,11662296.76700001
2025-11-22 05:11:59.193000+00:00,2025-11-22 05:09:00+00:00,continuous,84156.3,84252.1,84155.3,84157.7,14324587.442999996
2025-11-22 05:14:59.692000+00:00,2025-11-22 05:12:00+00:00,continuous,84157.6,84200.0,84107.6,84130.0,9423598.796200028
2025-11-22 05:17:59.676000+00:00,2025-11-22 05:15:00+00:00,continuous,84129.9,84129.9,83942.5,83967.4,25119467.421099957
2025-11-22 05:20:59.966000+00:00,2025-11-22 05:18:00+00:00,continuous,83967.5,84077.5,83967.5,84004.3,9013337.831300015
2025-11-22 05:23:59.891000+00:00,2025-11-22 05:21:00+00:00,continuous,84004.4,84004.4,83874.8,83884.4,16654109.790100032
2025-11-22 05:26:59.843000+00:00,2025-11-22 05:24:00+00:00,continuous,83884.4,83986.7,83872.3,83986.6,14811901.165099993
2025-11-22 05:29:59.943000+00:00,2025-11-22 05:27:00+00:00,continuous,83986.7,84073.7,83949.7,84044.6,8288077.300999975
2025-11-22 05:32:59.961000+00:00,2025-11-22 05:30:00+00:00,continuous,84044.6,84060.1,83851.9,83935.3,18484823.103300072
2025-11-22 05:35:59.643000+00:00,2025-11-22 05:33:00+00:00,continuous,83935.2,83988.0,83893.2,83967.9,9147857.379100006
2025-11-22 05:38:58.631000+00:00,2025-11-22 05:36:00+00:00,continuous,83967.9,84068.0,83843.1,83887.2,14438693.314200025
2025-11-22 05:41:59.943000+00:00,2025-11-22 05:39:00+00:00,continuous,83887.2,83931.5,83844.2,83887.0,11175383.756600017
2025-11-22 05:44:59.633000+00:00,2025-11-22 05:42:00+00:00,continuous,83887.0,83918.6,83833.8,83906.9,11823088.374699999
2025-11-22 05:47:59.702000+00:00,2025-11-22 05:45:00+00:00,continuous,83906.8,84142.0,83906.8,84132.7,31590720.52229997
2025-11-22 05:50:59.995000+00:00,2025-11-22 05:48:00+00:00,continuous,84132.7,84145.0,84047.1,84108.4,12676203.6838
2025-11-22 05:53:59.986000+00:00,2025-11-22 05:51:00+00:00,continuous,84108.4,84130.2,84014.6,84120.0,10762144.7955
2025-11-22 05:56:59.853000+00:00,2025-11-22 05:54:00+00:00,continuous,84120.0,84284.1,84120.0,84249.1,20048168.99990002
2025-11-22 05:59:59.929000+00:00,2025-11-22 05:57:00+00:00,continuous,84249.0,84277.4,84207.7,84250.0,12627388.145100037
2025-11-22 06:02:59.997000+00:00,2025-11-22 06:00:00+00:00,continuous,84250.0,84250.1,84170.3,84214.7,15031106.86030001
2025-11-22 06:05:59.857000+00:00,2025-11-22 06:03:00+00:00,continuous,84214.7,84329.5,84120.0,84150.0,21638476.037800033
2025-11-22 06:08:59.920000+00:00,2025-11-22 06:06:00+00:00,continuous,84149.9,84195.7,84083.4,84132.4,10290602.788600005
2025-11-22 06:11:59.724000+00:00,2025-11-22 06:09:00+00:00,continuous,84132.5,84240.0,84040.3,84239.8,11836109.754799984
2025-11-22 06:14:59.975000+00:00,2025-11-22 06:12:00+00:00,continuous,84239.9,84250.0,84171.7,84249.9,17509709.57550002
2025-11-22 06:17:59.897000+00:00,2025-11-22 06:15:00+00:00,continuous,84250.0,84347.1,84189.1,84292.6,19894369.855800044
2025-11-22 06:20:59.754000+00:00,2025-11-22 06:18:00+00:00,continuous,84292.6,84338.7,84249.5,84338.5,10152517.726299986
2025-11-22 06:23:59.916000+00:00,2025-11-22 06:21:00+00:00,continuous,84338.4,84537.2,84338.4,84456.1,43465885.06379979
2025-11-22 06:26:59.639000+00:00,2025-11-22 06:24:00+00:00,continuous,84456.0,84490.9,84408.1,84490.8,17525718.084900036
2025-11-22 06:29:59.609000+00:00,2025-11-22 06:27:00+00:00,continuous,84490.9,84522.0,84410.7,84465.9,10822308.813399978
2025-11-22 06:32:59.800000+00:00,2025-11-22 06:30:00+00:00,continuous,84465.9,84649.0,84465.9,84617.5,31484528.98150002
2025-11-22 06:35:59.900000+00:00,2025-11-22 06:33:00+00:00,continuous,84617.6,84764.3,84565.0,84642.0,37282883.78680007
2025-11-22 06:38:59.960000+00:00,2025-11-22 06:36:00+00:00,continuous,84642.0,84669.6,84555.5,84559.1,19852693.06979995
2025-11-22 06:41:59.692000+00:00,2025-11-22 06:39:00+00:00,continuous,84559.0,84655.6,84550.0,84572.9,17981769.49270004
2025-11-22 06:44:59.211000+00:00,2025-11-22 06:42:00+00:00,continuous,84572.9,84616.5,84548.7,84599.0,9553298.649999995
2025-11-22 06:47:59.740000+00:00,2025-11-22 06:45:00+00:00,continuous,84599.0,84667.7,84539.7,84610.3,13248529.376400014
2025-11-22 06:50:59.806000+00:00,2025-11-22 06:48:00+00:00,continuous,84610.2,84650.0,84468.3,84503.1,22952896.39430003
2025-11-22 06:53:59.158000+00:00,2025-11-22 06:51:00+00:00,continuous,84503.2,84653.2,84503.2,84616.2,15295786.91010003
2025-11-22 06:56:59.704000+00:00,2025-11-22 06:54:00+00:00,continuous,84616.2,84696.5,84602.4,84696.5,8373341.467200006
2025-11-22 06:59:59.873000+00:00,2025-11-22 06:57:00+00:00,continuous,84696.7,84696.7,84568.6,84597.5,8377472.725800007
2025-11-22 07:02:59.998000+00:00,2025-11-22 07:00:00+00:00,continuous,84597.4,84632.7,84500.0,84517.2,15940555.628900003
2025-11-22 07:05:59.980000+00:00,2025-11-22 07:03:00+00:00,continuous,84517.3,84564.2,84480.0,84480.0,7955795.582000009
2025-11-22 07:08:59.803000+00:00,2025-11-22 07:06:00+00:00,continuous,84480.0,84586.8,84476.5,84476.5,9287380.53830002
2025-11-22 07:11:59.954000+00:00,2025-11-22 07:09:00+00:00,continuous,84476.5,84510.0,84407.7,84416.3,12986840.646000018
2025-11-22 07:14:59.927000+00:00,2025-11-22 07:12:00+00:00,continuous,84416.4,84447.5,84376.9,84440.7,19813152.491700027
2025-11-22 07:17:59.848000+00:00,2025-11-22 07:15:00+00:00,continuous,84440.7,84482.8,84355.4,84391.6,9593165.88659999
2025-11-22 07:20:59.791000+00:00,2025-11-22 07:18:00+00:00,continuous,84391.6,84514.3,84370.0,84514.3,6741206.977300015
2025-11-22 07:23:59.894000+00:00,2025-11-22 07:21:00+00:00,continuous,84514.3,84594.0,84456.9,84510.1,8760015.02750001
2025-11-22 07:26:59.757000+00:00,2025-11-22 07:24:00+00:00,continuous,84510.1,84510.1,84360.8,84401.0,6463615.49539999
2025-11-22 07:29:59.999000+00:00,2025-11-22 07:27:00+00:00,continuous,84400.9,84456.5,84400.9,84452.5,2883657.0951000014
2025-11-22 07:32:59.860000+00:00,2025-11-22 07:30:00+00:00,continuous,84452.6,84563.0,84443.7,84505.9,9769452.463700004
2025-11-22 07:35:59.832000+00:00,2025-11-22 07:33:00+00:00,continuous,84505.8,84556.6,84400.0,84400.0,9382161.073299997
2025-11-22 07:38:59.643000+00:00,2025-11-22 07:36:00+00:00,continuous,84400.0,84443.2,84356.9,84436.8,8009858.205100004
2025-11-22 07:41:59.657000+00:00,2025-11-22 07:39:00+00:00,continuous,84436.8,84556.1,84436.8,84487.9,11310071.971299985
2025-11-22 07:44:59.892000+00:00,2025-11-22 07:42:00+00:00,continuous,84487.9,84578.9,84487.9,84545.0,9338046.29039998
2025-11-22 07:47:59.686000+00:00,2025-11-22 07:45:00+00:00,continuous,84545.0,84626.1,84531.9,84571.4,12020487.76599999
2025-11-22 07:50:59.892000+00:00,2025-11-22 07:48:00+00:00,continuous,84571.5,84612.4,84463.3,84480.6,12036031.509400025
2025-11-22 07:53:59.642000+00:00,2025-11-22 07:51:00+00:00,continuous,84480.5,84600.0,84480.5,84516.1,8260176.117200012
2025-11-22 07:56:59.965000+00:00,2025-11-22 07:54:00+00:00,continuous,84516.1,84551.0,84491.3,84518.6,10089586.122299995
2025-11-22 07:59:59.892000+00:00,2025-11-22 07:57:00+00:00,continuous,84518.6,84571.0,84504.8,84537.4,6583688.363199989
2025-11-22 08:02:59.816000+00:00,2025-11-22 08:00:00+00:00,continuous,84537.4,84546.4,84445.4,84459.5,11540090.062099967
2025-11-22 08:05:59.993000+00:00,2025-11-22 08:03:00+00:00,continuous,84459.5,84475.8,84396.6,84401.9,12140909.86250001
2025-11-22 08:08:59.643000+00:00,2025-11-22 08:06:00+00:00,continuous,84401.7,84465.7,84398.0,84444.0,6922177.279400012
2025-11-22 08:11:59.645000+00:00,2025-11-22 08:09:00+00:00,continuous,84444.0,84465.8,84409.7,84429.9,6155845.18000001
2025-11-22 08:14:59.967000+00:00,2025-11-22 08:12:00+00:00,continuous,84429.9,84488.4,84429.9,84488.4,6766682.580600011
2025-11-22 08:17:59.942000+00:00,2025-11-22 08:15:00+00:00,continuous,84488.4,84510.2,84367.0,84377.8,15601349.07979998
2025-11-22 08:20:59.850000+00:00,2025-11-22 08:18:00+00:00,continuous,84377.8,84377.9,84163.6,84211.7,35290774.5647
2025-11-22 08:23:59.843000+00:00,2025-11-22 08:21:00+00:00,continuous,84211.6,84281.8,84189.2,84261.8,15076080.521800047
2025-11-22 08:26:59.945000+00:00,2025-11-22 08:24:00+00:00,continuous,84261.8,84322.0,84160.4,84237.8,20224829.95860003
2025-11-22 08:29:59.904000+00:00,2025-11-22 08:27:00+00:00,continuous,84237.7,84237.8,84170.0,84181.9,11246607.86850001
2025-11-22 08:32:59.914000+00:00,2025-11-22 08:30:00+00:00,continuous,84181.8,84200.0,84043.2,84051.1,33751785.792500064
2025-11-22 08:35:59.984000+00:00,2025-11-22 08:33:00+00:00,continuous,84051.0,84199.0,83954.3,84067.5,41094516.70809976
2025-11-22 08:38:59.932000+00:00,2025-11-22 08:36:00+00:00,continuous,84067.6,84075.6,83917.6,83979.1,21328042.18540002
2025-11-22 08:41:59.652000+00:00,2025-11-22 08:39:00+00:00,continuous,83979.0,83990.0,83896.6,83960.9,25795435.125000022
2025-11-22 08:44:59.983000+00:00,2025-11-22 08:42:00+00:00,continuous,83961.0,84052.6,83909.6,84038.6,27954835.13409999
2025-11-22 08:47:59.750000+00:00,2025-11-22 08:45:00+00:00,continuous,84038.7,84038.7,83900.0,83985.9,42010277.52159978
2025-11-22 08:50:59.806000+00:00,2025-11-22 08:48:00+00:00,continuous,83986.3,84020.0,83909.0,83960.9,13583952.118200034
2025-11-22 08:53:59.995000+00:00,2025-11-22 08:51:00+00:00,continuous,83960.8,84043.2,83924.5,84039.9,11850646.692699991
2025-11-22 08:56:59.518000+00:00,2025-11-22 08:54:00+00:00,continuous,84040.0,84146.6,84031.5,84070.3,22503664.410200037
2025-11-22 08:59:59.633000+00:00,2025-11-22 08:57:00+00:00,continuous,84070.4,84091.0,83967.5,83979.3,10165878.461199991
2025-11-22 09:02:59.907000+00:00,2025-11-22 09:00:00+00:00,continuous,83979.3,83996.7,83914.8,83980.4,16042846.903400006
2025-11-22 09:05:59.463000+00:00,2025-11-22 09:03:00+00:00,continuous,83980.5,84079.3,83968.0,84079.2,11559362.198399978
2025-11-22 09:08:59.956000+00:00,2025-11-22 09:06:00+00:00,continuous,84079.3,84131.4,84000.5,84106.3,12501767.942799982
2025-11-22 09:11:59.904000+00:00,2025-11-22 09:09:00+00:00,continuous,84106.3,84244.9,84082.5,84240.8,22172961.756499965
2025-11-22 09:14:59.984000+00:00,2025-11-22 09:12:00+00:00,continuous,84240.7,84315.6,84234.8,84268.2,18323505.659400012
2025-11-22 09:17:58.775000+00:00,2025-11-22 09:15:00+00:00,continuous,84267.7,84286.2,84153.3,84205.5,11132944.929699967
2025-11-22 09:20:59.354000+00:00,2025-11-22 09:18:00+00:00,continuous,84205.5,84205.6,84025.5,84049.0,12088934.934099996
2025-11-22 09:23:59.555000+00:00,2025-11-22 09:21:00+00:00,continuous,84049.1,84062.2,83917.8,84003.3,17861992.0386
2025-11-22 09:26:59.436000+00:00,2025-11-22 09:24:00+00:00,continuous,84003.3,84098.3,83975.7,84043.9,9615595.782800008
2025-11-22 09:29:59.859000+00:00,2025-11-22 09:27:00+00:00,continuous,84043.9,84096.4,84043.8,84073.8,5919785.100600013
2025-11-22 09:32:59.806000+00:00,2025-11-22 09:30:00+00:00,continuous,84073.8,84111.3,83933.0,84111.3,21955945.113399982
2025-11-22 09:35:59.863000+00:00,2025-11-22 09:33:00+00:00,continuous,84111.3,84168.0,84030.3,84144.6,15962494.708800023
2025-11-22 09:38:59.131000+00:00,2025-11-22 09:36:00+00:00,continuous,84144.5,84226.8,84118.0,84137.4,14405378.528399965
2025-11-22 09:41:59.451000+00:00,2025-11-22 09:39:00+00:00,continuous,84137.5,84160.0,83921.3,83983.3,48683966.143500015
2025-11-22 09:44:59.780000+00:00,2025-11-22 09:42:00+00:00,continuous,83983.3,83996.4,83821.3,83913.9,57882875.35940001
2025-11-22 09:47:59.938000+00:00,2025-11-22 09:45:00+00:00,continuous,83914.0,84093.7,83890.4,84092.9,23336539.209599983
2025-11-22 09:50:59.935000+00:00,2025-11-22 09:48:00+00:00,continuous,84092.9,84100.0,83913.8,83933.1,12841058.205800004
2025-11-22 09:53:59.893000+00:00,2025-11-22 09:51:00+00:00,continuous,83933.0,83987.5,83887.2,83980.8,11895220.8245
2025-11-22 09:56:59.997000+00:00,2025-11-22 09:54:00+00:00,continuous,83980.9,83986.7,83885.0,83889.1,7822351.048899995
2025-11-22 09:59:59.917000+00:00,2025-11-22 09:57:00+00:00,continuous,83889.1,83898.6,83850.0,83898.5,12117136.455199953
2025-11-22 10:02:59.864000+00:00,2025-11-22 10:00:00+00:00,continuous,83898.6,84009.8,83881.8,84008.6,15258471.591299998
2025-11-22 10:05:59.963000+00:00,2025-11-22 10:03:00+00:00,continuous,84008.7,84022.4,83918.0,83946.4,10969496.783999993
2025-11-22 10:08:59.952000+00:00,2025-11-22 10:06:00+00:00,continuous,83946.3,83995.5,83936.4,83981.6,6365890.587399999
2025-11-22 10:11:59.888000+00:00,2025-11-22 10:09:00+00:00,continuous,83981.7,84119.9,83943.3,84115.9,20685154.685999993
2025-11-22 10:14:59.713000+00:00,2025-11-22 10:12:00+00:00,continuous,84115.9,84187.3,84085.7,84140.0,21692808.74780002
2025-11-22 10:17:59.756000+00:00,2025-11-22 10:15:00+00:00,continuous,84140.0,84162.4,83968.3,83969.9,12830463.375299996
2025-11-22 10:20:59.736000+00:00,2025-11-22 10:18:00+00:00,continuous,83969.9,83983.6,83841.9,83869.9,24410960.07049997
2025-11-22 10:23:59.699000+00:00,2025-11-22 10:21:00+00:00,continuous,83869.9,84003.8,83840.0,83918.3,15292314.386299977
2025-11-22 10:26:59.828000+00:00,2025-11-22 10:24:00+00:00,continuous,83918.4,83918.4,83561.8,83666.0,98579987.30579993
2025-11-22 10:29:59.473000+00:00,2025-11-22 10:27:00+00:00,continuous,83665.9,83756.9,83596.7,83656.2,37219138.98350005
2025-11-22 10:32:59.956000+00:00,2025-11-22 10:30:00+00:00,continuous,83656.1,83754.5,83631.3,83662.4,25292118.174399965
2025-11-22 10:35:59.963000+00:00,2025-11-22 10:33:00+00:00,continuous,83662.5,83757.4,83659.5,83728.9,12179617.380200014
2025-11-22 10:38:59.554000+00:00,2025-11-22 10:36:00+00:00,continuous,83728.9,83738.7,83588.4,83699.9,23123401.501400072
2025-11-22 10:41:59.347000+00:00,2025-11-22 10:39:00+00:00,continuous,83699.9,83708.2,83579.6,83591.4,25571985.935500022
2025-11-22 10:44:59.797000+00:00,2025-11-22 10:42:00+00:00,continuous,83591.5,83655.9,83512.9,83646.1,29472271.94579989
2025-11-22 10:47:59.995000+00:00,2025-11-22 10:45:00+00:00,continuous,83646.2,83753.4,83597.6,83617.2,20764917.69769996
2025-11-22 10:50:59.991000+00:00,2025-11-22 10:48:00+00:00,continuous,83617.1,83618.3,83500.0,83600.0,37531885.94849993
2025-11-22 10:53:59.904000+00:00,2025-11-22 10:51:00+00:00,continuous,83599.9,83628.1,83522.6,83551.3,11052888.584500007
2025-11-22 10:56:59.935000+00:00,2025-11-22 10:54:00+00:00,continuous,83551.2,83642.9,83456.0,83628.2,37929140.58260002
2025-11-22 10:59:59.495000+00:00,2025-11-22 10:57:00+00:00,continuous,83628.3,83770.7,83616.5,83666.1,34546010.09649997
2025-11-22 11:02:59.702000+00:00,2025-11-22 11:00:00+00:00,continuous,83666.0,83765.6,83659.0,83738.7,18020903.80090002
2025-11-22 11:05:59.846000+00:00,2025-11-22 11:03:00+00:00,continuous,83738.8,83763.6,83552.7,83683.5,13989843.920999974
2025-11-22 11:08:59.853000+00:00,2025-11-22 11:06:00+00:00,continuous,83683.4,83959.7,83676.8,83947.0,34936803.854300015
2025-11-22 11:11:59.842000+00:00,2025-11-22 11:09:00+00:00,continuous,83947.0,84050.0,83904.2,83949.8,56652336.450699955
2025-11-22 11:14:59.731000+00:00,2025-11-22 11:12:00+00:00,continuous,83949.7,84033.6,83921.6,83985.5,19867459.840600003
2025-11-22 11:17:59.608000+00:00,2025-11-22 11:15:00+00:00,continuous,83985.5,84049.5,83943.5,83953.0,17411811.41609999
2025-11-22 11:20:59.782000+00:00,2025-11-22 11:18:00+00:00,continuous,83952.9,83982.5,83885.1,83895.1,18594535.196399998
2025-11-22 11:23:59.854000+00:00,2025-11-22 11:21:00+00:00,continuous,83895.2,84003.0,83866.4,83867.9,13209596.765900016
2025-11-22 11:26:59.898000+00:00,2025-11-22 11:24:00+00:00,continuous,83867.9,84229.1,83839.2,84187.7,52110803.2981002
2025-11-22 11:29:59.786000+00:00,2025-11-22 11:27:00+00:00,continuous,84187.8,84268.8,84158.8,84195.9,31232065.669700127
2025-11-22 11:32:59.737000+00:00,2025-11-22 11:30:00+00:00,continuous,84195.9,84204.2,84078.3,84115.4,28467374.943899944
2025-11-22 11:35:59.983000+00:00,2025-11-22 11:33:00+00:00,continuous,84115.4,84265.2,84107.5,84253.1,39176690.36199997
2025-11-22 11:38:59.279000+00:00,2025-11-22 11:36:00+00:00,continuous,84253.0,84328.5,84221.3,84226.9,26542236.90570001
2025-11-22 11:41:59.810000+00:00,2025-11-22 11:39:00+00:00,continuous,84227.0,84240.7,84159.0,84178.5,13884946.194399977
2025-11-22 11:44:59.646000+00:00,2025-11-22 11:42:00+00:00,continuous,84178.5,84296.3,84158.1,84258.8,14763751.375100011
2025-11-22 11:47:59.474000+00:00,2025-11-22 11:45:00+00:00,continuous,84258.8,84258.8,84162.2,84167.2,11844435.083500024
2025-11-22 11:50:59.884000+00:00,2025-11-22 11:48:00+00:00,continuous,84167.2,84186.5,84137.7,84165.5,8442641.716800017
2025-11-22 11:53:59.504000+00:00,2025-11-22 11:51:00+00:00,continuous,84165.7,84238.3,84162.5,84220.0,7581263.366000007
2025-11-22 11:56:59.872000+00:00,2025-11-22 11:54:00+00:00,continuous,84219.9,84220.0,84103.2,84182.5,18888958.34480001
2025-11-22 11:59:59.976000+00:00,2025-11-22 11:57:00+00:00,continuous,84182.5,84182.6,84051.1,84066.2,13571538.196899984
2025-11-22 12:02:59.709000+00:00,2025-11-22 12:00:00+00:00,continuous,84066.3,84131.0,84033.3,84075.5,17104161.14639999
2025-11-22 12:05:59.933000+00:00,2025-11-22 12:03:00+00:00,continuous,84075.5,84075.5,83941.8,83952.0,26998176.236500062
2025-11-22 12:08:59.892000+00:00,2025-11-22 12:06:00+00:00,continuous,83951.9,83974.3,83767.2,83782.9,42545003.111000106
2025-11-22 12:11:59.919000+00:00,2025-11-22 12:09:00+00:00,continuous,83782.8,83800.0,83635.4,83705.1,37101211.106400006
2025-11-22 12:14:59.958000+00:00,2025-11-22 12:12:00+00:00,continuous,83705.0,83711.2,83647.4,83659.2,21745816.598900054
2025-11-22 12:17:59.884000+00:00,2025-11-22 12:15:00+00:00,continuous,83659.1,83793.8,83657.1,83775.9,33890149.1664
2025-11-22 12:20:59.907000+00:00,2025-11-22 12:18:00+00:00,continuous,83776.0,83857.0,83708.7,83792.2,37523194.99120002
2025-11-22 12:23:59.944000+00:00,2025-11-22 12:21:00+00:00,continuous,83792.1,83792.2,83672.1,83742.0,14423519.821400005
2025-11-22 12:26:59.967000+00:00,2025-11-22 12:24:00+00:00,continuous,83742.0,83758.9,83578.5,83589.6,30383099.602799993
2025-11-22 12:29:59.615000+00:00,2025-11-22 12:27:00+00:00,continuous,83589.5,83663.5,83589.5,83625.0,18786067.230999973
2025-11-22 12:32:59.826000+00:00,2025-11-22 12:30:00+00:00,continuous,83624.9,83735.1,83616.6,83674.2,13251173.55659997
2025-11-22 12:35:59.738000+00:00,2025-11-22 12:33:00+00:00,continuous,83674.3,83782.5,83655.9,83706.7,9216087.833899984
2025-11-22 12:38:59.956000+00:00,2025-11-22 12:36:00+00:00,continuous,83706.7,83809.2,83706.7,83756.8,11131613.516600003
2025-11-22 12:41:59.960000+00:00,2025-11-22 12:39:00+00:00,continuous,83756.9,83802.6,83672.0,83672.0,9219949.47480001
2025-11-22 12:44:59.787000+00:00,2025-11-22 12:42:00+00:00,continuous,83671.7,83748.9,83666.1,83694.4,7237052.867099996
2025-11-22 12:47:59.914000+00:00,2025-11-22 12:45:00+00:00,continuous,83694.5,83743.2,83687.1,83743.2,8479612.171900012
2025-11-22 12:50:59.481000+00:00,2025-11-22 12:48:00+00:00,continuous,83743.2,83743.2,83588.5,83703.7,14117207.443499986
2025-11-22 12:53:59.958000+00:00,2025-11-22 12:51:00+00:00,continuous,83703.7,83892.2,83703.6,83800.0,19482682.305399977
2025-11-22 12:56:59.457000+00:00,2025-11-22 12:54:00+00:00,continuous,83800.1,83859.2,83800.0,83841.5,7490642.7486000005
2025-11-22 12:59:59.694000+00:00,2025-11-22 12:57:00+00:00,continuous,83841.6,83875.2,83780.7,83845.2,18649346.67049998
2025-11-22 13:02:59.951000+00:00,2025-11-22 13:00:00+00:00,continuous,83845.2,83845.3,83654.6,83661.8,17392797.087800004
2025-11-22 13:05:59.832000+00:00,2025-11-22 13:03:00+00:00,continuous,83661.7,83712.2,83607.4,83695.6,16116982.210099995
2025-11-22 13:08:59.891000+00:00,2025-11-22 13:06:00+00:00,continuous,83695.7,83872.5,83687.6,83872.5,10630966.650400048
2025-11-22 13:11:59.754000+00:00,2025-11-22 13:09:00+00:00,continuous,83872.4,84097.3,83865.5,84016.5,47595958.86100015
2025-11-22 13:14:59.706000+00:00,2025-11-22 13:12:00+00:00,continuous,84016.6,84100.0,84010.3,84067.2,18823031.371800005
2025-11-22 13:17:59.633000+00:00,2025-11-22 13:15:00+00:00,continuous,84067.1,84093.6,84004.9,84045.5,14095041.951
2025-11-22 13:20:59.912000+00:00,2025-11-22 13:18:00+00:00,continuous,84045.4,84045.4,83944.0,83954.9,12198137.378300007
2025-11-22 13:23:59.829000+00:00,2025-11-22 13:21:00+00:00,continuous,83954.8,84045.5,83886.5,83902.7,17509173.760499984
2025-11-22 13:26:59.981000+00:00,2025-11-22 13:24:00+00:00,continuous,83902.6,83904.0,83752.9,83803.6,25501069.78530003
2025-11-22 13:29:59.053000+00:00,2025-11-22 13:27:00+00:00,continuous,83803.7,83871.7,83803.6,83858.0,10804889.848399991
2025-11-22 13:32:59.973000+00:00,2025-11-22 13:30:00+00:00,continuous,83858.0,83882.9,83777.2,83828.8,12842051.208300004
2025-11-22 13:35:59.110000+00:00,2025-11-22 13:33:00+00:00,continuous,83828.8,83894.7,83750.0,83802.1,15438407.919400001
2025-11-22 13:38:59.609000+00:00,2025-11-22 13:36:00+00:00,continuous,83802.0,83802.0,83666.4,83708.2,17609115.51919999
2025-11-22 13:41:59.643000+00:00,2025-11-22 13:39:00+00:00,continuous,83708.1,83783.8,83689.8,83730.5,14373522.466699958
2025-11-22 13:44:59.838000+00:00,2025-11-22 13:42:00+00:00,continuous,83730.4,83890.0,83730.4,83868.6,9660733.740299992
2025-11-22 13:47:59.628000+00:00,2025-11-22 13:45:00+00:00,continuous,83868.6,83964.1,83830.8,83955.9,10465802.787400007
2025-11-22 13:50:59.688000+00:00,2025-11-22 13:48:00+00:00,continuous,83955.9,83996.9,83873.2,83912.4,17260699.0521
2025-11-22 13:53:59.771000+00:00,2025-11-22 13:51:00+00:00,continuous,83912.3,83989.1,83825.8,83825.8,10091271.701500013
2025-11-22 13:56:59.528000+00:00,2025-11-22 13:54:00+00:00,continuous,83825.9,83939.3,83825.8,83934.3,13248406.41670001
2025-11-22 13:59:59.557000+00:00,2025-11-22 13:57:00+00:00,continuous,83934.4,83938.8,83861.4,83908.0,7762990.140599997
2025-11-22 14:02:59.955000+00:00,2025-11-22 14:00:00+00:00,continuous,83907.9,84154.2,83892.5,84150.0,32850797.954699937
2025-11-22 14:05:59.943000+00:00,2025-11-22 14:03:00+00:00,continuous,84149.9,84212.3,84050.2,84184.9,26299397.99520005
2025-11-22 14:08:59.966000+00:00,2025-11-22 14:06:00+00:00,continuous,84184.9,84224.3,84115.4,84150.0,22122749.164699957
2025-11-22 14:11:59.904000+00:00,2025-11-22 14:09:00+00:00,continuous,84150.0,84200.0,84060.7,84188.5,21128483.026099943
2025-11-22 14:14:59.966000+00:00,2025-11-22 14:12:00+00:00,continuous,84188.5,84411.3,84176.1,84411.2,37715158.60350002
2025-11-22 14:17:59.917000+00:00,2025-11-22 14:15:00+00:00,continuous,84411.3,84712.7,84314.8,84325.1,124286763.67489982
2025-11-22 14:20:59.387000+00:00,2025-11-22 14:18:00+00:00,continuous,84325.0,84500.0,84278.0,84474.2,31797301.025100034
2025-11-22 14:23:59.928000+00:00,2025-11-22 14:21:00+00:00,continuous,84474.2,84500.0,84362.4,84385.5,22042495.052999984
2025-11-22 14:26:59.967000+00:00,2025-11-22 14:24:00+00:00,continuous,84385.5,84611.5,84317.6,84598.5,42883445.7760999
2025-11-22 14:29:59.730000+00:00,2025-11-22 14:27:00+00:00,continuous,84598.4,84625.1,84506.9,84528.0,18062679.266699985
2025-11-22 14:32:59.892000+00:00,2025-11-22 14:30:00+00:00,continuous,84528.0,84543.7,84437.3,84543.7,18065735.448499955
2025-11-22 14:35:59.556000+00:00,2025-11-22 14:33:00+00:00,continuous,84543.6,84599.0,84399.9,84400.0,18567718.046599973
2025-11-22 14:38:59.925000+00:00,2025-11-22 14:36:00+00:00,continuous,84400.1,84550.0,84367.6,84549.9,17587480.298699986
2025-11-22 14:41:59.633000+00:00,2025-11-22 14:39:00+00:00,continuous,84550.0,84597.0,84413.8,84449.7,14131963.707900021
2025-11-22 14:44:59.596000+00:00,2025-11-22 14:42:00+00:00,continuous,84449.7,84449.7,84333.4,84333.4,14258292.12970001
2025-11-22 14:47:59.969000+00:00,2025-11-22 14:45:00+00:00,continuous,84333.4,84386.7,84208.1,84222.3,23061614.216299944
2025-11-22 14:50:59.742000+00:00,2025-11-22 14:48:00+00:00,continuous,84222.3,84405.3,84222.3,84382.2,16107118.283299966
2025-11-22 14:53:59.769000+00:00,2025-11-22 14:51:00+00:00,continuous,84382.2,84515.2,84376.2,84489.7,21852070.69919995
2025-11-22 14:56:59.981000+00:00,2025-11-22 14:54:00+00:00,continuous,84489.6,84498.2,84429.1,84429.2,10162823.972799996
2025-11-22 14:59:59.897000+00:00,2025-11-22 14:57:00+00:00,continuous,84429.1,84486.0,84405.4,84451.5,6039519.907700001
2025-11-22 15:02:59.957000+00:00,2025-11-22 15:00:00+00:00,continuous,84451.4,84535.7,84325.0,84370.5,22730508.41810003
2025-11-22 15:05:59.991000+00:00,2025-11-22 15:03:00+00:00,continuous,84370.4,84370.4,84282.6,84335.0,10730397.397500033
2025-11-22 15:08:59.589000+00:00,2025-11-22 15:06:00+00:00,continuous,84335.0,84458.2,84295.1,84329.0,21180849.37159989
2025-11-22 15:11:59.774000+00:00,2025-11-22 15:09:00+00:00,continuous,84329.0,84340.5,84250.0,84306.2,12438260.77860001
2025-11-22 15:14:57.965000+00:00,2025-11-22 15:12:00+00:00,continuous,84306.2,84347.8,84276.3,84338.5,10648215.576299986
2025-11-22 15:17:59.959000+00:00,2025-11-22 15:15:00+00:00,continuous,84338.5,84446.8,84331.4,84446.8,10961282.5286
2025-11-22 15:20:59.977000+00:00,2025-11-22 15:18:00+00:00,continuous,84446.8,84446.8,84290.0,84309.3,9081234.719799997
2025-11-22 15:23:59.971000+00:00,2025-11-22 15:21:00+00:00,continuous,84309.4,84398.5,84300.0,84360.2,5967919.007899995
2025-11-22 15:26:59.739000+00:00,2025-11-22 15:24:00+00:00,continuous,84360.3,84471.3,84343.7,84385.0,12854760.657400008
2025-11-22 15:29:59.947000+00:00,2025-11-22 15:27:00+00:00,continuous,84385.1,84416.3,84357.1,84385.1,7231737.654499997
2025-11-22 15:32:59.634000+00:00,2025-11-22 15:30:00+00:00,continuous,84385.1,84385.1,84311.2,84357.0,8820234.577599991
2025-11-22 15:35:59.710000+00:00,2025-11-22 15:33:00+00:00,continuous,84357.1,84405.2,84330.2,84352.7,9393624.301199984
2025-11-22 15:38:59.843000+00:00,2025-11-22 15:36:00+00:00,continuous,84352.8,84383.6,84313.9,84320.7,9367763.661700003
2025-11-22 15:41:59.870000+00:00,2025-11-22 15:39:00+00:00,continuous,84320.7,84320.7,83991.1,84052.6,63073104.42050008
2025-11-22 15:44:59.789000+00:00,2025-11-22 15:42:00+00:00,continuous,84052.7,84092.2,84011.0,84079.2,13498863.193400007
2025-11-22 15:47:59.981000+00:00,2025-11-22 15:45:00+00:00,continuous,84079.3,84106.5,83968.6,83995.6,19709886.9807
2025-11-22 15:50:59.589000+00:00,2025-11-22 15:48:00+00:00,continuous,83995.7,84089.5,83980.0,84089.5,13733602.000300009
2025-11-22 15:53:59.730000+00:00,2025-11-22 15:51:00+00:00,continuous,84089.5,84152.6,84044.8,84101.9,18345787.211600043
2025-11-22 15:56:59.952000+00:00,2025-11-22 15:54:00+00:00,continuous,84101.4,84129.2,84066.1,84075.7,9195196.944500016
2025-11-22 15:59:59.858000+00:00,2025-11-22 15:57:00+00:00,continuous,84075.7,84278.7,84075.7,84239.9,16509746.369200045
2025-11-22 16:02:59.627000+00:00,2025-11-22 16:00:00+00:00,continuous,84239.9,84302.0,84205.3,84205.3,13562253.62290003
2025-11-22 16:05:59.873000+00:00,2025-11-22 16:03:00+00:00,continuous,84205.4,84239.4,84175.0,84223.8,10599749.115299996
2025-11-22 16:08:59.991000+00:00,2025-11-22 16:06:00+00:00,continuous,84223.8,84392.5,84223.7,84392.5,16174648.61899998
2025-11-22 16:11:59.971000+00:00,2025-11-22 16:09:00+00:00,continuous,84392.5,84531.2,84358.6,84461.6,24170862.7781
2025-11-22 16:14:59.749000+00:00,2025-11-22 16:12:00+00:00,continuous,84461.6,84550.0,84461.5,84550.0,19653536.87009999
2025-11-22 16:17:59.739000+00:00,2025-11-22 16:15:00+00:00,continuous,84549.9,84607.3,84494.5,84587.8,19126380.18069996
2025-11-22 16:20:59.715000+00:00,2025-11-22 16:18:00+00:00,continuous,84587.7,84643.0,84420.0,84436.9,25059457.57910008
2025-11-22 16:23:59.919000+00:00,2025-11-22 16:21:00+00:00,continuous,84437.0,84553.9,84436.9,84488.9,16007908.25140001
2025-11-22 16:26:59.906000+00:00,2025-11-22 16:24:00+00:00,continuous,84488.8,84559.5,84482.4,84511.4,11002255.725700025
2025-11-22 16:29:59.607000+00:00,2025-11-22 16:27:00+00:00,continuous,84511.4,84589.9,84500.0,84563.5,8412379.188599994
2025-11-22 16:32:59.949000+00:00,2025-11-22 16:30:00+00:00,continuous,84563.5,84589.9,84469.7,84511.5,11387983.609499998
2025-11-22 16:35:59.848000+00:00,2025-11-22 16:33:00+00:00,continuous,84511.4,84554.1,84495.1,84510.1,5652579.102899998
2025-11-22 16:38:59.806000+00:00,2025-11-22 16:36:00+00:00,continuous,84510.0,84583.2,84480.0,84536.0,5510564.469399997
2025-11-22 16:41:59.941000+00:00,2025-11-22 16:39:00+00:00,continuous,84536.0,84545.9,84466.8,84545.0,8179348.927299997
2025-11-22 16:44:59.876000+00:00,2025-11-22 16:42:00+00:00,continuous,84544.9,84800.0,84544.9,84800.0,38975105.539499976
2025-11-22 16:47:59.945000+00:00,2025-11-22 16:45:00+00:00,continuous,84799.9,84888.0,84650.2,84653.1,43393436.39059975
2025-11-22 16:50:59.890000+00:00,2025-11-22 16:48:00+00:00,continuous,84653.1,84740.8,84653.1,84692.5,17389472.464599974
2025-11-22 16:53:59.349000+00:00,2025-11-22 16:51:00+00:00,continuous,84692.5,84692.5,84566.2,84617.3,12218957.57339998
2025-11-22 16:56:59.990000+00:00,2025-11-22 16:54:00+00:00,continuous,84617.3,84722.0,84603.7,84713.3,10740531.884699969
2025-11-22 16:59:59.892000+00:00,2025-11-22 16:57:00+00:00,continuous,84713.4,84728.5,84659.6,84659.7,9878134.608899998
2025-11-22 17:02:59.111000+00:00,2025-11-22 17:00:00+00:00,continuous,84659.6,84676.6,84534.9,84600.9,18729812.420700032
2025-11-22 17:05:58.445000+00:00,2025-11-22 17:03:00+00:00,continuous,84600.9,84610.4,84438.1,84458.1,18696227.916700024
2025-11-22 17:08:59.929000+00:00,2025-11-22 17:06:00+00:00,continuous,84458.2,84559.6,84458.1,84559.6,8883022.69170001
2025-11-22 17:11:59.954000+00:00,2025-11-22 17:09:00+00:00,continuous,84560.0,84623.2,84438.9,84458.5,36920926.017900094
2025-11-22 17:14:59.287000+00:00,2025-11-22 17:12:00+00:00,continuous,84458.5,84507.4,84385.2,84507.4,17218740.58049997
2025-11-22 17:17:59.893000+00:00,2025-11-22 17:15:00+00:00,continuous,84507.4,84557.0,84474.4,84521.9,11572412.13660001
2025-11-22 17:20:59.537000+00:00,2025-11-22 17:18:00+00:00,continuous,84521.9,84542.7,84444.6,84480.4,4848068.544200001
2025-11-22 17:23:59.489000+00:00,2025-11-22 17:21:00+00:00,continuous,84480.5,84599.0,84480.5,84574.7,8806507.386599995
2025-11-22 17:26:59.490000+00:00,2025-11-22 17:24:00+00:00,continuous,84574.7,84674.2,84560.3,84667.7,10374873.463699983
2025-11-22 17:29:59.781000+00:00,2025-11-22 17:27:00+00:00,continuous,84667.6,84689.8,84612.5,84668.7,8093729.909799995
2025-11-22 17:32:59.871000+00:00,2025-11-22 17:30:00+00:00,continuous,84668.6,84690.0,84520.7,84572.8,12803445.512800002
2025-11-22 17:35:58.042000+00:00,2025-11-22 17:33:00+00:00,continuous,84572.8,84606.9,84540.0,84553.8,5165546.876099998
2025-11-22 17:38:59.260000+00:00,2025-11-22 17:36:00+00:00,continuous,84553.9,84562.3,84487.1,84562.3,7322943.836800005
2025-11-22 17:41:59.970000+00:00,2025-11-22 17:39:00+00:00,continuous,84562.2,84592.4,84523.5,84561.6,6584578.38130001
2025-11-22 17:44:59.989000+00:00,2025-11-22 17:42:00+00:00,continuous,84561.5,84561.6,84475.2,84506.2,6241498.9133999925
2025-11-22 17:47:59.996000+00:00,2025-11-22 17:45:00+00:00,continuous,84506.3,84534.9,84424.6,84471.0,8517167.9888
2025-11-22 17:50:59.445000+00:00,2025-11-22 17:48:00+00:00,continuous,84471.0,84500.0,84450.0,84460.2,5285430.8716
2025-11-22 17:53:59.484000+00:00,2025-11-22 17:51:00+00:00,continuous,84460.1,84523.1,84460.1,84512.8,3752419.0634
2025-11-22 17:56:59.624000+00:00,2025-11-22 17:54:00+00:00,continuous,84512.8,84512.8,84466.1,84468.9,6859072.411000006
2025-11-22 17:59:59.261000+00:00,2025-11-22 17:57:00+00:00,continuous,84469.0,84598.7,84468.9,84515.5,8788019.269300003
2025-11-22 18:02:59.657000+00:00,2025-11-22 18:00:00+00:00,continuous,84515.2,84524.8,84462.5,84474.2,7261760.105499999
2025-11-22 18:05:59.588000+00:00,2025-11-22 18:03:00+00:00,continuous,84474.2,84532.8,84453.0,84524.7,5791587.305900002
2025-11-22 18:08:59.261000+00:00,2025-11-22 18:06:00+00:00,continuous,84524.7,84524.7,84454.9,84500.8,6243313.25780001
2025-11-22 18:11:59.885000+00:00,2025-11-22 18:09:00+00:00,continuous,84500.8,84648.4,84493.8,84637.0,10538308.2841
2025-11-22 18:14:59.831000+00:00,2025-11-22 18:12:00+00:00,continuous,84637.1,84641.0,84549.9,84580.6,6683663.2382000005
2025-11-22 18:17:59.763000+00:00,2025-11-22 18:15:00+00:00,continuous,84580.6,84580.6,84497.1,84526.2,5489461.040399991
2025-11-22 18:20:59.731000+00:00,2025-11-22 18:18:00+00:00,continuous,84526.2,84593.2,84505.1,84546.2,5596804.616699998
2025-11-22 18:23:59.679000+00:00,2025-11-22 18:21:00+00:00,continuous,84546.0,84571.2,84511.5,84519.0,3248660.6084000007
2025-11-22 18:26:59.443000+00:00,2025-11-22 18:24:00+00:00,continuous,84519.0,84588.6,84512.3,84545.2,5951180.867999998
2025-11-22 18:29:59.910000+00:00,2025-11-22 18:27:00+00:00,continuous,84545.2,84566.0,84489.0,84565.9,4774149.178399999
2025-11-22 18:32:59.287000+00:00,2025-11-22 18:30:00+00:00,continuous,84565.8,84565.9,84438.2,84520.8,6870734.664500005
2025-11-22 18:35:59.896000+00:00,2025-11-22 18:33:00+00:00,continuous,84520.8,84543.4,84463.6,84464.9,4437581.335500005
2025-11-22 18:38:59.675000+00:00,2025-11-22 18:36:00+00:00,continuous,84465.0,84497.0,84425.9,84485.3,5756801.141899992
2025-11-22 18:41:59.895000+00:00,2025-11-22 18:39:00+00:00,continuous,84485.4,84536.7,84464.2,84536.7,5127749.1032999875
2025-11-22 18:44:59.313000+00:00,2025-11-22 18:42:00+00:00,continuous,84536.6,84550.0,84502.8,84520.0,4744820.10379999
2025-11-22 18:47:59.785000+00:00,2025-11-22 18:45:00+00:00,continuous,84520.0,84574.9,84491.2,84546.7,6215801.966599999
2025-11-22 18:50:59.438000+00:00,2025-11-22 18:48:00+00:00,continuous,84546.7,84640.0,84523.9,84605.5,7500451.09100001
2025-11-22 18:53:58.858000+00:00,2025-11-22 18:51:00+00:00,continuous,84605.5,84607.3,84573.2,84586.7,3165912.9185
2025-11-22 18:56:59.265000+00:00,2025-11-22 18:54:00+00:00,continuous,84586.6,84603.5,84530.0,84541.0,6614487.50340001
2025-11-22 18:59:59.612000+00:00,2025-11-22 18:57:00+00:00,continuous,84541.0,84624.8,84540.9,84624.8,3699650.3431999977
2025-11-22 19:02:59.486000+00:00,2025-11-22 19:00:00+00:00,continuous,84624.8,84644.3,84547.9,84575.0,5837624.414499986
2025-11-22 19:05:59.645000+00:00,2025-11-22 19:03:00+00:00,continuous,84575.0,84593.2,84550.0,84557.6,5896954.0606
2025-11-22 19:08:59.947000+00:00,2025-11-22 19:06:00+00:00,continuous,84557.6,84761.8,84550.0,84714.3,10448551.133400023
2025-11-22 19:11:59.398000+00:00,2025-11-22 19:09:00+00:00,continuous,84714.2,84750.0,84625.2,84658.7,8597276.425999995
2025-11-22 19:14:59.800000+00:00,2025-11-22 19:12:00+00:00,continuous,84658.8,84672.9,84625.2,84670.1,4823244.250899999
2025-11-22 19:17:59.761000+00:00,2025-11-22 19:15:00+00:00,continuous,84670.2,84735.2,84670.2,84710.0,5487218.506400002
2025-11-22 19:20:59.989000+00:00,2025-11-22 19:18:00+00:00,continuous,84710.0,84755.6,84641.6,84641.6,6877596.972499998
2025-11-22 19:23:59.434000+00:00,2025-11-22 19:21:00+00:00,continuous,84641.4,84650.0,84568.6,84638.5,4994552.819000007
2025-11-22 19:26:59.585000+00:00,2025-11-22 19:24:00+00:00,continuous,84638.5,84649.5,84583.4,84588.7,3329993.5059999977
2025-11-22 19:29:59.995000+00:00,2025-11-22 19:27:00+00:00,continuous,84588.7,84600.0,84533.4,84577.8,4681077.075300002
2025-11-22 19:32:59.803000+00:00,2025-11-22 19:30:00+00:00,continuous,84577.9,84602.3,84535.8,84575.4,4722531.676399996
2025-11-22 19:35:59.925000+00:00,2025-11-22 19:33:00+00:00,continuous,84575.3,84597.5,84564.7,84586.1,2347622.7194000008
2025-11-22 19:38:58.846000+00:00,2025-11-22 19:36:00+00:00,continuous,84585.9,84585.9,84519.8,84554.1,4090330.2806000104
2025-11-22 19:41:59.500000+00:00,2025-11-22 19:39:00+00:00,continuous,84554.1,84581.5,84506.2,84506.2,5279847.998200001
2025-11-22 19:44:59.198000+00:00,2025-11-22 19:42:00+00:00,continuous,84506.2,84547.5,84463.6,84538.1,6731186.289399984
2025-11-22 19:47:59.223000+00:00,2025-11-22 19:45:00+00:00,continuous,84538.1,84588.2,84522.1,84561.9,5159583.61289999
2025-11-22 19:50:59.970000+00:00,2025-11-22 19:48:00+00:00,continuous,84561.9,84663.9,84553.1,84663.9,4648374.128100011
2025-11-22 19:53:58.127000+00:00,2025-11-22 19:51:00+00:00,continuous,84663.8,84689.8,84629.0,84644.5,6966481.8436
2025-11-22 19:56:59.780000+00:00,2025-11-22 19:54:00+00:00,continuous,84644.4,84644.4,84596.2,84629.8,2867008.1066000033
2025-11-22 19:59:59.544000+00:00,2025-11-22 19:57:00+00:00,continuous,84629.7,84639.8,84566.7,84566.7,4302330.096900005
2025-11-22 20:02:58.815000+00:00,2025-11-22 20:00:00+00:00,continuous,84566.8,84700.0,84553.8,84665.9,8584230.136200005
2025-11-22 20:05:59.876000+00:00,2025-11-22 20:03:00+00:00,continuous,84666.0,84779.8,84666.0,84685.8,19877540.812899973
2025-11-22 20:08:59.724000+00:00,2025-11-22 20:06:00+00:00,continuous,84685.8,84729.8,84596.7,84618.4,4883710.625000001
2025-11-22 20:11:59.106000+00:00,2025-11-22 20:09:00+00:00,continuous,84618.4,84703.2,84607.3,84674.7,4013605.607400007
2025-11-22 20:14:59.868000+00:00,2025-11-22 20:12:00+00:00,continuous,84674.8,84738.2,84674.7,84717.0,3755477.7699000034
2025-11-22 20:17:59.202000+00:00,2025-11-22 20:15:00+00:00,continuous,84717.0,84765.2,84672.6,84676.9,5621763.598600007
2025-11-22 20:20:59.887000+00:00,2025-11-22 20:18:00+00:00,continuous,84676.9,84680.9,84615.0,84629.7,4238220.139800005
2025-11-22 20:23:59.948000+00:00,2025-11-22 20:21:00+00:00,continuous,84629.7,84746.9,84615.7,84672.0,3543780.3094000076
2025-11-22 20:26:59.072000+00:00,2025-11-22 20:24:00+00:00,continuous,84672.0,84691.7,84646.8,84691.7,2990962.1828999994
2025-11-22 20:29:59.711000+00:00,2025-11-22 20:27:00+00:00,continuous,84691.7,84716.0,84662.3,84707.2,3106386.474200002
2025-11-22 20:32:59.941000+00:00,2025-11-22 20:30:00+00:00,continuous,84707.1,84707.2,84582.6,84590.3,5101532.630500012
2025-11-22 20:35:59.356000+00:00,2025-11-22 20:33:00+00:00,continuous,84590.4,84632.3,84590.3,84602.5,3246563.0877000014
2025-11-22 20:38:58.912000+00:00,2025-11-22 20:36:00+00:00,continuous,84602.4,84613.5,84463.2,84550.3,15085667.625199998
2025-11-22 20:41:59.835000+00:00,2025-11-22 20:39:00+00:00,continuous,84550.3,84550.3,84493.8,84509.5,3367575.5009000017
2025-11-22 20:44:59.917000+00:00,2025-11-22 20:42:00+00:00,continuous,84509.5,84518.5,84370.3,84383.6,16257564.917799992
2025-11-22 20:47:59.482000+00:00,2025-11-22 20:45:00+00:00,continuous,84383.6,84441.5,84383.6,84411.6,12743314.641199999
2025-11-22 20:50:59.832000+00:00,2025-11-22 20:48:00+00:00,continuous,84411.6,84411.7,84274.9,84310.5,19603876.07820001
2025-11-22 20:53:59.519000+00:00,2025-11-22 20:51:00+00:00,continuous,84310.5,84337.5,84206.6,84225.7,12775517.677499996
2025-11-22 20:56:59.973000+00:00,2025-11-22 20:54:00+00:00,continuous,84225.9,84304.9,84193.8,84300.7,10994505.829799995
2025-11-22 20:59:59.258000+00:00,2025-11-22 20:57:00+00:00,continuous,84300.3,84467.8,84300.3,84426.7,19989368.59590004
2025-11-22 21:02:59.230000+00:00,2025-11-22 21:00:00+00:00,continuous,84426.7,84426.7,84358.0,84373.8,7737964.915300001
2025-11-22 21:05:59.886000+00:00,2025-11-22 21:03:00+00:00,continuous,84373.9,84443.0,84373.9,84438.7,7065858.575099995
2025-11-22 21:08:59.862000+00:00,2025-11-22 21:06:00+00:00,continuous,84439.1,84481.1,84431.8,84440.8,8194702.761699988
2025-11-22 21:11:59.876000+00:00,2025-11-22 21:09:00+00:00,continuous,84440.8,84463.6,84217.4,84219.8,17697109.965300024
2025-11-22 21:14:59.356000+00:00,2025-11-22 21:12:00+00:00,continuous,84219.9,84259.6,84195.4,84253.4,7482692.6225000145
2025-11-22 21:17:59.100000+00:00,2025-11-22 21:15:00+00:00,continuous,84253.3,84361.3,84251.9,84320.1,7739091.525900005
2025-11-22 21:20:59.981000+00:00,2025-11-22 21:18:00+00:00,continuous,84320.2,84362.3,84310.5,84357.8,6472344.414999993
2025-11-22 21:23:59.795000+00:00,2025-11-22 21:21:00+00:00,continuous,84357.8,84398.6,84309.5,84328.8,5061709.515700001
2025-11-22 21:26:59.843000+00:00,2025-11-22 21:24:00+00:00,continuous,84328.8,84369.2,84268.3,84297.5,4368971.330000002
2025-11-22 21:29:59.534000+00:00,2025-11-22 21:27:00+00:00,continuous,84297.5,84319.9,84268.3,84270.9,4101253.797400002
2025-11-22 21:32:59.816000+00:00,2025-11-22 21:30:00+00:00,continuous,84270.9,84350.0,84270.8,84283.2,4962611.027100015
2025-11-22 21:35:58.173000+00:00,2025-11-22 21:33:00+00:00,continuous,84283.1,84332.8,84277.7,84297.3,4444174.783800001
2025-11-22 21:38:58.248000+00:00,2025-11-22 21:36:00+00:00,continuous,84297.4,84319.3,84244.0,84269.5,5518593.8982000025
2025-11-22 21:41:59.629000+00:00,2025-11-22 21:39:00+00:00,continuous,84269.5,84348.9,84269.5,84314.4,2690254.1445999974
2025-11-22 21:44:58.226000+00:00,2025-11-22 21:42:00+00:00,continuous,84314.4,84410.7,84314.4,84366.4,7870473.881499999
2025-11-22 21:47:58.307000+00:00,2025-11-22 21:45:00+00:00,continuous,84366.4,84411.5,84310.3,84353.5,10234343.411499986
2025-11-22 21:50:59.920000+00:00,2025-11-22 21:48:00+00:00,continuous,84353.5,84392.0,84277.2,84288.5,3704401.5223999936
2025-11-22 21:53:59.606000+00:00,2025-11-22 21:51:00+00:00,continuous,84288.5,84372.7,84274.9,84351.1,3305898.8323999997
2025-11-22 21:56:59.190000+00:00,2025-11-22 21:54:00+00:00,continuous,84351.2,84391.9,84351.2,84370.7,2810415.3144000005
2025-11-22 21:59:59.081000+00:00,2025-11-22 21:57:00+00:00,continuous,84370.6,84378.9,84344.4,84370.0,2020353.953099999
2025-11-22 22:02:59.446000+00:00,2025-11-22 22:00:00+00:00,continuous,84370.1,84415.7,84331.6,84381.3,2883357.741600003
2025-11-22 22:05:59.766000+00:00,2025-11-22 22:03:00+00:00,continuous,84381.3,84381.4,84246.5,84246.5,7371450.259800003
2025-11-22 22:08:59.076000+00:00,2025-11-22 22:06:00+00:00,continuous,84246.5,84294.1,84239.3,84239.4,4115416.3655
2025-11-22 22:11:59.894000+00:00,2025-11-22 22:09:00+00:00,continuous,84239.3,84333.6,84234.8,84331.8,4376263.406599999
2025-11-22 22:14:59.994000+00:00,2025-11-22 22:12:00+00:00,continuous,84331.8,84557.7,84326.3,84548.9,20183720.66859996
2025-11-22 22:17:59.985000+00:00,2025-11-22 22:15:00+00:00,continuous,84548.9,84650.0,84499.6,84518.6,37809383.536999986
2025-11-22 22:20:59.709000+00:00,2025-11-22 22:18:00+00:00,continuous,84518.6,84522.1,84487.3,84487.4,6078189.213399999
2025-11-22 22:23:59.984000+00:00,2025-11-22 22:21:00+00:00,continuous,84487.4,84610.0,84487.3,84601.2,5152783.1804000065
2025-11-22 22:26:59.876000+00:00,2025-11-22 22:24:00+00:00,continuous,84601.1,84625.0,84556.4,84560.0,7222801.709699995
2025-11-22 22:29:59.887000+00:00,2025-11-22 22:27:00+00:00,continuous,84560.0,84583.3,84503.1,84570.4,4645878.498399997
2025-11-22 22:32:59.554000+00:00,2025-11-22 22:30:00+00:00,continuous,84570.3,84650.0,84523.4,84650.0,5171106.740899998
2025-11-22 22:35:59.475000+00:00,2025-11-22 22:33:00+00:00,continuous,84650.0,84650.0,84546.0,84596.6,3823726.6205999977
2025-11-22 22:38:59.481000+00:00,2025-11-22 22:36:00+00:00,continuous,84596.6,84703.2,84596.6,84663.7,8420762.767
2025-11-22 22:41:59.857000+00:00,2025-11-22 22:39:00+00:00,continuous,84663.6,84680.9,84619.0,84664.8,5036865.1186999865
2025-11-22 22:44:59.236000+00:00,2025-11-22 22:42:00+00:00,continuous,84664.7,84713.8,84664.7,84709.9,7554402.010399993
2025-11-22 22:47:59.863000+00:00,2025-11-22 22:45:00+00:00,continuous,84709.9,84764.6,84679.4,84750.0,11843156.237400008
2025-11-22 22:50:59.999000+00:00,2025-11-22 22:48:00+00:00,continuous,84750.0,84764.6,84724.5,84753.1,13125920.883599972
2025-11-22 22:53:59.963000+00:00,2025-11-22 22:51:00+00:00,continuous,84753.1,85186.0,84753.0,85132.9,104817404.32309966
2025-11-22 22:56:59.934000+00:00,2025-11-22 22:54:00+00:00,continuous,85132.6,85238.3,85032.7,85063.4,33868526.515299864
2025-11-22 22:59:59.853000+00:00,2025-11-22 22:57:00+00:00,continuous,85063.3,85148.8,85013.1,85020.6,15935220.03480001
2025-11-22 23:02:59.936000+00:00,2025-11-22 23:00:00+00:00,continuous,85020.5,85088.0,84915.6,85020.1,23764690.265300017
2025-11-22 23:05:59.844000+00:00,2025-11-22 23:03:00+00:00,continuous,85020.1,85139.9,84996.1,85000.0,15039767.083199974
2025-11-22 23:08:59.796000+00:00,2025-11-22 23:06:00+00:00,continuous,85000.0,85003.6,84833.5,84833.6,19399759.69890001
2025-11-22 23:11:58.458000+00:00,2025-11-22 23:09:00+00:00,continuous,84833.6,84882.9,84800.0,84829.9,16327763.945000004
2025-11-22 23:14:59.763000+00:00,2025-11-22 23:12:00+00:00,continuous,84829.9,85011.1,84816.3,84992.7,14099435.767400013
2025-11-22 23:17:59.940000+00:00,2025-11-22 23:15:00+00:00,continuous,84992.8,85008.9,84736.6,84783.5,20452677.34820008
2025-11-22 23:20:59.912000+00:00,2025-11-22 23:18:00+00:00,continuous,84783.4,84825.7,84721.6,84754.2,11060313.892100006
2025-11-22 23:23:59.983000+00:00,2025-11-22 23:21:00+00:00,continuous,84754.2,84864.3,84735.0,84843.0,6614630.334800015
2025-11-22 23:26:59.621000+00:00,2025-11-22 23:24:00+00:00,continuous,84843.1,84863.0,84779.3,84804.4,8898222.037899997
2025-11-22 23:29:59.857000+00:00,2025-11-22 23:27:00+00:00,continuous,84804.4,84833.4,84785.6,84816.4,4312144.359700002
2025-11-22 23:32:59.926000+00:00,2025-11-22 23:30:00+00:00,continuous,84816.3,84905.8,84745.4,84889.9,15333640.618199978
2025-11-22 23:35:59.909000+00:00,2025-11-22 23:33:00+00:00,continuous,84889.8,84997.8,84883.1,84965.4,13634720.881200004
2025-11-22 23:38:59.419000+00:00,2025-11-22 23:36:00+00:00,continuous,84965.4,84965.5,84895.0,84939.3,7446290.066799985
2025-11-22 23:41:59.664000+00:00,2025-11-22 23:39:00+00:00,continuous,84939.4,84950.0,84895.0,84898.0,6213862.74880001
2025-11-22 23:44:59.538000+00:00,2025-11-22 23:42:00+00:00,continuous,84898.0,84898.0,84671.3,84761.3,18557614.875899993
2025-11-22 23:47:58.445000+00:00,2025-11-22 23:45:00+00:00,continuous,84761.3,84777.0,84714.8,84776.9,6677066.596599999
2025-11-22 23:50:59.710000+00:00,2025-11-22 23:48:00+00:00,continuous,84776.9,84777.6,84706.5,84729.6,4869087.25430001
2025-11-22 23:53:59.079000+00:00,2025-11-22 23:51:00+00:00,continuous,84729.6,84756.9,84669.0,84680.4,8299259.156400003
2025-11-22 23:56:59.796000+00:00,2025-11-22 23:54:00+00:00,continuous,84680.4,84702.5,84660.8,84660.8,5607244.698199991
2025-11-22 23:59:59.423000+00:00,2025-11-22 23:57:00+00:00,continuous,84660.8,84696.0,84618.0,84689.4,9628876.641100015
2025-11-23 00:02:59.339000+00:00,2025-11-23 00:00:00+00:00,continuous,84689.4,84841.0,84622.0,84829.5,27886037.48490003
2025-11-23 00:05:59.796000+00:00,2025-11-23 00:03:00+00:00,continuous,84829.4,84970.9,84806.1,84956.4,49888358.934199765
2025-11-23 00:08:59.946000+00:00,2025-11-23 00:06:00+00:00,continuous,84956.3,85025.8,84899.0,85013.0,33247961.735099934
2025-11-23 00:11:59.889000+00:00,2025-11-23 00:09:00+00:00,continuous,85013.0,85058.7,84964.2,85035.0,22556494.3954
2025-11-23 00:14:59.903000+00:00,2025-11-23 00:12:00+00:00,continuous,85035.1,85148.1,85006.3,85147.3,51821489.91069986
2025-11-23 00:17:59.780000+00:00,2025-11-23 00:15:00+00:00,continuous,85147.3,85200.0,85048.3,85193.7,23594289.648900002
2025-11-23 00:20:59.865000+00:00,2025-11-23 00:18:00+00:00,continuous,85193.7,85218.4,84958.5,84973.4,20682221.15999998
2025-11-23 00:23:59.669000+00:00,2025-11-23 00:21:00+00:00,continuous,84973.4,85190.1,84971.7,85186.3,13180135.156799994
2025-11-23 00:26:59.939000+00:00,2025-11-23 00:24:00+00:00,continuous,85186.3,85286.8,85133.4,85133.5,24803264.87849997
2025-11-23 00:29:59.546000+00:00,2025-11-23 00:27:00+00:00,continuous,85133.6,85252.2,85005.6,85029.5,47265867.61889994
2025-11-23 00:32:59.835000+00:00,2025-11-23 00:30:00+00:00,continuous,85029.4,85069.9,84927.6,84969.6,21385685.7937
2025-11-23 00:35:59.960000+00:00,2025-11-23 00:33:00+00:00,continuous,84969.6,85118.7,84969.6,85069.5,11608917.360400023
2025-11-23 00:38:59.286000+00:00,2025-11-23 00:36:00+00:00,continuous,85069.4,85069.4,84950.0,84950.0,9813985.742500016
2025-11-23 00:41:59.910000+00:00,2025-11-23 00:39:00+00:00,continuous,84950.0,84988.2,84854.4,84907.4,13163539.327199958
2025-11-23 00:44:59.441000+00:00,2025-11-23 00:42:00+00:00,continuous,84907.4,84959.0,84876.6,84958.7,6906085.586399995
2025-11-23 00:47:59.208000+00:00,2025-11-23 00:45:00+00:00,continuous,84958.8,85022.7,84881.8,84882.8,8025805.989799994
2025-11-23 00:50:59.460000+00:00,2025-11-23 00:48:00+00:00,continuous,84882.7,84983.2,84877.0,84983.2,5609073.579100005
2025-11-23 00:53:59.841000+00:00,2025-11-23 00:51:00+00:00,continuous,84983.2,85092.2,84957.9,84966.6,9274621.197399994
2025-11-23 00:56:59.932000+00:00,2025-11-23 00:54:00+00:00,continuous,84966.6,84977.1,84850.0,84850.0,11780494.154299997
2025-11-23 00:59:59.134000+00:00,2025-11-23 00:57:00+00:00,continuous,84850.0,84930.2,84847.5,84929.1,6731841.984700007
2025-11-23 01:02:59.648000+00:00,2025-11-23 01:00:00+00:00,continuous,84929.2,85027.5,84910.8,85027.4,8035665.138200002
2025-11-23 01:05:59.542000+00:00,2025-11-23 01:03:00+00:00,continuous,85027.5,85180.0,85019.0,85153.8,24906391.851300023
2025-11-23 01:08:59.823000+00:00,2025-11-23 01:06:00+00:00,continuous,85153.9,85193.2,85145.8,85174.6,9670298.214900013
2025-11-23 01:11:59.910000+00:00,2025-11-23 01:09:00+00:00,continuous,85174.6,85270.7,85165.2,85243.4,21536296.97690003
2025-11-23 01:14:59.909000+00:00,2025-11-23 01:12:00+00:00,continuous,85243.5,85300.0,85234.3,85292.9,23764895.794200096
2025-11-23 01:17:59.842000+00:00,2025-11-23 01:15:00+00:00,continuous,85292.8,85400.0,85242.4,85393.7,23207099.621799987
2025-11-23 01:20:59.770000+00:00,2025-11-23 01:18:00+00:00,continuous,85393.7,85584.2,85300.1,85347.0,77997965.44640064
2025-11-23 01:23:59.382000+00:00,2025-11-23 01:21:00+00:00,continuous,85347.1,85424.4,85256.0,85263.3,19052503.138600037
2025-11-23 01:26:59.381000+00:00,2025-11-23 01:24:00+00:00,continuous,85263.2,85430.0,85263.2,85397.6,13231030.99090004
2025-11-23 01:29:59.708000+00:00,2025-11-23 01:27:00+00:00,continuous,85397.5,85507.3,85384.3,85484.8,10307374.857099988
2025-11-23 01:32:59.844000+00:00,2025-11-23 01:30:00+00:00,continuous,85484.8,85505.0,85404.8,85455.7,13979515.920899982
2025-11-23 01:35:59.538000+00:00,2025-11-23 01:33:00+00:00,continuous,85455.6,85527.1,85415.3,85518.8,25132351.29710003
2025-11-23 01:38:59.967000+00:00,2025-11-23 01:36:00+00:00,continuous,85518.9,85716.0,85504.5,85644.8,56623911.29450011
2025-11-23 01:41:59.923000+00:00,2025-11-23 01:39:00+00:00,continuous,85644.8,85760.0,85611.6,85751.7,38449497.71579999
2025-11-23 01:44:59.990000+00:00,2025-11-23 01:42:00+00:00,continuous,85751.7,85892.5,85696.1,85837.4,66400993.1105
2025-11-23 01:47:59.814000+00:00,2025-11-23 01:45:00+00:00,continuous,85837.3,85885.0,85673.0,85684.7,45901344.24160011
2025-11-23 01:50:59.928000+00:00,2025-11-23 01:48:00+00:00,continuous,85684.6,85792.8,85684.6,85700.9,16160491.920299988
2025-11-23 01:53:59.997000+00:00,2025-11-23 01:51:00+00:00,continuous,85700.9,86200.0,85687.0,85970.7,101357867.03929982
2025-11-23 01:56:59.703000+00:00,2025-11-23 01:54:00+00:00,continuous,85970.5,85970.5,85751.4,85839.9,41455324.9870998
2025-11-23 01:59:59.777000+00:00,2025-11-23 01:57:00+00:00,continuous,85840.0,85860.8,85691.3,85837.5,28299974.917500015
2025-11-23 02:02:59.854000+00:00,2025-11-23 02:00:00+00:00,continuous,85837.5,85969.3,85720.3,85930.8,39629827.78479993
2025-11-23 02:05:59.967000+00:00,2025-11-23 02:03:00+00:00,continuous,85930.8,86015.7,85822.7,85961.3,30474458.716700092
2025-11-23 02:08:59.961000+00:00,2025-11-23 02:06:00+00:00,continuous,85961.4,86050.0,85669.0,85674.6,66698021.75089985
2025-11-23 02:11:59.872000+00:00,2025-11-23 02:09:00+00:00,continuous,85674.6,85756.2,85629.3,85751.0,25509102.918699984
2025-11-23 02:14:59.992000+00:00,2025-11-23 02:12:00+00:00,continuous,85751.0,85805.3,85691.0,85777.2,17982104.54809999
2025-11-23 02:17:59.261000+00:00,2025-11-23 02:15:00+00:00,continuous,85777.3,85845.7,85681.9,85840.2,18554812.450400017
2025-11-23 02:20:59.860000+00:00,2025-11-23 02:18:00+00:00,continuous,85840.2,85845.7,85686.1,85708.5,11230721.427999998
2025-11-23 02:23:59.926000+00:00,2025-11-23 02:21:00+00:00,continuous,85708.6,85944.9,85690.0,85882.9,17515325.195199985
2025-11-23 02:26:59.848000+00:00,2025-11-23 02:24:00+00:00,continuous,85882.9,86162.3,85873.4,86080.0,53827772.78860019
2025-11-23 02:29:59.878000+00:00,2025-11-23 02:27:00+00:00,continuous,86079.9,86099.4,85972.9,85994.6,26310874.706599988
2025-11-23 02:32:59.891000+00:00,2025-11-23 02:30:00+00:00,continuous,85994.8,86172.4,85978.4,86118.5,45395804.71229999
2025-11-23 02:35:59.623000+00:00,2025-11-23 02:33:00+00:00,continuous,86118.6,86182.5,86044.1,86045.9,23120748.47039999
2025-11-23 02:38:59.975000+00:00,2025-11-23 02:36:00+00:00,continuous,86045.9,86241.7,86041.8,86239.7,39568238.00220001
2025-11-23 02:41:59.992000+00:00,2025-11-23 02:39:00+00:00,continuous,86239.6,86300.0,86108.5,86290.6,49958109.440200046
2025-11-23 02:44:59.960000+00:00,2025-11-23 02:42:00+00:00,continuous,86290.5,86290.6,86110.8,86119.9,45656956.268799946
2025-11-23 02:47:59.871000+00:00,2025-11-23 02:45:00+00:00,continuous,86120.0,86215.0,86038.2,86214.9,33145056.825400077
2025-11-23 02:50:59.991000+00:00,2025-11-23 02:48:00+00:00,continuous,86214.9,86222.7,86125.3,86140.7,19911040.01
2025-11-23 02:53:59.905000+00:00,2025-11-23 02:51:00+00:00,continuous,86140.7,86248.4,86058.0,86092.9,32024606.655800045
2025-11-23 02:56:59.790000+00:00,2025-11-23 02:54:00+00:00,continuous,86092.9,86112.8,85976.5,86006.2,32302133.34790001
2025-11-23 02:59:59.375000+00:00,2025-11-23 02:57:00+00:00,continuous,86006.2,86023.0,85912.6,85948.4,24035192.884499993
2025-11-23 03:02:59.790000+00:00,2025-11-23 03:00:00+00:00,continuous,85948.5,85962.6,85883.9,85900.1,20376027.275700018
2025-11-23 03:05:59.989000+00:00,2025-11-23 03:03:00+00:00,continuous,85900.0,85928.0,85777.7,85809.9,31425920.737600047
2025-11-23 03:08:59.654000+00:00,2025-11-23 03:06:00+00:00,continuous,85809.9,85954.3,85796.1,85954.3,18284518.185500033
2025-11-23 03:11:59.986000+00:00,2025-11-23 03:09:00+00:00,continuous,85954.3,86050.0,85933.4,85976.9,20238895.852299996
2025-11-23 03:14:59.828000+00:00,2025-11-23 03:12:00+00:00,continuous,85976.9,85986.9,85803.7,85837.5,16059020.986399963
2025-11-23 03:17:59.930000+00:00,2025-11-23 03:15:00+00:00,continuous,85837.4,85910.8,85764.1,85827.5,33305625.827499997
2025-11-23 03:20:59.605000+00:00,2025-11-23 03:18:00+00:00,continuous,85827.4,85899.8,85775.6,85783.2,11625790.242399974
2025-11-23 03:23:59.790000+00:00,2025-11-23 03:21:00+00:00,continuous,85783.2,85865.2,85783.2,85790.0,12292950.768300012
2025-11-23 03:26:59.973000+00:00,2025-11-23 03:24:00+00:00,continuous,85790.0,85880.5,85790.0,85852.1,13130448.081799991
2025-11-23 03:29:59.700000+00:00,2025-11-23 03:27:00+00:00,continuous,85852.1,85899.0,85852.1,85898.9,6852845.276500004
2025-11-23 03:32:59.911000+00:00,2025-11-23 03:30:00+00:00,continuous,85898.8,85971.5,85845.2,85900.2,17842915.49320001
2025-11-23 03:35:59.739000+00:00,2025-11-23 03:33:00+00:00,continuous,85900.0,86080.0,85851.6,86052.3,17055007.84450005
2025-11-23 03:38:59.832000+00:00,2025-11-23 03:36:00+00:00,continuous,86052.4,86116.1,85964.3,86019.1,16247418.296900015
2025-11-23 03:41:59.923000+00:00,2025-11-23 03:39:00+00:00,continuous,86018.7,86051.7,85955.5,86051.7,10291275.59039998
2025-11-23 03:44:59.462000+00:00,2025-11-23 03:42:00+00:00,continuous,86051.6,86060.1,86000.0,86039.3,6459755.761699991
2025-11-23 03:47:59.867000+00:00,2025-11-23 03:45:00+00:00,continuous,86039.3,86082.2,85994.9,86001.1,9326870.859099982
2025-11-23 03:50:59.851000+00:00,2025-11-23 03:48:00+00:00,continuous,86001.2,86034.7,85970.7,86013.3,7405934.117199983
2025-11-23 03:53:59.594000+00:00,2025-11-23 03:51:00+00:00,continuous,86013.4,86069.9,85958.5,86052.9,12462176.647100002
2025-11-23 03:56:59.931000+00:00,2025-11-23 03:54:00+00:00,continuous,86053.0,86250.0,86039.7,86180.0,31598864.49450002
2025-11-23 03:59:59.882000+00:00,2025-11-23 03:57:00+00:00,continuous,86180.0,86261.0,86162.2,86261.0,23499945.78179998
2025-11-23 04:02:59.768000+00:00,2025-11-23 04:00:00+00:00,continuous,86261.0,86378.4,86173.0,86180.1,54878686.50010001
2025-11-23 04:05:59.899000+00:00,2025-11-23 04:03:00+00:00,continuous,86180.1,86229.3,86110.4,86146.4,14980773.449900005
2025-11-23 04:08:59.913000+00:00,2025-11-23 04:06:00+00:00,continuous,86146.3,86347.8,86104.8,86339.8,19923950.47960002
2025-11-23 04:11:59.812000+00:00,2025-11-23 04:09:00+00:00,continuous,86339.9,86454.4,86293.0,86447.1,98333722.6888003
2025-11-23 04:14:59.942000+00:00,2025-11-23 04:12:00+00:00,continuous,86447.2,86469.4,86361.9,86420.0,41179898.47080001
2025-11-23 04:17:59.836000+00:00,2025-11-23 04:15:00+00:00,continuous,86420.0,86469.9,86326.1,86469.6,37509099.60100002
2025-11-23 04:20:59.969000+00:00,2025-11-23 04:18:00+00:00,continuous,86469.5,86700.0,86410.0,86670.7,128124876.13030012
2025-11-23 04:23:59.915000+00:00,2025-11-23 04:21:00+00:00,continuous,86670.6,86826.8,86590.5,86590.6,113498470.90920006
2025-11-23 04:26:59.474000+00:00,2025-11-23 04:24:00+00:00,continuous,86590.5,86643.9,86466.1,86581.8,45547944.685900144
2025-11-23 04:29:59.939000+00:00,2025-11-23 04:27:00+00:00,continuous,86581.8,86600.0,86435.0,86444.8,30423915.89630007
2025-11-23 04:32:59.967000+00:00,2025-11-23 04:30:00+00:00,continuous,86444.9,86497.2,86380.0,86486.7,24505404.025100004
2025-11-23 04:35:59.941000+00:00,2025-11-23 04:33:00+00:00,continuous,86486.7,86582.4,86462.4,86525.1,20126989.153999966
2025-11-23 04:38:59.684000+00:00,2025-11-23 04:36:00+00:00,continuous,86525.0,86559.7,86427.7,86508.3,25394979.306399915
2025-11-23 04:41:59.843000+00:00,2025-11-23 04:39:00+00:00,continuous,86508.2,86574.8,86495.0,86495.0,17621299.382400017
2025-11-23 04:44:59.947000+00:00,2025-11-23 04:42:00+00:00,continuous,86495.1,86540.0,86490.0,86539.9,12981664.150499988
2025-11-23 04:47:59.686000+00:00,2025-11-23 04:45:00+00:00,continuous,86539.9,86654.4,86506.9,86531.0,24462303.17009998
2025-11-23 04:50:59.788000+00:00,2025-11-23 04:48:00+00:00,continuous,86531.0,86604.4,86500.0,86545.5,19923822.899099972
2025-11-23 04:53:59.847000+00:00,2025-11-23 04:51:00+00:00,continuous,86545.4,86609.6,86503.0,86523.7,13433723.576000033
2025-11-23 04:56:59.932000+00:00,2025-11-23 04:54:00+00:00,continuous,86523.8,86613.6,86503.2,86571.9,24156171.052500006
2025-11-23 04:59:59.851000+00:00,2025-11-23 04:57:00+00:00,continuous,86572.0,86576.9,86408.1,86499.3,41288274.62480003
2025-11-23 05:02:59.986000+00:00,2025-11-23 05:00:00+00:00,continuous,86499.4,86540.5,86383.9,86414.7,26508894.831300005
2025-11-23 05:05:59.998000+00:00,2025-11-23 05:03:00+00:00,continuous,86414.7,86443.8,86361.7,86373.0,19412989.037600018
2025-11-23 05:08:59.570000+00:00,2025-11-23 05:06:00+00:00,continuous,86372.9,86481.9,86353.8,86432.3,20772134.009499982
2025-11-23 05:11:59.638000+00:00,2025-11-23 05:09:00+00:00,continuous,86432.4,86455.3,86332.0,86345.6,32919946.999999925
2025-11-23 05:14:59.720000+00:00,2025-11-23 05:12:00+00:00,continuous,86345.5,86430.8,86331.9,86400.1,12690761.126700021
2025-11-23 05:17:59.732000+00:00,2025-11-23 05:15:00+00:00,continuous,86400.1,86408.6,86339.9,86345.5,11909801.705299996
2025-11-23 05:20:59.879000+00:00,2025-11-23 05:18:00+00:00,continuous,86345.4,86374.1,86306.9,86357.6,15321468.395500053
2025-11-23 05:23:59.901000+00:00,2025-11-23 05:21:00+00:00,continuous,86357.6,86360.4,86243.9,86257.9,16707761.751899965
2025-11-23 05:26:59.990000+00:00,2025-11-23 05:24:00+00:00,continuous,86258.0,86295.5,86183.4,86189.0,17608364.370800007
2025-11-23 05:29:59.818000+00:00,2025-11-23 05:27:00+00:00,continuous,86188.9,86231.6,86187.9,86198.0,18759699.061899908
2025-11-23 05:32:59.913000+00:00,2025-11-23 05:30:00+00:00,continuous,86198.0,86233.1,86151.4,86169.6,17375097.967800032
2025-11-23 05:35:59.896000+00:00,2025-11-23 05:33:00+00:00,continuous,86169.6,86200.0,86151.3,86178.4,10618143.579400014
2025-11-23 05:38:59.977000+00:00,2025-11-23 05:36:00+00:00,continuous,86178.5,86198.9,86000.0,86019.6,44200293.405799955
2025-11-23 05:41:59.898000+00:00,2025-11-23 05:39:00+00:00,continuous,86019.6,86101.2,85935.0,86079.3,40240573.85620007
2025-11-23 05:44:59.979000+00:00,2025-11-23 05:42:00+00:00,continuous,86079.4,86079.4,85994.6,86000.0,11905830.421600005
2025-11-23 05:47:59.653000+00:00,2025-11-23 05:45:00+00:00,continuous,86000.1,86188.0,86000.0,86167.7,20619252.60370003
2025-11-23 05:50:59.916000+00:00,2025-11-23 05:48:00+00:00,continuous,86167.8,86226.3,86153.7,86223.8,12673217.659399975
2025-11-23 05:53:59.900000+00:00,2025-11-23 05:51:00+00:00,continuous,86223.8,86223.8,86164.2,86197.8,12967944.990599995
2025-11-23 05:56:59.952000+00:00,2025-11-23 05:54:00+00:00,continuous,86197.8,86236.6,86173.0,86198.1,9124109.767300004
2025-11-23 05:59:59.968000+00:00,2025-11-23 05:57:00+00:00,continuous,86198.2,86315.5,86198.1,86315.3,13995148.07479997
2025-11-23 06:02:59.882000+00:00,2025-11-23 06:00:00+00:00,continuous,86315.2,86325.1,86223.7,86297.4,18732062.428100016
2025-11-23 06:05:59.845000+00:00,2025-11-23 06:03:00+00:00,continuous,86297.4,86441.1,86297.3,86393.8,27427620.167499974
2025-11-23 06:08:59.869000+00:00,2025-11-23 06:06:00+00:00,continuous,86393.8,86458.7,86334.0,86415.2,21176042.878900036
2025-11-23 06:11:59.597000+00:00,2025-11-23 06:09:00+00:00,continuous,86415.2,86433.7,86281.7,86289.2,16131535.988400053
2025-11-23 06:14:59.699000+00:00,2025-11-23 06:12:00+00:00,continuous,86289.2,86289.3,86232.1,86241.2,17845366.456100017
2025-11-23 06:17:59.832000+00:00,2025-11-23 06:15:00+00:00,continuous,86241.2,86264.9,86186.9,86188.0,22105045.741500016
2025-11-23 06:20:59.807000+00:00,2025-11-23 06:18:00+00:00,continuous,86188.0,86211.6,86138.2,86194.4,11274225.709699964
2025-11-23 06:23:59.879000+00:00,2025-11-23 06:21:00+00:00,continuous,86194.4,86257.5,86055.7,86074.7,14359504.134500012
2025-11-23 06:26:59.860000+00:00,2025-11-23 06:24:00+00:00,continuous,86074.7,86096.5,86044.5,86070.0,10287485.787099946
2025-11-23 06:29:58.819000+00:00,2025-11-23 06:27:00+00:00,continuous,86070.1,86137.6,86039.8,86118.0,11750960.649700016
2025-11-23 06:32:59.846000+00:00,2025-11-23 06:30:00+00:00,continuous,86117.9,86141.9,86066.9,86093.1,14031568.927900003
2025-11-23 06:35:59.942000+00:00,2025-11-23 06:33:00+00:00,continuous,86093.1,86093.1,86011.1,86044.4,21194784.26779999
2025-11-23 06:38:59.791000+00:00,2025-11-23 06:36:00+00:00,continuous,86044.4,86044.5,85946.0,85993.0,20256375.30579998
2025-11-23 06:41:59.752000+00:00,2025-11-23 06:39:00+00:00,continuous,85993.1,86016.2,85955.3,85962.1,22972010.509000007
2025-11-23 06:44:58.746000+00:00,2025-11-23 06:42:00+00:00,continuous,85962.2,86033.5,85962.1,85986.8,16555306.200800013
2025-11-23 06:47:59.591000+00:00,2025-11-23 06:45:00+00:00,continuous,85986.8,86065.7,85986.7,86045.4,12898838.435100004
2025-11-23 06:50:59.970000+00:00,2025-11-23 06:48:00+00:00,continuous,86045.3,86071.8,85954.0,85957.1,11297848.919600012
2025-11-23 06:53:59.977000+00:00,2025-11-23 06:51:00+00:00,continuous,85957.1,85957.2,85848.0,85855.9,44923637.32949998
2025-11-23 06:56:59.935000+00:00,2025-11-23 06:54:00+00:00,continuous,85855.9,85900.0,85833.3,85838.8,30832413.91920004
2025-11-23 06:59:59.960000+00:00,2025-11-23 06:57:00+00:00,continuous,85838.9,85888.6,85819.8,85819.8,14735682.305600006
2025-11-23 07:02:59.985000+00:00,2025-11-23 07:00:00+00:00,continuous,85819.8,85877.3,85714.0,85742.7,30079138.81509998
2025-11-23 07:05:59.987000+00:00,2025-11-23 07:03:00+00:00,continuous,85742.8,85765.3,85544.7,85646.9,72967683.73220004
2025-11-23 07:08:59.984000+00:00,2025-11-23 07:06:00+00:00,continuous,85646.8,85750.0,85646.8,85720.4,20849696.724499967
2025-11-23 07:11:59.990000+00:00,2025-11-23 07:09:00+00:00,continuous,85720.4,85807.6,85692.2,85784.3,22491716.50389999
2025-11-23 07:14:59.995000+00:00,2025-11-23 07:12:00+00:00,continuous,85784.3,85881.5,85762.8,85828.0,23204319.4675
2025-11-23 07:17:59.912000+00:00,2025-11-23 07:15:00+00:00,continuous,85828.1,85854.2,85690.6,85691.8,21733070.251499947
2025-11-23 07:20:59.913000+00:00,2025-11-23 07:18:00+00:00,continuous,85691.8,85699.2,85579.6,85585.3,38639464.20490014
2025-11-23 07:23:59.729000+00:00,2025-11-23 07:21:00+00:00,continuous,85585.4,85710.9,85575.0,85703.1,14479791.06459999
2025-11-23 07:26:59.651000+00:00,2025-11-23 07:24:00+00:00,continuous,85703.1,85741.4,85629.8,85630.1,17524747.8492
2025-11-23 07:29:59.652000+00:00,2025-11-23 07:27:00+00:00,continuous,85630.2,85630.2,85348.7,85488.5,110560003.6622
2025-11-23 07:32:59.940000+00:00,2025-11-23 07:30:00+00:00,continuous,85488.5,85511.0,85411.1,85467.9,24369921.63930008
2025-11-23 07:35:59.546000+00:00,2025-11-23 07:33:00+00:00,continuous,85468.0,85528.6,85459.4,85514.1,18948141.617199983
2025-11-23 07:38:59.947000+00:00,2025-11-23 07:36:00+00:00,continuous,85514.0,85593.1,85501.1,85574.9,23109364.417299993
2025-11-23 07:41:59.957000+00:00,2025-11-23 07:39:00+00:00,continuous,85574.9,85687.9,85572.3,85624.4,22305596.97269994
2025-11-23 07:44:59.717000+00:00,2025-11-23 07:42:00+00:00,continuous,85624.3,85686.5,85621.5,85661.6,11250180.728599997
2025-11-23 07:47:59.507000+00:00,2025-11-23 07:45:00+00:00,continuous,85661.5,85661.5,85600.0,85608.1,11246163.54400001
2025-11-23 07:50:59.840000+00:00,2025-11-23 07:48:00+00:00,continuous,85608.0,85760.2,85600.0,85755.1,20391222.095199976
2025-11-23 07:53:59.882000+00:00,2025-11-23 07:51:00+00:00,continuous,85755.1,85765.4,85660.7,85674.3,19381060.748199966
2025-11-23 07:56:59.942000+00:00,2025-11-23 07:54:00+00:00,continuous,85674.2,85719.5,85600.8,85664.0,11010947.3083
2025-11-23 07:59:59.821000+00:00,2025-11-23 07:57:00+00:00,continuous,85664.0,85750.0,85663.9,85732.0,9600862.56969999
2025-11-23 08:02:59.983000+00:00,2025-11-23 08:00:00+00:00,continuous,85732.1,85871.6,85724.7,85852.1,50954852.713600114
2025-11-23 08:05:59.552000+00:00,2025-11-23 08:03:00+00:00,continuous,85852.1,85873.2,85783.9,85837.8,22484983.743099995
2025-11-23 08:08:59.912000+00:00,2025-11-23 08:06:00+00:00,continuous,85837.8,85931.1,85837.8,85923.5,37868160.05730005
2025-11-23 08:11:59.904000+00:00,2025-11-23 08:09:00+00:00,continuous,85923.6,86039.7,85889.0,85964.1,37857892.72840008
2025-11-23 08:14:59.935000+00:00,2025-11-23 08:12:00+00:00,continuous,85964.1,86010.0,85931.3,85944.0,22259895.181399956
2025-11-23 08:17:59.783000+00:00,2025-11-23 08:15:00+00:00,continuous,85943.9,86022.1,85900.6,85907.3,16736226.232399985
2025-11-23 08:20:59.983000+00:00,2025-11-23 08:18:00+00:00,continuous,85907.3,86028.0,85900.0,85992.6,11741220.51680001
2025-11-23 08:23:59.996000+00:00,2025-11-23 08:21:00+00:00,continuous,85992.6,86074.4,85974.7,85983.1,15557091.889500007
2025-11-23 08:26:59.883000+00:00,2025-11-23 08:24:00+00:00,continuous,85983.0,86040.1,85966.0,86040.1,15526483.186399996
2025-11-23 08:29:59.771000+00:00,2025-11-23 08:27:00+00:00,continuous,86040.1,86040.1,85926.9,85942.4,11981555.503499992
2025-11-23 08:32:59.952000+00:00,2025-11-23 08:30:00+00:00,continuous,85942.4,85982.5,85917.6,85927.4,9415429.770499986
2025-11-23 08:35:59.848000+00:00,2025-11-23 08:33:00+00:00,continuous,85927.3,85977.1,85824.5,85866.2,25120159.880800113
2025-11-23 08:38:59.865000+00:00,2025-11-23 08:36:00+00:00,continuous,85866.3,85943.9,85850.0,85943.9,8020268.164000001
2025-11-23 08:41:59.774000+00:00,2025-11-23 08:39:00+00:00,continuous,85944.0,85981.0,85848.1,85848.2,10522357.93819995
2025-11-23 08:44:59.869000+00:00,2025-11-23 08:42:00+00:00,continuous,85848.1,85849.9,85803.8,85817.3,13902893.687299993
2025-11-23 08:47:59.908000+00:00,2025-11-23 08:45:00+00:00,continuous,85817.9,86078.8,85817.9,86026.1,31329690.07510003
2025-11-23 08:50:59.550000+00:00,2025-11-23 08:48:00+00:00,continuous,86026.2,86046.9,85980.0,85980.0,13237789.683200015
2025-11-23 08:53:58.910000+00:00,2025-11-23 08:51:00+00:00,continuous,85980.1,86011.8,85938.7,85984.2,8647756.061299998
2025-11-23 08:56:59.920000+00:00,2025-11-23 08:54:00+00:00,continuous,85984.2,86087.1,85958.6,86085.0,12785501.16509998
2025-11-23 08:59:59.911000+00:00,2025-11-23 08:57:00+00:00,continuous,86085.0,86158.7,86050.3,86100.0,41817378.026300065
2025-11-23 09:02:59.430000+00:00,2025-11-23 09:00:00+00:00,continuous,86100.0,86115.9,86038.1,86052.4,11798172.335299995
2025-11-23 09:05:59.703000+00:00,2025-11-23 09:03:00+00:00,continuous,86052.3,86109.1,86043.6,86105.6,10047317.985899989
2025-11-23 09:08:59.779000+00:00,2025-11-23 09:06:00+00:00,continuous,86105.6,86158.3,86031.6,86144.5,18327958.763899997
2025-11-23 09:11:59.650000+00:00,2025-11-23 09:09:00+00:00,continuous,86144.4,86169.8,86071.0,86154.4,27645019.07489999
2025-11-23 09:14:59.953000+00:00,2025-11-23 09:12:00+00:00,continuous,86154.4,86195.8,86132.1,86176.5,11682416.855200013
2025-11-23 09:17:59.538000+00:00,2025-11-23 09:15:00+00:00,continuous,86176.5,86189.0,86050.0,86119.7,17482501.739400044
2025-11-23 09:20:59.771000+00:00,2025-11-23 09:18:00+00:00,continuous,86119.8,86216.6,86119.8,86194.3,15381909.525500057
2025-11-23 09:23:59.854000+00:00,2025-11-23 09:21:00+00:00,continuous,86194.3,86207.2,86131.9,86131.9,6978753.391300002
2025-11-23 09:26:58.900000+00:00,2025-11-23 09:24:00+00:00,continuous,86132.0,86150.0,86058.3,86062.6,10774320.07010001
2025-11-23 09:29:59.957000+00:00,2025-11-23 09:27:00+00:00,continuous,86062.5,86116.7,86061.6,86116.6,6564669.081200004
2025-11-23 09:32:59.887000+00:00,2025-11-23 09:30:00+00:00,continuous,86116.7,86180.0,86116.6,86164.9,7958888.480300002
2025-11-23 09:35:59.480000+00:00,2025-11-23 09:33:00+00:00,continuous,86164.8,86164.8,86087.7,86103.7,9425946.80180001
2025-11-23 09:38:59.434000+00:00,2025-11-23 09:36:00+00:00,continuous,86103.7,86276.1,86052.4,86238.5,19982762.982000016
2025-11-23 09:41:59.826000+00:00,2025-11-23 09:39:00+00:00,continuous,86238.5,86358.3,86201.0,86337.8,26579547.340699922
2025-11-23 09:44:59.977000+00:00,2025-11-23 09:42:00+00:00,continuous,86337.7,86438.5,86321.8,86404.9,28446545.319700014
2025-11-23 09:47:59.874000+00:00,2025-11-23 09:45:00+00:00,continuous,86405.0,86418.9,86337.5,86339.3,17359119.415199965
2025-11-23 09:50:59.704000+00:00,2025-11-23 09:48:00+00:00,continuous,86339.3,86368.7,86279.2,86279.2,14157000.245600004
2025-11-23 09:53:59.684000+00:00,2025-11-23 09:51:00+00:00,continuous,86279.2,86319.1,86271.5,86313.4,9902694.537100013
2025-11-23 09:56:59.775000+00:00,2025-11-23 09:54:00+00:00,continuous,86313.4,86350.0,86279.9,86309.9,8857080.033499995
2025-11-23 09:59:59.676000+00:00,2025-11-23 09:57:00+00:00,continuous,86310.0,86384.9,86300.0,86348.2,10549651.536300005
2025-11-23 10:02:59.934000+00:00,2025-11-23 10:00:00+00:00,continuous,86348.2,86410.0,86249.4,86254.7,20855384.010800038
2025-11-23 10:05:59.366000+00:00,2025-11-23 10:03:00+00:00,continuous,86254.8,86299.9,86230.2,86268.5,20111572.65839998
2025-11-23 10:08:59.815000+00:00,2025-11-23 10:06:00+00:00,continuous,86268.5,86276.2,86213.1,86275.6,14762430.846200043
2025-11-23 10:11:59.851000+00:00,2025-11-23 10:09:00+00:00,continuous,86275.7,86275.7,86194.3,86226.1,13086323.246999998
2025-11-23 10:14:59.876000+00:00,2025-11-23 10:12:00+00:00,continuous,86226.0,86264.2,86195.1,86239.8,12884192.493699979
2025-11-23 10:17:59.694000+00:00,2025-11-23 10:15:00+00:00,continuous,86239.8,86239.9,86153.2,86170.6,25002180.247999918
2025-11-23 10:20:59.089000+00:00,2025-11-23 10:18:00+00:00,continuous,86170.5,86210.0,86168.8,86176.1,10516381.571099974
2025-11-23 10:23:59.084000+00:00,2025-11-23 10:21:00+00:00,continuous,86176.1,86292.4,86159.9,86284.3,8367741.791400008
2025-11-23 10:26:59.878000+00:00,2025-11-23 10:24:00+00:00,continuous,86284.4,86341.3,86257.0,86296.7,7482918.726100001
2025-11-23 10:29:59.859000+00:00,2025-11-23 10:27:00+00:00,continuous,86296.7,86316.1,86109.1,86125.6,23302369.288400017
2025-11-23 10:32:59.866000+00:00,2025-11-23 10:30:00+00:00,continuous,86125.6,86136.9,86071.7,86132.7,17404182.365599997
2025-11-23 10:35:59.974000+00:00,2025-11-23 10:33:00+00:00,continuous,86132.8,86132.8,86050.4,86072.4,14893995.469400022
2025-11-23 10:38:59.665000+00:00,2025-11-23 10:36:00+00:00,continuous,86072.3,86187.9,86049.7,86187.9,8793460.553900002
2025-11-23 10:41:59.704000+00:00,2025-11-23 10:39:00+00:00,continuous,86187.9,86215.0,86168.5,86213.5,10039290.282100001
2025-11-23 10:44:59.850000+00:00,2025-11-23 10:42:00+00:00,continuous,86213.5,86273.0,86180.0,86188.1,11438230.976299977
2025-11-23 10:47:59.885000+00:00,2025-11-23 10:45:00+00:00,continuous,86188.2,86225.8,86167.8,86190.1,5278659.441999991
2025-11-23 10:50:59.682000+00:00,2025-11-23 10:48:00+00:00,continuous,86190.1,86222.6,86141.4,86141.5,7206585.152500002
2025-11-23 10:53:59.774000+00:00,2025-11-23 10:51:00+00:00,continuous,86141.5,86224.4,86101.9,86224.4,10107535.901600035
2025-11-23 10:56:59.905000+00:00,2025-11-23 10:54:00+00:00,continuous,86224.4,86244.6,86039.0,86060.8,37003467.48739993
2025-11-23 10:59:59.808000+00:00,2025-11-23 10:57:00+00:00,continuous,86060.8,86084.3,86000.0,86023.9,51560227.91099998
2025-11-23 11:02:59.524000+00:00,2025-11-23 11:00:00+00:00,continuous,86024.0,86024.0,85909.7,85949.0,40141361.21250008
2025-11-23 11:05:59.495000+00:00,2025-11-23 11:03:00+00:00,continuous,85948.9,85963.2,85856.6,85868.9,41990446.06459999
2025-11-23 11:08:59.885000+00:00,2025-11-23 11:06:00+00:00,continuous,85869.0,85937.5,85777.9,85778.0,43088167.47649993
2025-11-23 11:11:59.833000+00:00,2025-11-23 11:09:00+00:00,continuous,85777.9,85915.7,85777.9,85819.4,15135905.122899987
2025-11-23 11:14:59.867000+00:00,2025-11-23 11:12:00+00:00,continuous,85819.3,85906.5,85800.1,85906.5,9457257.733199965
2025-11-23 11:17:59.966000+00:00,2025-11-23 11:15:00+00:00,continuous,85906.5,85961.3,85829.8,85839.1,17961937.019500013
2025-11-23 11:20:59.886000+00:00,2025-11-23 11:18:00+00:00,continuous,85839.1,85987.5,85839.1,85987.5,14236503.731900021
2025-11-23 11:23:59.899000+00:00,2025-11-23 11:21:00+00:00,continuous,85987.5,86008.7,85928.1,86001.3,9887465.452200001
2025-11-23 11:26:59.703000+00:00,2025-11-23 11:24:00+00:00,continuous,86001.3,86064.3,85950.0,86064.0,13418828.575900001
2025-11-23 11:29:59.920000+00:00,2025-11-23 11:27:00+00:00,continuous,86064.0,86092.2,85964.3,86004.2,26547895.678899895
2025-11-23 11:32:59.695000+00:00,2025-11-23 11:30:00+00:00,continuous,86004.2,86155.1,85992.0,86135.5,20571797.26559998
2025-11-23 11:35:59.983000+00:00,2025-11-23 11:33:00+00:00,continuous,86135.6,86197.1,86135.6,86164.9,22446334.450299945
2025-11-23 11:38:59.845000+00:00,2025-11-23 11:36:00+00:00,continuous,86165.0,86188.0,86060.0,86113.8,13030010.649200028
2025-11-23 11:41:59.915000+00:00,2025-11-23 11:39:00+00:00,continuous,86113.8,86155.1,86062.1,86125.1,5344384.335899995
2025-11-23 11:44:59.963000+00:00,2025-11-23 11:42:00+00:00,continuous,86125.1,86235.3,86125.0,86213.4,15320230.380000006
2025-11-23 11:47:59.533000+00:00,2025-11-23 11:45:00+00:00,continuous,86213.4,86325.3,86213.4,86310.7,27230560.17780006
2025-11-23 11:50:59.995000+00:00,2025-11-23 11:48:00+00:00,continuous,86310.7,86379.9,86177.4,86194.3,28054230.365699988
2025-11-23 11:53:59.943000+00:00,2025-11-23 11:51:00+00:00,continuous,86194.2,86272.4,86150.0,86272.4,14047666.71160003
2025-11-23 11:56:59.937000+00:00,2025-11-23 11:54:00+00:00,continuous,86272.3,86275.7,86203.6,86264.9,7494905.1036
2025-11-23 11:59:59.969000+00:00,2025-11-23 11:57:00+00:00,continuous,86265.0,86299.8,86225.1,86290.3,12039321.739799993
2025-11-23 12:02:59.480000+00:00,2025-11-23 12:00:00+00:00,continuous,86290.3,86307.5,86222.0,86279.9,15759360.279100025
2025-11-23 12:05:59.766000+00:00,2025-11-23 12:03:00+00:00,continuous,86279.9,86450.0,86279.9,86443.2,61371802.19470008
2025-11-23 12:08:59.655000+00:00,2025-11-23 12:06:00+00:00,continuous,86443.3,86472.8,86386.4,86417.6,34004004.60260003
2025-11-23 12:11:59.911000+00:00,2025-11-23 12:09:00+00:00,continuous,86417.5,86441.8,86326.6,86417.6,27471027.794700027
2025-11-23 12:14:59.893000+00:00,2025-11-23 12:12:00+00:00,continuous,86417.6,86608.6,86417.6,86561.7,51773239.68819994
2025-11-23 12:17:59.994000+00:00,2025-11-23 12:15:00+00:00,continuous,86561.8,86767.2,86561.7,86724.1,75038419.94120006
2025-11-23 12:20:59.962000+00:00,2025-11-23 12:18:00+00:00,continuous,86724.0,86801.0,86685.1,86762.1,55568173.29850005
2025-11-23 12:23:59.982000+00:00,2025-11-23 12:21:00+00:00,continuous,86762.0,86805.7,86651.0,86744.3,35264807.088800035
2025-11-23 12:26:59.963000+00:00,2025-11-23 12:24:00+00:00,continuous,86744.3,86805.0,86649.3,86689.5,36631462.37469998
2025-11-23 12:29:59.826000+00:00,2025-11-23 12:27:00+00:00,continuous,86689.6,86760.4,86668.3,86733.7,22221592.56060001
2025-11-23 12:32:59.937000+00:00,2025-11-23 12:30:00+00:00,continuous,86733.7,86750.0,86652.7,86723.5,26291565.173400033
2025-11-23 12:35:59.960000+00:00,2025-11-23 12:33:00+00:00,continuous,86723.5,86737.5,86632.7,86684.2,33443133.80119997
2025-11-23 12:38:59.983000+00:00,2025-11-23 12:36:00+00:00,continuous,86684.2,86858.0,86580.1,86615.1,66687153.06750019
2025-11-23 12:41:59.933000+00:00,2025-11-23 12:39:00+00:00,continuous,86615.2,86658.1,86434.1,86477.4,59642771.5634
2025-11-23 12:44:59.799000+00:00,2025-11-23 12:42:00+00:00,continuous,86477.4,86565.0,86456.0,86550.6,22752201.45889999
2025-11-23 12:47:59.919000+00:00,2025-11-23 12:45:00+00:00,continuous,86550.6,86604.9,86464.1,86464.1,28524522.90370002
2025-11-23 12:50:59.800000+00:00,2025-11-23 12:48:00+00:00,continuous,86464.1,86520.0,86405.2,86519.9,18779470.26790001
2025-11-23 12:53:59.966000+00:00,2025-11-23 12:51:00+00:00,continuous,86519.9,86639.4,86495.0,86585.8,25230675.78270001
2025-11-23 12:56:59.651000+00:00,2025-11-23 12:54:00+00:00,continuous,86585.7,86593.0,86504.0,86522.7,10375173.544099998
2025-11-23 12:59:59.931000+00:00,2025-11-23 12:57:00+00:00,continuous,86522.8,86522.8,86427.6,86485.1,17238150.836200032
2025-11-23 13:02:59.682000+00:00,2025-11-23 13:00:00+00:00,continuous,86485.2,86537.1,86455.0,86520.0,17705844.762499996
2025-11-23 13:05:59.946000+00:00,2025-11-23 13:03:00+00:00,continuous,86520.0,86713.6,86511.4,86707.4,24387346.47309997
2025-11-23 13:08:59.897000+00:00,2025-11-23 13:06:00+00:00,continuous,86707.4,86707.4,86517.0,86588.0,20247530.137199976
2025-11-23 13:11:59.965000+00:00,2025-11-23 13:09:00+00:00,continuous,86588.0,86588.0,86437.1,86447.5,20285861.359199997
2025-11-23 13:14:59.866000+00:00,2025-11-23 13:12:00+00:00,continuous,86447.4,86477.9,86270.4,86308.5,50053159.5407999
2025-11-23 13:17:59.864000+00:00,2025-11-23 13:15:00+00:00,continuous,86308.6,86477.3,86308.6,86467.9,21242055.90900003
2025-11-23 13:20:59.151000+00:00,2025-11-23 13:18:00+00:00,continuous,86467.9,86609.8,86455.3,86548.7,23817240.778399993
2025-11-23 13:23:59.873000+00:00,2025-11-23 13:21:00+00:00,continuous,86548.7,86550.1,86350.7,86400.0,22761573.29520001
2025-11-23 13:26:59.814000+00:00,2025-11-23 13:24:00+00:00,continuous,86399.9,86427.3,86370.1,86403.4,10672840.002999987
2025-11-23 13:29:59.832000+00:00,2025-11-23 13:27:00+00:00,continuous,86403.4,86464.4,86372.5,86432.2,16223101.50309998
2025-11-23 13:32:59.835000+00:00,2025-11-23 13:30:00+00:00,continuous,86432.1,86531.1,86363.1,86503.7,14570366.604900021
2025-11-23 13:35:59.846000+00:00,2025-11-23 13:33:00+00:00,continuous,86503.7,86508.5,86418.5,86428.6,9083682.999400001
2025-11-23 13:38:59.730000+00:00,2025-11-23 13:36:00+00:00,continuous,86428.6,86650.0,86428.6,86642.9,17033364.959700003
2025-11-23 13:41:59.964000+00:00,2025-11-23 13:39:00+00:00,continuous,86642.8,86682.1,86600.0,86677.9,18287802.66569997
2025-11-23 13:44:59.943000+00:00,2025-11-23 13:42:00+00:00,continuous,86678.0,86693.0,86641.6,86668.4,10755460.616700005
2025-11-23 13:47:59.920000+00:00,2025-11-23 13:45:00+00:00,continuous,86668.3,86778.7,86607.4,86758.9,20751269.58789994
2025-11-23 13:50:59.931000+00:00,2025-11-23 13:48:00+00:00,continuous,86758.8,86899.0,86746.5,86868.6,60531369.78839988
2025-11-23 13:53:59.962000+00:00,2025-11-23 13:51:00+00:00,continuous,86868.7,86868.8,86691.6,86732.9,32594595.293000016
2025-11-23 13:56:59.652000+00:00,2025-11-23 13:54:00+00:00,continuous,86733.0,86874.2,86732.2,86817.3,19378715.327300005
2025-11-23 13:59:59.813000+00:00,2025-11-23 13:57:00+00:00,continuous,86817.4,86888.0,86810.3,86887.9,13154038.566200001
2025-11-23 14:02:59.994000+00:00,2025-11-23 14:00:00+00:00,continuous,86887.9,87084.9,86847.6,87000.6,111178794.54380028
2025-11-23 14:05:59.917000+00:00,2025-11-23 14:03:00+00:00,continuous,87000.7,87178.9,86924.0,86953.2,108837763.34970078
2025-11-23 14:08:59.931000+00:00,2025-11-23 14:06:00+00:00,continuous,86953.3,86967.0,86732.8,86759.7,79130415.27259994
2025-11-23 14:11:59.932000+00:00,2025-11-23 14:09:00+00:00,continuous,86759.7,86847.0,86700.0,86795.5,39978362.28159989
2025-11-23 14:14:59.920000+00:00,2025-11-23 14:12:00+00:00,continuous,86795.5,86850.0,86758.7,86770.1,18739499.805800013
2025-11-23 14:17:59.819000+00:00,2025-11-23 14:15:00+00:00,continuous,86770.1,86809.9,86678.5,86745.3,22028132.901200008
2025-11-23 14:20:59.699000+00:00,2025-11-23 14:18:00+00:00,continuous,86745.4,86745.4,86604.6,86609.8,33745708.21970002
2025-11-23 14:23:59.747000+00:00,2025-11-23 14:21:00+00:00,continuous,86609.8,86697.2,86609.7,86697.2,14358154.223800015
2025-11-23 14:26:59.719000+00:00,2025-11-23 14:24:00+00:00,continuous,86697.2,86788.0,86673.3,86788.0,12766536.717200026
2025-11-23 14:29:59.837000+00:00,2025-11-23 14:27:00+00:00,continuous,86787.9,86792.9,86736.7,86748.0,14372826.9561
2025-11-23 14:32:59.992000+00:00,2025-11-23 14:30:00+00:00,continuous,86748.0,86858.8,86679.8,86732.6,27504261.90389994
2025-11-23 14:35:59.998000+00:00,2025-11-23 14:33:00+00:00,continuous,86733.0,86902.0,86716.0,86825.5,20550285.958300002
2025-11-23 14:38:59.771000+00:00,2025-11-23 14:36:00+00:00,continuous,86825.5,86849.4,86609.8,86721.5,39038501.700699925
2025-11-23 14:41:59.568000+00:00,2025-11-23 14:39:00+00:00,continuous,86721.5,86812.7,86688.3,86806.8,11029699.983500032
2025-11-23 14:44:59.875000+00:00,2025-11-23 14:42:00+00:00,continuous,86806.7,86814.2,86682.8,86718.1,10629853.928899981
2025-11-23 14:47:59.961000+00:00,2025-11-23 14:45:00+00:00,continuous,86718.0,86806.1,86709.5,86767.0,8740495.837400012
2025-11-23 14:50:59.957000+00:00,2025-11-23 14:48:00+00:00,continuous,86767.0,86787.5,86514.4,86518.8,50345578.72600009
2025-11-23 14:53:59.695000+00:00,2025-11-23 14:51:00+00:00,continuous,86518.9,86624.8,86444.0,86515.0,42534734.19339994
2025-11-23 14:56:59.562000+00:00,2025-11-23 14:54:00+00:00,continuous,86514.9,86608.0,86444.0,86602.5,21564294.548100024
2025-11-23 14:59:59.951000+00:00,2025-11-23 14:57:00+00:00,continuous,86602.5,86602.6,86481.0,86512.2,18841660.628600027
2025-11-23 15:02:59.821000+00:00,2025-11-23 15:00:00+00:00,continuous,86512.3,86542.7,86406.1,86533.6,31009803.47860005
2025-11-23 15:05:59.971000+00:00,2025-11-23 15:03:00+00:00,continuous,86533.6,86539.6,86416.9,86461.3,18880110.25249996
2025-11-23 15:08:59.969000+00:00,2025-11-23 15:06:00+00:00,continuous,86461.4,86650.0,86450.1,86620.1,19625681.942300033
2025-11-23 15:11:59.904000+00:00,2025-11-23 15:09:00+00:00,continuous,86620.0,86727.5,86536.5,86720.3,16658286.648700025
2025-11-23 15:14:59.730000+00:00,2025-11-23 15:12:00+00:00,continuous,86720.2,86720.2,86629.0,86662.7,13258145.296599995
2025-11-23 15:17:59.909000+00:00,2025-11-23 15:15:00+00:00,continuous,86662.7,86708.8,86616.1,86647.4,11757050.89559998
2025-11-23 15:20:59.832000+00:00,2025-11-23 15:18:00+00:00,continuous,86647.5,86761.3,86621.2,86727.4,11344759.197499994
2025-11-23 15:23:59.988000+00:00,2025-11-23 15:21:00+00:00,continuous,86727.5,86775.3,86557.5,86572.8,18557308.27479997
2025-11-23 15:26:59.656000+00:00,2025-11-23 15:24:00+00:00,continuous,86572.7,86669.0,86570.6,86646.9,12410063.664100016
2025-11-23 15:29:59.718000+00:00,2025-11-23 15:27:00+00:00,continuous,86647.0,86692.2,86639.9,86657.6,5988497.666900004
2025-11-23 15:32:59.962000+00:00,2025-11-23 15:30:00+00:00,continuous,86657.7,86739.8,86621.2,86738.3,12559054.09899998
2025-11-23 15:35:59.908000+00:00,2025-11-23 15:33:00+00:00,continuous,86738.2,86849.9,86724.4,86822.1,17026564.459200025
2025-11-23 15:38:59.757000+00:00,2025-11-23 15:36:00+00:00,continuous,86822.1,86958.0,86805.1,86923.7,39883216.25180019
2025-11-23 15:41:59.617000+00:00,2025-11-23 15:39:00+00:00,continuous,86923.8,86990.0,86919.6,86980.7,27520262.32379995
2025-11-23 15:44:59.296000+00:00,2025-11-23 15:42:00+00:00,continuous,86980.6,87034.9,86939.4,86972.4,25534408.279799975
2025-11-23 15:47:59.894000+00:00,2025-11-23 15:45:00+00:00,continuous,86972.4,87021.7,86924.4,86982.5,25216919.601500038
2025-11-23 15:50:59.936000+00:00,2025-11-23 15:48:00+00:00,continuous,86982.4,86993.1,86869.3,86911.8,33629603.23329996
2025-11-23 15:53:59.798000+00:00,2025-11-23 15:51:00+00:00,continuous,86911.9,87000.0,86867.7,86986.0,33965441.96590005
2025-11-23 15:56:59.935000+00:00,2025-11-23 15:54:00+00:00,continuous,86985.9,87090.4,86970.2,87075.7,30129735.4148
2025-11-23 15:59:59.900000+00:00,2025-11-23 15:57:00+00:00,continuous,87075.6,87222.0,87020.1,87042.8,49071757.47949998
2025-11-23 16:02:59.514000+00:00,2025-11-23 16:00:00+00:00,continuous,87042.8,87125.2,87032.0,87058.4,38071419.31719994
2025-11-23 16:05:59.976000+00:00,2025-11-23 16:03:00+00:00,continuous,87058.4,87332.9,87058.4,87270.9,105530556.96309994
2025-11-23 16:08:59.926000+00:00,2025-11-23 16:06:00+00:00,continuous,87271.0,87472.0,87238.1,87310.2,118095280.34629983
2025-11-23 16:11:59.981000+00:00,2025-11-23 16:09:00+00:00,continuous,87310.2,87310.3,87091.9,87166.1,43728820.27110003
2025-11-23 16:14:59.879000+00:00,2025-11-23 16:12:00+00:00,continuous,87166.0,87188.0,87072.2,87150.1,18617182.826499995
2025-11-23 16:17:59.976000+00:00,2025-11-23 16:15:00+00:00,continuous,87150.1,87171.1,87073.3,87137.8,23739226.55950001
2025-11-23 16:20:59.986000+00:00,2025-11-23 16:18:00+00:00,continuous,87137.7,87147.6,86964.8,87003.7,32770486.401200037
2025-11-23 16:23:59.810000+00:00,2025-11-23 16:21:00+00:00,continuous,87003.8,87057.1,86986.0,86994.2,14055817.529699976
2025-11-23 16:26:59.874000+00:00,2025-11-23 16:24:00+00:00,continuous,86994.2,87094.4,86930.0,87072.5,18214634.725199938
2025-11-23 16:29:59.886000+00:00,2025-11-23 16:27:00+00:00,continuous,87072.5,87072.6,86976.0,87028.7,13128805.89540002
2025-11-23 16:32:59.963000+00:00,2025-11-23 16:30:00+00:00,continuous,87028.6,87162.7,86888.0,87135.5,32493346.369799938
2025-11-23 16:35:59.875000+00:00,2025-11-23 16:33:00+00:00,continuous,87135.5,87287.6,87120.3,87287.5,52289078.66959988
2025-11-23 16:38:59.908000+00:00,2025-11-23 16:36:00+00:00,continuous,87287.6,87317.5,87181.1,87268.0,41206372.45620014
2025-11-23 16:41:59.977000+00:00,2025-11-23 16:39:00+00:00,continuous,87268.1,87375.8,87268.0,87364.7,27060567.774000034
2025-11-23 16:44:59.710000+00:00,2025-11-23 16:42:00+00:00,continuous,87364.7,87387.1,87286.1,87306.6,31668142.182199996
2025-11-23 16:47:59.921000+00:00,2025-11-23 16:45:00+00:00,continuous,87306.5,87306.6,87216.8,87264.7,19088540.270400006
2025-11-23 16:50:59.998000+00:00,2025-11-23 16:48:00+00:00,continuous,87264.6,87276.8,87168.7,87180.1,20009225.04459988
2025-11-23 16:53:59.887000+00:00,2025-11-23 16:51:00+00:00,continuous,87180.0,87200.1,87051.6,87067.5,23625264.983000007
2025-11-23 16:56:59.935000+00:00,2025-11-23 16:54:00+00:00,continuous,87067.5,87117.1,87050.0,87050.1,22276612.460500013
2025-11-23 16:59:59.869000+00:00,2025-11-23 16:57:00+00:00,continuous,87050.0,87054.7,86632.9,86647.4,122836699.38210022
2025-11-23 17:02:59.602000+00:00,2025-11-23 17:00:00+00:00,continuous,86647.4,86704.3,86458.0,86463.4,87375622.2286
2025-11-23 17:05:59.992000+00:00,2025-11-23 17:03:00+00:00,continuous,86463.4,86710.0,86458.0,86634.3,50891419.775100075
2025-11-23 17:08:59.905000+00:00,2025-11-23 17:06:00+00:00,continuous,86634.2,86785.8,86634.2,86727.7,35560118.06730012
2025-11-23 17:11:59.755000+00:00,2025-11-23 17:09:00+00:00,continuous,86727.8,86730.2,86578.4,86679.9,20927361.472800095
2025-11-23 17:14:59.990000+00:00,2025-11-23 17:12:00+00:00,continuous,86679.8,86728.3,86666.0,86666.1,13424245.825199988
2025-11-23 17:17:59.848000+00:00,2025-11-23 17:15:00+00:00,continuous,86666.0,86716.6,86510.9,86613.5,21404592.224999953
2025-11-23 17:20:59.961000+00:00,2025-11-23 17:18:00+00:00,continuous,86613.4,86686.0,86550.0,86667.8,14332900.606200015
2025-11-23 17:23:59.629000+00:00,2025-11-23 17:21:00+00:00,continuous,86667.9,86667.9,86555.7,86596.3,20445815.489600044
2025-11-23 17:26:59.656000+00:00,2025-11-23 17:24:00+00:00,continuous,86596.2,86704.7,86580.5,86693.6,15718110.691599969
2025-11-23 17:29:59.907000+00:00,2025-11-23 17:27:00+00:00,continuous,86693.6,86877.7,86693.5,86845.1,35837697.357500054
2025-11-23 17:32:59.777000+00:00,2025-11-23 17:30:00+00:00,continuous,86845.1,86845.1,86708.6,86752.8,14316954.924100006
2025-11-23 17:35:59.624000+00:00,2025-11-23 17:33:00+00:00,continuous,86752.8,86841.6,86752.8,86817.3,13616838.990099974
2025-11-23 17:38:59.892000+00:00,2025-11-23 17:36:00+00:00,continuous,86817.4,86920.4,86780.0,86902.2,11729342.388499992
2025-11-23 17:41:59.629000+00:00,2025-11-23 17:39:00+00:00,continuous,86902.1,86910.7,86776.9,86791.7,18263080.099099994
2025-11-23 17:44:59.013000+00:00,2025-11-23 17:42:00+00:00,continuous,86791.8,86844.5,86791.8,86833.5,8520991.262400001
2025-11-23 17:47:59.642000+00:00,2025-11-23 17:45:00+00:00,continuous,86833.5,86837.5,86546.2,86600.0,33273195.29940004
2025-11-23 17:50:59.231000+00:00,2025-11-23 17:48:00+00:00,continuous,86599.9,86636.3,86572.4,86598.0,12563528.663799968
2025-11-23 17:53:59.737000+00:00,2025-11-23 17:51:00+00:00,continuous,86598.0,86687.5,86567.1,86683.0,7773289.809699993
2025-11-23 17:56:59.898000+00:00,2025-11-23 17:54:00+00:00,continuous,86682.9,86745.3,86625.6,86718.3,9251478.257599987
2025-11-23 17:59:59.311000+00:00,2025-11-23 17:57:00+00:00,continuous,86718.2,86750.0,86697.2,86699.4,3835832.7549
2025-11-23 18:02:59.961000+00:00,2025-11-23 18:00:00+00:00,continuous,86699.4,86894.2,86699.3,86840.6,19626509.86589989
2025-11-23 18:05:59.893000+00:00,2025-11-23 18:03:00+00:00,continuous,86840.7,86850.2,86782.3,86831.3,9131180.862499997
2025-11-23 18:08:59.022000+00:00,2025-11-23 18:06:00+00:00,continuous,86831.4,86860.0,86800.0,86840.0,6844255.933899998
2025-11-23 18:11:59.687000+00:00,2025-11-23 18:09:00+00:00,continuous,86840.0,86845.2,86673.5,86730.7,13452987.803099977
2025-11-23 18:14:59.787000+00:00,2025-11-23 18:12:00+00:00,continuous,86730.7,86763.9,86690.6,86757.7,4413551.951499998
2025-11-23 18:17:59.914000+00:00,2025-11-23 18:15:00+00:00,continuous,86757.7,87019.1,86738.5,86995.6,28616694.625300027
2025-11-23 18:20:59.634000+00:00,2025-11-23 18:18:00+00:00,continuous,86995.5,87116.3,86944.2,87116.2,38902195.36500016
2025-11-23 18:23:59.894000+00:00,2025-11-23 18:21:00+00:00,continuous,87116.2,87136.9,86911.1,86954.8,22900968.287799947
2025-11-23 18:26:59.894000+00:00,2025-11-23 18:24:00+00:00,continuous,86954.7,86976.7,86802.9,86857.3,23959491.00830002
2025-11-23 18:29:59.993000+00:00,2025-11-23 18:27:00+00:00,continuous,86857.2,86920.0,86843.8,86844.7,7825301.735599989
2025-11-23 18:32:59.849000+00:00,2025-11-23 18:30:00+00:00,continuous,86844.6,86997.0,86830.3,86913.4,17049965.070499975
2025-11-23 18:35:59.612000+00:00,2025-11-23 18:33:00+00:00,continuous,86913.4,87023.6,86913.4,87014.6,9042714.451799996
2025-11-23 18:38:59.328000+00:00,2025-11-23 18:36:00+00:00,continuous,87014.6,87100.0,86993.1,87069.4,12233116.393800022
2025-11-23 18:41:59.836000+00:00,2025-11-23 18:39:00+00:00,continuous,87069.7,87223.3,87069.7,87127.8,27540239.11329992
2025-11-23 18:44:59.903000+00:00,2025-11-23 18:42:00+00:00,continuous,87127.8,87158.2,87092.7,87153.4,7126860.502899999
2025-11-23 18:47:59.746000+00:00,2025-11-23 18:45:00+00:00,continuous,87153.4,87153.4,86957.0,87000.0,22886953.70680006
2025-11-23 18:50:59.563000+00:00,2025-11-23 18:48:00+00:00,continuous,87000.0,87028.5,86882.0,87010.8,27863157.489300013
2025-11-23 18:53:59.729000+00:00,2025-11-23 18:51:00+00:00,continuous,87010.9,87061.4,86985.9,87026.3,10232926.365600003
2025-11-23 18:56:59.989000+00:00,2025-11-23 18:54:00+00:00,continuous,87026.3,87032.5,86896.0,86943.0,11877563.264000002
2025-11-23 18:59:59.893000+00:00,2025-11-23 18:57:00+00:00,continuous,86943.0,86992.9,86929.3,86950.8,8072735.2361
2025-11-23 19:02:59.817000+00:00,2025-11-23 19:00:00+00:00,continuous,86950.7,86983.1,86888.0,86983.1,11624082.726900008
2025-11-23 19:05:59.805000+00:00,2025-11-23 19:03:00+00:00,continuous,86983.0,87194.3,86970.0,87150.0,27465033.312000003
2025-11-23 19:08:59.969000+00:00,2025-11-23 19:06:00+00:00,continuous,87150.0,87167.6,86995.0,87048.3,10385610.363799985
2025-11-23 19:11:59.568000+00:00,2025-11-23 19:09:00+00:00,continuous,87048.5,87189.4,87039.8,87165.0,18411750.130900044
2025-11-23 19:14:59.893000+00:00,2025-11-23 19:12:00+00:00,continuous,87165.0,87212.9,87153.2,87191.6,5219951.457099996
2025-11-23 19:17:59.952000+00:00,2025-11-23 19:15:00+00:00,continuous,87191.6,87297.3,87191.5,87297.3,29307293.035799976
2025-11-23 19:20:59.649000+00:00,2025-11-23 19:18:00+00:00,continuous,87297.2,87339.2,87191.9,87286.9,21706448.94709998
2025-11-23 19:23:59.906000+00:00,2025-11-23 19:21:00+00:00,continuous,87286.9,87498.2,87280.0,87482.0,37381586.51629993
2025-11-23 19:26:59.734000+00:00,2025-11-23 19:24:00+00:00,continuous,87481.9,87498.2,87366.1,87402.1,25394729.04970002
2025-11-23 19:29:59.895000+00:00,2025-11-23 19:27:00+00:00,continuous,87402.1,87451.7,87274.0,87274.0,27970961.93710004
2025-11-23 19:32:59.179000+00:00,2025-11-23 19:30:00+00:00,continuous,87274.0,87475.0,87268.2,87468.9,48248221.5531998
2025-11-23 19:35:59.491000+00:00,2025-11-23 19:33:00+00:00,continuous,87468.9,87653.9,87449.9,87601.6,87311409.76090026
2025-11-23 19:38:59.986000+00:00,2025-11-23 19:36:00+00:00,continuous,87601.5,87611.7,87500.0,87509.8,21717499.70359999
2025-11-23 19:41:59.139000+00:00,2025-11-23 19:39:00+00:00,continuous,87509.7,87573.6,87474.6,87525.4,15798239.604500035
2025-11-23 19:44:59.987000+00:00,2025-11-23 19:42:00+00:00,continuous,87525.5,87623.5,87512.7,87581.4,20067059.662499957
2025-11-23 19:47:59.953000+00:00,2025-11-23 19:45:00+00:00,continuous,87581.3,87610.0,87469.9,87483.0,23562382.0369
2025-11-23 19:50:59.814000+00:00,2025-11-23 19:48:00+00:00,continuous,87482.9,87560.0,87440.5,87540.3,16213257.19550003
2025-11-23 19:53:59.868000+00:00,2025-11-23 19:51:00+00:00,continuous,87540.3,87557.5,87460.0,87474.1,14043254.685699986
2025-11-23 19:56:59.352000+00:00,2025-11-23 19:54:00+00:00,continuous,87474.0,87509.7,87467.1,87488.5,10277469.9124
2025-11-23 19:59:59.961000+00:00,2025-11-23 19:57:00+00:00,continuous,87488.4,87488.5,87233.7,87276.7,67839549.90849987
2025-11-23 20:02:59.649000+00:00,2025-11-23 20:00:00+00:00,continuous,87276.7,87379.4,87276.7,87373.8,19845434.166600004
2025-11-23 20:05:59.513000+00:00,2025-11-23 20:03:00+00:00,continuous,87373.9,87491.0,87368.9,87389.3,14946362.367300028
2025-11-23 20:08:59.041000+00:00,2025-11-23 20:06:00+00:00,continuous,87389.2,87389.3,87175.6,87303.3,33264580.41170015
2025-11-23 20:11:59.928000+00:00,2025-11-23 20:09:00+00:00,continuous,87303.2,87306.4,87214.4,87238.3,20322772.91829999
2025-11-23 20:14:59.423000+00:00,2025-11-23 20:12:00+00:00,continuous,87238.2,87413.4,87213.0,87402.5,15833951.71830005
2025-11-23 20:17:58.993000+00:00,2025-11-23 20:15:00+00:00,continuous,87402.6,87429.9,87365.9,87397.1,14520435.12399999
2025-11-23 20:20:59.800000+00:00,2025-11-23 20:18:00+00:00,continuous,87397.1,87559.9,87384.7,87459.4,25523722.09240004
2025-11-23 20:23:59.791000+00:00,2025-11-23 20:21:00+00:00,continuous,87459.5,87625.1,87419.4,87616.5,46103891.64850024
2025-11-23 20:26:59.859000+00:00,2025-11-23 20:24:00+00:00,continuous,87616.5,87652.9,87552.0,87556.4,30096204.047500063
2025-11-23 20:29:59.893000+00:00,2025-11-23 20:27:00+00:00,continuous,87556.3,87621.3,87547.7,87581.8,7403165.6611
2025-11-23 20:32:59.975000+00:00,2025-11-23 20:30:00+00:00,continuous,87581.7,87600.0,87430.2,87444.3,17398820.715799972
2025-11-23 20:35:59.508000+00:00,2025-11-23 20:33:00+00:00,continuous,87444.2,87466.4,87369.5,87437.6,19199451.424300022
2025-11-23 20:38:59.892000+00:00,2025-11-23 20:36:00+00:00,continuous,87437.5,87547.0,87413.6,87547.0,8562863.991500003
2025-11-23 20:41:59.420000+00:00,2025-11-23 20:39:00+00:00,continuous,87547.0,87610.9,87510.1,87547.4,11370297.501699967
2025-11-23 20:44:59.268000+00:00,2025-11-23 20:42:00+00:00,continuous,87547.4,87547.4,87379.0,87482.5,12352978.436399981
2025-11-23 20:47:59.893000+00:00,2025-11-23 20:45:00+00:00,continuous,87482.5,87513.1,87417.4,87417.5,7462976.44059999
2025-11-23 20:50:59.325000+00:00,2025-11-23 20:48:00+00:00,continuous,87417.4,87555.9,87401.9,87535.1,12583017.19139997
2025-11-23 20:53:59.939000+00:00,2025-11-23 20:51:00+00:00,continuous,87535.0,87546.9,87449.6,87467.6,8977110.899399996
2025-11-23 20:56:59.870000+00:00,2025-11-23 20:54:00+00:00,continuous,87467.5,87485.8,87369.4,87429.4,14129509.770500032
2025-11-23 20:59:59.815000+00:00,2025-11-23 20:57:00+00:00,continuous,87429.5,87497.1,87395.0,87435.0,13439977.42170002
2025-11-23 21:02:59.931000+00:00,2025-11-23 21:00:00+00:00,continuous,87435.1,87438.9,87277.1,87295.5,13647425.474399999
2025-11-23 21:05:59.963000+00:00,2025-11-23 21:03:00+00:00,continuous,87295.6,87421.6,87284.1,87421.6,19897792.073799994
2025-11-23 21:08:59.736000+00:00,2025-11-23 21:06:00+00:00,continuous,87422.1,87493.7,87339.3,87339.3,9301788.98129999
2025-11-23 21:11:59.463000+00:00,2025-11-23 21:09:00+00:00,continuous,87339.3,87363.7,87239.7,87285.0,16588342.400100028
2025-11-23 21:14:59.173000+00:00,2025-11-23 21:12:00+00:00,continuous,87285.0,87291.7,87100.0,87244.7,31457760.700300023
2025-11-23 21:17:59.471000+00:00,2025-11-23 21:15:00+00:00,continuous,87244.6,87366.1,87222.9,87297.4,8757419.637999998
2025-11-23 21:20:59.994000+00:00,2025-11-23 21:18:00+00:00,continuous,87297.4,87371.2,87251.8,87293.6,13443764.264300022
2025-11-23 21:23:59.412000+00:00,2025-11-23 21:21:00+00:00,continuous,87293.6,87340.3,87289.3,87340.3,6209405.269100014
2025-11-23 21:26:59.689000+00:00,2025-11-23 21:24:00+00:00,continuous,87340.3,87480.1,87340.3,87461.0,10826100.422699979
2025-11-23 21:29:59.565000+00:00,2025-11-23 21:27:00+00:00,continuous,87461.0,87549.8,87461.0,87549.8,10313618.42400001
2025-11-23 21:32:59.893000+00:00,2025-11-23 21:30:00+00:00,continuous,87549.7,87630.0,87505.0,87544.5,15184145.208999995
2025-11-23 21:35:59.725000+00:00,2025-11-23 21:33:00+00:00,continuous,87544.4,87649.1,87522.7,87612.1,9317135.638099985
2025-11-23 21:38:59.981000+00:00,2025-11-23 21:36:00+00:00,continuous,87612.0,87732.9,87573.6,87672.6,24132571.831800003
2025-11-23 21:41:59.870000+00:00,2025-11-23 21:39:00+00:00,continuous,87672.6,87776.8,87636.4,87775.7,22102602.717699915
2025-11-23 21:44:59.729000+00:00,2025-11-23 21:42:00+00:00,continuous,87775.7,87776.0,87606.4,87610.0,13566447.399100004
2025-11-23 21:47:59.994000+00:00,2025-11-23 21:45:00+00:00,continuous,87610.0,87700.0,87572.4,87682.4,11560559.762300031
2025-11-23 21:50:59.665000+00:00,2025-11-23 21:48:00+00:00,continuous,87682.5,87749.6,87653.5,87738.8,11814861.929800019
2025-11-23 21:53:59.951000+00:00,2025-11-23 21:51:00+00:00,continuous,87738.7,87834.0,87738.7,87798.0,28744877.250300005
2025-11-23 21:56:59.926000+00:00,2025-11-23 21:54:00+00:00,continuous,87798.1,87946.0,87798.0,87945.3,75714141.09549972
2025-11-23 21:59:59.794000+00:00,2025-11-23 21:57:00+00:00,continuous,87945.3,87950.0,87911.3,87945.0,22505951.967299964
2025-11-23 22:02:59.828000+00:00,2025-11-23 22:00:00+00:00,continuous,87944.9,88100.0,87758.7,87761.5,136809378.32750028
2025-11-23 22:05:59.886000+00:00,2025-11-23 22:03:00+00:00,continuous,87761.0,87834.6,87675.0,87831.6,33058600.342899952
2025-11-23 22:08:59.923000+00:00,2025-11-23 22:06:00+00:00,continuous,87831.6,87856.0,87719.3,87754.7,14617444.082300005
2025-11-23 22:11:59.925000+00:00,2025-11-23 22:09:00+00:00,continuous,87754.7,87764.0,87630.1,87706.2,20022511.11760001
2025-11-23 22:14:59.677000+00:00,2025-11-23 22:12:00+00:00,continuous,87706.2,87754.4,87643.5,87700.0,13996662.858900035
2025-11-23 22:17:59.980000+00:00,2025-11-23 22:15:00+00:00,continuous,87700.0,87737.5,87602.0,87604.6,29269910.976599906
2025-11-23 22:20:59.678000+00:00,2025-11-23 22:18:00+00:00,continuous,87604.6,87768.4,87511.6,87671.1,31261166.80030003
2025-11-23 22:23:59.978000+00:00,2025-11-23 22:21:00+00:00,continuous,87671.1,87960.0,87651.7,87905.7,21861304.81920009
2025-11-23 22:26:59.614000+00:00,2025-11-23 22:24:00+00:00,continuous,87905.8,87935.8,87726.0,87736.6,22428513.830900062
2025-11-23 22:29:59.243000+00:00,2025-11-23 22:27:00+00:00,continuous,87736.5,87911.5,87736.5,87866.6,14686936.101900002
2025-11-23 22:32:59.900000+00:00,2025-11-23 22:30:00+00:00,continuous,87866.6,87866.6,87707.8,87707.8,21066729.720600046
2025-11-23 22:35:59.889000+00:00,2025-11-23 22:33:00+00:00,continuous,87707.9,87750.0,87675.4,87749.9,8422573.914900005
2025-11-23 22:38:59.992000+00:00,2025-11-23 22:36:00+00:00,continuous,87750.0,87750.0,87636.0,87678.0,10813402.150999965
2025-11-23 22:41:59.919000+00:00,2025-11-23 22:39:00+00:00,continuous,87677.8,87754.0,87616.6,87707.3,16400976.580100024
2025-11-23 22:44:59.952000+00:00,2025-11-23 22:42:00+00:00,continuous,87707.2,87819.2,87701.3,87714.8,11376265.565999985
2025-11-23 22:47:59.735000+00:00,2025-11-23 22:45:00+00:00,continuous,87714.8,87789.5,87700.1,87757.2,7121239.629099995
2025-11-23 22:50:59.947000+00:00,2025-11-23 22:48:00+00:00,continuous,87757.1,87839.0,87728.7,87793.8,9469233.753399992
2025-11-23 22:53:59.891000+00:00,2025-11-23 22:51:00+00:00,continuous,87793.7,87820.7,87779.6,87782.3,2970102.9209999987
2025-11-23 22:56:59.994000+00:00,2025-11-23 22:54:00+00:00,continuous,87782.4,87952.0,87779.1,87907.6,10997459.226600016
2025-11-23 22:59:59.631000+00:00,2025-11-23 22:57:00+00:00,continuous,87907.7,88000.0,87812.1,87964.7,16211006.253299994
2025-11-23 23:02:59.993000+00:00,2025-11-23 23:00:00+00:00,continuous,87964.7,88049.8,87755.1,87759.0,38074104.970599905
2025-11-23 23:05:59.854000+00:00,2025-11-23 23:03:00+00:00,continuous,87758.9,87763.0,87405.2,87493.6,86420807.22190003
2025-11-23 23:08:59.956000+00:00,2025-11-23 23:06:00+00:00,continuous,87493.6,87549.3,87421.7,87540.4,33580008.63460008
2025-11-23 23:11:59.788000+00:00,2025-11-23 23:09:00+00:00,continuous,87540.3,87572.5,87433.9,87464.6,21692005.265299994
2025-11-23 23:14:59.942000+00:00,2025-11-23 23:12:00+00:00,continuous,87464.5,87464.6,87280.8,87290.0,30634806.81120003
2025-11-23 23:17:59.943000+00:00,2025-11-23 23:15:00+00:00,continuous,87290.0,87389.8,87142.5,87145.4,36967029.24910006
2025-11-23 23:20:59.963000+00:00,2025-11-23 23:18:00+00:00,continuous,87145.5,87164.0,86906.2,86946.4,136316465.50959936
2025-11-23 23:23:59.700000+00:00,2025-11-23 23:21:00+00:00,continuous,86946.4,87051.7,86815.0,86977.4,78621040.72269979
2025-11-23 23:26:59.994000+00:00,2025-11-23 23:24:00+00:00,continuous,86977.5,87081.5,86903.2,87067.8,24391710.299800012
2025-11-23 23:29:59.997000+00:00,2025-11-23 23:27:00+00:00,continuous,87067.7,87067.7,86970.7,87029.6,22363619.970599983
2025-11-23 23:32:59.919000+00:00,2025-11-23 23:30:00+00:00,continuous,87029.7,87029.7,86815.0,86863.9,45006213.51670002
2025-11-23 23:35:59.520000+00:00,2025-11-23 23:33:00+00:00,continuous,86863.9,86907.4,86782.3,86900.6,41655066.652399756
2025-11-23 23:38:59.990000+00:00,2025-11-23 23:36:00+00:00,continuous,86900.7,86919.3,86700.0,86725.0,31184472.10989996
2025-11-23 23:41:59.811000+00:00,2025-11-23 23:39:00+00:00,continuous,86725.1,86830.5,86725.0,86799.5,21101405.51160001
2025-11-23 23:44:59.992000+00:00,2025-11-23 23:42:00+00:00,continuous,86799.5,86884.0,86762.9,86831.7,14368579.936600016
2025-11-23 23:47:58.795000+00:00,2025-11-23 23:45:00+00:00,continuous,86831.7,86916.9,86760.5,86816.2,18381444.997400038
2025-11-23 23:50:59.266000+00:00,2025-11-23 23:48:00+00:00,continuous,86816.1,86880.6,86780.0,86841.6,13452566.988199992
2025-11-23 23:53:59.977000+00:00,2025-11-23 23:51:00+00:00,continuous,86841.7,86886.6,86716.2,86811.4,21761980.348299965
2025-11-23 23:56:59.893000+00:00,2025-11-23 23:54:00+00:00,continuous,86811.5,86826.2,86756.6,86758.9,12124960.578299975
2025-11-23 23:59:59.921000+00:00,2025-11-23 23:57:00+00:00,continuous,86758.9,86834.5,86736.2,86807.7,19819063.922299996
2025-11-24 00:02:59.924000+00:00,2025-11-24 00:00:00+00:00,continuous,86807.6,86807.6,86618.8,86661.0,52883034.499699995
2025-11-24 00:05:59.906000+00:00,2025-11-24 00:03:00+00:00,continuous,86661.0,86676.3,86507.4,86564.0,55682350.94929974
2025-11-24 00:08:59.955000+00:00,2025-11-24 00:06:00+00:00,continuous,86563.9,86586.9,86400.0,86408.4,65984171.86100001
2025-11-24 00:11:59.972000+00:00,2025-11-24 00:09:00+00:00,continuous,86408.4,86425.0,86250.1,86346.0,86566290.3073
2025-11-24 00:14:59.830000+00:00,2025-11-24 00:12:00+00:00,continuous,86345.9,86431.3,86265.4,86307.5,33856854.04679998
2025-11-24 00:17:59.920000+00:00,2025-11-24 00:15:00+00:00,continuous,86307.4,86307.4,86100.0,86109.1,63294989.93389983
2025-11-24 00:20:59.874000+00:00,2025-11-24 00:18:00+00:00,continuous,86109.1,86166.9,86010.1,86039.6,77026351.44690047
2025-11-24 00:23:59.916000+00:00,2025-11-24 00:21:00+00:00,continuous,86039.6,86273.6,85915.0,86238.5,107668025.60790047
2025-11-24 00:26:59.961000+00:00,2025-11-24 00:24:00+00:00,continuous,86238.5,86430.1,86154.5,86418.1,43152843.83520024
2025-11-24 00:29:59.993000+00:00,2025-11-24 00:27:00+00:00,continuous,86418.0,86447.3,86313.0,86416.1,46942418.57040001
2025-11-24 00:32:59.923000+00:00,2025-11-24 00:30:00+00:00,continuous,86416.0,86439.3,86224.9,86409.0,54813115.99130012
2025-11-24 00:35:59.983000+00:00,2025-11-24 00:33:00+00:00,continuous,86409.1,86723.7,86409.1,86709.7,66337511.491800174
2025-11-24 00:38:59.840000+00:00,2025-11-24 00:36:00+00:00,continuous,86709.6,86753.5,86636.6,86726.9,58424727.53599985
2025-11-24 00:41:59.919000+00:00,2025-11-24 00:39:00+00:00,continuous,86726.8,86968.6,86726.8,86859.0,58842052.84169998
2025-11-24 00:44:59.937000+00:00,2025-11-24 00:42:00+00:00,continuous,86859.0,86867.8,86662.9,86839.2,40839263.66039997
2025-11-24 00:47:59.840000+00:00,2025-11-24 00:45:00+00:00,continuous,86839.2,86846.3,86641.8,86781.4,38181230.30570009
2025-11-24 00:50:59.966000+00:00,2025-11-24 00:48:00+00:00,continuous,86781.5,87127.2,86768.3,87127.1,40073477.909800135
2025-11-24 00:53:59.914000+00:00,2025-11-24 00:51:00+00:00,continuous,87127.2,87189.1,86870.7,86921.5,64209783.098599926
2025-11-24 00:56:59.978000+00:00,2025-11-24 00:54:00+00:00,continuous,86921.5,86921.5,86681.4,86760.4,35038573.59860006
2025-11-24 00:59:59.928000+00:00,2025-11-24 00:57:00+00:00,continuous,86760.2,86794.5,86637.6,86701.8,33937024.71749998
2025-11-24 01:02:59.783000+00:00,2025-11-24 01:00:00+00:00,continuous,86701.7,86701.7,86493.2,86500.0,51917175.52309999
2025-11-24 01:05:59.464000+00:00,2025-11-24 01:03:00+00:00,continuous,86500.1,86627.9,86500.0,86594.8,21240186.757900037
2025-11-24 01:08:59.997000+00:00,2025-11-24 01:06:00+00:00,continuous,86594.7,86837.0,86541.6,86752.5,37656931.55740008
2025-11-24 01:11:59.964000+00:00,2025-11-24 01:09:00+00:00,continuous,86808.8,86943.4,86689.1,86910.2,34390876.16629991
2025-11-24 01:14:59.786000+00:00,2025-11-24 01:12:00+00:00,continuous,86910.2,86970.7,86721.5,86731.0,23682473.26590003
2025-11-24 01:17:59.906000+00:00,2025-11-24 01:15:00+00:00,continuous,86731.0,86823.4,86550.2,86650.5,19919736.041599993
2025-11-24 01:20:59.961000+00:00,2025-11-24 01:18:00+00:00,continuous,86650.4,86816.5,86600.1,86629.7,26277391.222400077
2025-11-24 01:23:59.995000+00:00,2025-11-24 01:21:00+00:00,continuous,86629.7,86715.0,86606.2,86610.3,11769093.169000026
2025-11-24 01:26:59.575000+00:00,2025-11-24 01:24:00+00:00,continuous,86610.3,86812.1,86569.1,86812.1,28604538.946200043
2025-11-24 01:29:59.773000+00:00,2025-11-24 01:27:00+00:00,continuous,86812.1,86894.0,86706.0,86790.9,29964660.125900026
2025-11-24 01:32:59.976000+00:00,2025-11-24 01:30:00+00:00,continuous,86790.8,86820.8,86580.3,86658.8,26968242.63390001
2025-11-24 01:35:59.476000+00:00,2025-11-24 01:33:00+00:00,continuous,86658.0,86711.8,86547.6,86599.0,20465504.242900077
2025-11-24 01:38:59.975000+00:00,2025-11-24 01:36:00+00:00,continuous,86599.0,86660.0,86509.6,86601.1,27299805.48340004
2025-11-24 01:41:59.951000+00:00,2025-11-24 01:39:00+00:00,continuous,86600.8,86666.0,86456.0,86456.0,20622878.685800035
2025-11-24 01:44:59.982000+00:00,2025-11-24 01:42:00+00:00,continuous,86456.0,86508.1,86360.9,86491.3,51506318.588600054
2025-11-24 01:47:59.861000+00:00,2025-11-24 01:45:00+00:00,continuous,86491.2,86530.1,86402.2,86442.4,19048099.397999983
2025-11-24 01:50:59.751000+00:00,2025-11-24 01:48:00+00:00,continuous,86442.5,86670.0,86424.0,86646.8,18753968.730699975
2025-11-24 01:53:59.941000+00:00,2025-11-24 01:51:00+00:00,continuous,86646.9,86912.9,86641.1,86908.6,67491673.20979972
2025-11-24 01:56:59.897000+00:00,2025-11-24 01:54:00+00:00,continuous,86908.7,86999.5,86819.1,86890.5,30348506.21520007
2025-11-24 01:59:59.580000+00:00,2025-11-24 01:57:00+00:00,continuous,86890.4,87054.0,86890.4,87033.6,31287549.8394001
2025-11-24 02:02:59.990000+00:00,2025-11-24 02:00:00+00:00,continuous,87033.6,87460.9,86976.8,87453.2,126621112.58950093
2025-11-24 02:05:59.958000+00:00,2025-11-24 02:03:00+00:00,continuous,87453.2,87588.0,87348.8,87558.3,87106561.50050008
2025-11-24 02:08:59.929000+00:00,2025-11-24 02:06:00+00:00,continuous,87558.3,87903.7,87500.0,87612.8,185199307.5937992
2025-11-24 02:11:59.914000+00:00,2025-11-24 02:09:00+00:00,continuous,87612.9,87834.3,87570.0,87786.5,44379845.83930005
2025-11-24 02:14:59.937000+00:00,2025-11-24 02:12:00+00:00,continuous,87786.5,87936.2,87754.7,87871.0,44369834.17599993
2025-11-24 02:17:59.724000+00:00,2025-11-24 02:15:00+00:00,continuous,87870.9,87970.3,87729.9,87867.0,68752938.25450052
2025-11-24 02:20:59.793000+00:00,2025-11-24 02:18:00+00:00,continuous,87866.9,88049.5,87857.0,87931.3,59487630.27820013
2025-11-24 02:23:59.760000+00:00,2025-11-24 02:21:00+00:00,continuous,87931.2,88006.0,87844.3,87952.8,28532957.004900027
2025-11-24 02:26:59.895000+00:00,2025-11-24 02:24:00+00:00,continuous,87952.7,88008.5,87809.8,87823.1,29528460.566700034
2025-11-24 02:29:59.952000+00:00,2025-11-24 02:27:00+00:00,continuous,87823.0,87823.1,87654.0,87673.2,39007096.33400003
2025-11-24 02:32:59.908000+00:00,2025-11-24 02:30:00+00:00,continuous,87673.2,87770.1,87481.4,87540.1,63920429.51460015
2025-11-24 02:35:59.991000+00:00,2025-11-24 02:33:00+00:00,continuous,87540.2,87595.7,87222.1,87333.2,86723275.45559987
2025-11-24 02:38:59.942000+00:00,2025-11-24 02:36:00+00:00,continuous,87333.2,87469.5,87306.8,87405.0,52971402.11689993
2025-11-24 02:41:59.938000+00:00,2025-11-24 02:39:00+00:00,continuous,87405.1,87485.0,87335.8,87369.4,33271032.392599933
2025-11-24 02:44:59.966000+00:00,2025-11-24 02:42:00+00:00,continuous,87369.3,87495.6,87305.5,87345.0,34628704.160999864
2025-11-24 02:47:59.921000+00:00,2025-11-24 02:45:00+00:00,continuous,87345.4,87424.3,87257.7,87257.7,24101091.17479995
2025-11-24 02:50:59.823000+00:00,2025-11-24 02:48:00+00:00,continuous,87257.8,87367.3,87230.9,87347.6,16513603.894000007
2025-11-24 02:53:59.994000+00:00,2025-11-24 02:51:00+00:00,continuous,87347.5,87380.8,87200.0,87371.7,16477835.685299978
2025-11-24 02:56:59.698000+00:00,2025-11-24 02:54:00+00:00,continuous,87371.7,87448.4,87354.0,87360.0,15466326.082800051
2025-11-24 02:59:59.578000+00:00,2025-11-24 02:57:00+00:00,continuous,87360.1,87483.6,87345.4,87483.6,10520432.059899991
2025-11-24 03:02:59.932000+00:00,2025-11-24 03:00:00+00:00,continuous,87483.6,87522.5,87428.1,87485.4,22606221.22749997
2025-11-24 03:05:59.851000+00:00,2025-11-24 03:03:00+00:00,continuous,87485.4,87548.2,87436.4,87476.0,23967787.60749998
2025-11-24 03:08:59.701000+00:00,2025-11-24 03:06:00+00:00,continuous,87476.0,87507.5,87266.0,87279.6,24441779.548599947
2025-11-24 03:11:59.785000+00:00,2025-11-24 03:09:00+00:00,continuous,87279.5,87300.0,87206.7,87218.4,15445412.303000033
2025-11-24 03:14:59.656000+00:00,2025-11-24 03:12:00+00:00,continuous,87218.3,87297.8,87150.7,87276.3,26010120.298800062
2025-11-24 03:17:59.934000+00:00,2025-11-24 03:15:00+00:00,continuous,87276.2,87431.5,87196.0,87431.4,33225057.251399945
2025-11-24 03:20:59.941000+00:00,2025-11-24 03:18:00+00:00,continuous,87431.5,87687.7,87430.9,87677.8,54006105.43240025
2025-11-24 03:23:59.996000+00:00,2025-11-24 03:21:00+00:00,continuous,87677.8,87756.4,87542.9,87555.0,35993631.41569999
2025-11-24 03:26:59.911000+00:00,2025-11-24 03:24:00+00:00,continuous,87554.8,87561.1,87501.1,87535.0,13726400.796799997
2025-11-24 03:29:59.558000+00:00,2025-11-24 03:27:00+00:00,continuous,87535.6,87577.2,87535.6,87577.2,6204035.697000008
2025-11-24 03:32:59.363000+00:00,2025-11-24 03:30:00+00:00,continuous,87577.2,87604.2,87494.7,87572.0,10786046.491400024
2025-11-24 03:35:59.600000+00:00,2025-11-24 03:33:00+00:00,continuous,87571.9,87651.6,87513.9,87513.9,10062005.081500001
2025-11-24 03:38:59.966000+00:00,2025-11-24 03:36:00+00:00,continuous,87513.9,87538.2,87428.7,87451.6,19024459.206800118
2025-11-24 03:41:59.928000+00:00,2025-11-24 03:39:00+00:00,continuous,87451.6,87476.4,87365.2,87400.7,12612436.32239996
2025-11-24 03:44:59.434000+00:00,2025-11-24 03:42:00+00:00,continuous,87400.6,87427.3,87327.6,87411.3,13535962.021600015
2025-11-24 03:47:59.326000+00:00,2025-11-24 03:45:00+00:00,continuous,87411.2,87481.9,87409.7,87432.6,10138596.214300003
2025-11-24 03:50:59.810000+00:00,2025-11-24 03:48:00+00:00,continuous,87432.6,87464.9,87233.0,87276.7,24421679.768799994
2025-11-24 03:53:59.924000+00:00,2025-11-24 03:51:00+00:00,continuous,87276.7,87385.5,87257.2,87288.4,24531425.14420003
2025-11-24 03:56:59.563000+00:00,2025-11-24 03:54:00+00:00,continuous,87288.4,87343.5,87213.9,87334.1,12861287.337600023
2025-11-24 03:59:59.639000+00:00,2025-11-24 03:57:00+00:00,continuous,87334.2,87458.8,87312.0,87408.8,14365521.283999998
2025-11-24 04:02:59.995000+00:00,2025-11-24 04:00:00+00:00,continuous,87408.7,87500.0,87378.9,87466.4,23697321.00900005
2025-11-24 04:05:59.841000+00:00,2025-11-24 04:03:00+00:00,continuous,87466.5,87500.0,87396.6,87396.7,12068438.68239998
2025-11-24 04:08:59.339000+00:00,2025-11-24 04:06:00+00:00,continuous,87396.7,87530.0,87380.7,87507.0,9229965.661799992
2025-11-24 04:11:59.859000+00:00,2025-11-24 04:09:00+00:00,continuous,87507.0,87555.4,87411.1,87540.4,13798386.489500014
2025-11-24 04:14:59.938000+00:00,2025-11-24 04:12:00+00:00,continuous,87540.4,87549.3,87291.0,87300.0,20929028.254799955
2025-11-24 04:17:59.902000+00:00,2025-11-24 04:15:00+00:00,continuous,87300.1,87300.1,86753.6,86755.3,113236225.26630013
2025-11-24 04:20:59.982000+00:00,2025-11-24 04:18:00+00:00,continuous,86755.3,86830.2,86613.3,86629.9,85133999.67199981
2025-11-24 04:23:59.730000+00:00,2025-11-24 04:21:00+00:00,continuous,86630.0,86675.0,86500.0,86550.7,62335667.77739998
2025-11-24 04:26:59.789000+00:00,2025-11-24 04:24:00+00:00,continuous,86550.7,86605.0,86400.0,86415.2,63408312.44020006
2025-11-24 04:29:59.975000+00:00,2025-11-24 04:27:00+00:00,continuous,86415.6,86572.4,86412.1,86555.7,36972923.19520003
2025-11-24 04:32:59.812000+00:00,2025-11-24 04:30:00+00:00,continuous,86555.7,86761.1,86550.3,86720.9,42836995.971000046
2025-11-24 04:35:59.364000+00:00,2025-11-24 04:33:00+00:00,continuous,86720.8,86800.0,86680.0,86734.9,33213336.845999986
2025-11-24 04:38:59.619000+00:00,2025-11-24 04:36:00+00:00,continuous,86734.9,86740.7,86617.2,86697.0,27122634.51240008
2025-11-24 04:41:59.857000+00:00,2025-11-24 04:39:00+00:00,continuous,86697.0,86737.3,86581.7,86594.1,17411973.82920001
2025-11-24 04:44:59.913000+00:00,2025-11-24 04:42:00+00:00,continuous,86594.1,86720.5,86594.1,86668.3,12836022.076099971
2025-11-24 04:47:59.893000+00:00,2025-11-24 04:45:00+00:00,continuous,86668.2,86722.7,86604.9,86604.9,14480124.286400031
2025-11-24 04:50:59.133000+00:00,2025-11-24 04:48:00+00:00,continuous,86604.9,86630.6,86543.1,86608.6,19690643.55820003
2025-11-24 04:53:59.769000+00:00,2025-11-24 04:51:00+00:00,continuous,86608.6,86730.7,86593.1,86708.4,14120197.411
2025-11-24 04:56:59.690000+00:00,2025-11-24 04:54:00+00:00,continuous,86708.5,86788.0,86695.2,86719.5,10643222.609500013
2025-11-24 04:59:59.321000+00:00,2025-11-24 04:57:00+00:00,continuous,86719.5,86719.6,86631.9,86682.7,15704961.135200035
2025-11-24 05:02:59.941000+00:00,2025-11-24 05:00:00+00:00,continuous,86682.6,86776.4,86624.6,86768.0,15629795.924199974
2025-11-24 05:05:59.902000+00:00,2025-11-24 05:03:00+00:00,continuous,86768.0,86840.4,86741.4,86818.3,17667228.084799968
2025-11-24 05:08:59.829000+00:00,2025-11-24 05:06:00+00:00,continuous,86818.3,87275.0,86818.2,87239.0,74934341.78239998
2025-11-24 05:11:59.749000+00:00,2025-11-24 05:09:00+00:00,continuous,87238.9,87520.4,87238.9,87425.0,103596089.07979964
2025-11-24 05:14:59.994000+00:00,2025-11-24 05:12:00+00:00,continuous,87425.1,87674.9,87425.0,87535.4,59097946.20030005
2025-11-24 05:17:59.870000+00:00,2025-11-24 05:15:00+00:00,continuous,87535.5,87696.7,87450.0,87526.6,46164721.812600106
2025-11-24 05:20:59.953000+00:00,2025-11-24 05:18:00+00:00,continuous,87526.3,87672.2,87501.1,87672.2,25121664.321699973
2025-11-24 05:23:59.989000+00:00,2025-11-24 05:21:00+00:00,continuous,87672.2,87689.2,87542.1,87583.0,23310401.24699991
2025-11-24 05:26:59.949000+00:00,2025-11-24 05:24:00+00:00,continuous,87582.9,87740.0,87578.3,87713.8,30227401.23819997
2025-11-24 05:29:59.892000+00:00,2025-11-24 05:27:00+00:00,continuous,87713.8,87795.9,87565.5,87579.9,28991916.392899968
2025-11-24 05:32:59.900000+00:00,2025-11-24 05:30:00+00:00,continuous,87579.8,87608.9,87400.0,87494.8,41151880.354399815
2025-11-24 05:35:59.927000+00:00,2025-11-24 05:33:00+00:00,continuous,87494.9,87519.5,87400.2,87444.9,20661039.99060002
2025-11-24 05:38:59.805000+00:00,2025-11-24 05:36:00+00:00,continuous,87445.0,87503.2,87357.8,87477.9,14976665.890100013
2025-11-24 05:41:59.586000+00:00,2025-11-24 05:39:00+00:00,continuous,87477.9,87553.0,87453.4,87473.3,11425969.328099981
2025-11-24 05:44:59.877000+00:00,2025-11-24 05:42:00+00:00,continuous,87473.3,87530.0,87424.8,87505.0,7732646.033900004
2025-11-24 05:47:59.170000+00:00,2025-11-24 05:45:00+00:00,continuous,87504.9,87529.9,87437.5,87440.6,13005671.736200036
2025-11-24 05:50:59.913000+00:00,2025-11-24 05:48:00+00:00,continuous,87440.6,87440.6,87312.9,87319.9,27222451.24220002
2025-11-24 05:53:59.203000+00:00,2025-11-24 05:51:00+00:00,continuous,87319.9,87444.5,87319.9,87349.5,10911912.108299997
2025-11-24 05:56:59.762000+00:00,2025-11-24 05:54:00+00:00,continuous,87349.5,87400.0,87208.8,87254.1,40844760.93679999
2025-11-24 05:59:59.961000+00:00,2025-11-24 05:57:00+00:00,continuous,87254.1,87437.4,87254.1,87425.3,16143977.345600026
2025-11-24 06:02:59.548000+00:00,2025-11-24 06:00:00+00:00,continuous,87425.4,87475.1,87281.8,87297.3,22872173.61330001
2025-11-24 06:05:59.830000+00:00,2025-11-24 06:03:00+00:00,continuous,87297.3,87337.9,87019.8,87019.9,34369320.46340002
2025-11-24 06:08:59.955000+00:00,2025-11-24 06:06:00+00:00,continuous,87019.8,87110.3,86860.9,87021.7,72384069.32120048
2025-11-24 06:11:59.799000+00:00,2025-11-24 06:09:00+00:00,continuous,87021.7,87069.3,86940.4,87056.0,22605952.637499996
2025-11-24 06:14:59.894000+00:00,2025-11-24 06:12:00+00:00,continuous,87056.0,87056.0,86879.6,86892.0,32040298.030300066
2025-11-24 06:17:59.997000+00:00,2025-11-24 06:15:00+00:00,continuous,86892.0,87063.4,86891.9,87023.0,25767545.337200027
2025-11-24 06:20:59.499000+00:00,2025-11-24 06:18:00+00:00,continuous,87022.9,87120.0,87000.9,87056.0,27549570.961499896
2025-11-24 06:23:59.987000+00:00,2025-11-24 06:21:00+00:00,continuous,87055.9,87123.0,86999.7,87099.9,19391709.292699963
2025-11-24 06:26:59.988000+00:00,2025-11-24 06:24:00+00:00,continuous,87100.0,87117.0,87000.0,87000.1,11219632.265700024
2025-11-24 06:29:59.124000+00:00,2025-11-24 06:27:00+00:00,continuous,87000.1,87127.3,86951.8,87115.1,12801147.992699986
2025-11-24 06:32:59.911000+00:00,2025-11-24 06:30:00+00:00,continuous,87115.0,87115.0,86842.1,86870.0,30349341.425900083
2025-11-24 06:35:59.876000+00:00,2025-11-24 06:33:00+00:00,continuous,86870.1,87069.3,86808.2,87065.5,23261377.2112
2025-11-24 06:38:59.723000+00:00,2025-11-24 06:36:00+00:00,continuous,87065.6,87071.8,86944.1,86985.8,13433117.199900009
2025-11-24 06:41:59.867000+00:00,2025-11-24 06:39:00+00:00,continuous,86985.7,86990.0,86817.6,86892.0,16767352.436299982
2025-11-24 06:44:59.873000+00:00,2025-11-24 06:42:00+00:00,continuous,86891.9,87056.7,86876.6,86992.9,42275221.23849983
2025-11-24 06:47:59.876000+00:00,2025-11-24 06:45:00+00:00,continuous,86992.9,87057.2,86907.1,87012.9,15166674.054000007
2025-11-24 06:50:59.818000+00:00,2025-11-24 06:48:00+00:00,continuous,87012.9,87036.3,86878.5,86880.3,15691721.562100014
2025-11-24 06:53:59.691000+00:00,2025-11-24 06:51:00+00:00,continuous,86880.2,86896.2,86736.9,86876.4,40667610.48370012
2025-11-24 06:56:59.890000+00:00,2025-11-24 06:54:00+00:00,continuous,86876.4,86950.1,86798.0,86849.1,25223167.296100076
2025-11-24 06:59:59.815000+00:00,2025-11-24 06:57:00+00:00,continuous,86849.2,86931.3,86843.7,86862.1,21121323.6053
2025-11-24 07:02:59.941000+00:00,2025-11-24 07:00:00+00:00,continuous,86862.1,86865.6,86644.5,86647.7,45865983.756799854
2025-11-24 07:05:59.856000+00:00,2025-11-24 07:03:00+00:00,continuous,86647.8,86791.0,86642.1,86769.6,31513185.958800048
2025-11-24 07:08:59.944000+00:00,2025-11-24 07:06:00+00:00,continuous,86769.6,86867.0,86769.5,86791.4,17427626.124000013
2025-11-24 07:11:59.767000+00:00,2025-11-24 07:09:00+00:00,continuous,86791.3,86894.3,86782.6,86881.0,13694687.048299996
2025-11-24 07:14:59.995000+00:00,2025-11-24 07:12:00+00:00,continuous,86881.0,86907.3,86749.9,86815.0,13864724.57769998
2025-11-24 07:17:59.878000+00:00,2025-11-24 07:15:00+00:00,continuous,86815.1,86822.3,86701.7,86782.5,17578872.486600023
2025-11-24 07:20:59.848000+00:00,2025-11-24 07:18:00+00:00,continuous,86782.5,86999.5,86782.5,86874.6,27274534.817100044
2025-11-24 07:23:59.758000+00:00,2025-11-24 07:21:00+00:00,continuous,86874.5,86909.2,86790.1,86873.9,17861664.993999984
2025-11-24 07:26:59.982000+00:00,2025-11-24 07:24:00+00:00,continuous,86873.9,86885.4,86754.5,86769.3,16192631.569500025
2025-11-24 07:29:59.938000+00:00,2025-11-24 07:27:00+00:00,continuous,86769.3,86844.6,86764.4,86832.8,13914013.263800006
2025-11-24 07:32:59.618000+00:00,2025-11-24 07:30:00+00:00,continuous,86832.7,86942.6,86761.3,86942.6,25009286.6896
2025-11-24 07:35:59.995000+00:00,2025-11-24 07:33:00+00:00,continuous,86942.6,87050.0,86913.9,87011.6,38467935.51369987
2025-11-24 07:38:59.892000+00:00,2025-11-24 07:36:00+00:00,continuous,87011.6,87059.9,86921.3,87047.5,24120133.669199996
2025-11-24 07:41:59.969000+00:00,2025-11-24 07:39:00+00:00,continuous,87047.6,87113.3,87032.2,87096.9,17733442.98239996
2025-11-24 07:44:59.941000+00:00,2025-11-24 07:42:00+00:00,continuous,87096.9,87298.6,87093.0,87264.6,39821114.85390008
2025-11-24 07:47:59.829000+00:00,2025-11-24 07:45:00+00:00,continuous,87264.5,87311.1,87062.6,87124.5,36953302.09029999
2025-11-24 07:50:59.880000+00:00,2025-11-24 07:48:00+00:00,continuous,87124.6,87285.7,87100.9,87177.8,20789388.03750002
2025-11-24 07:53:59.798000+00:00,2025-11-24 07:51:00+00:00,continuous,87177.8,87177.9,87113.5,87125.1,10444787.55769999
2025-11-24 07:56:59.905000+00:00,2025-11-24 07:54:00+00:00,continuous,87125.1,87130.0,86945.3,86993.4,23039232.879800055
2025-11-24 07:59:59.892000+00:00,2025-11-24 07:57:00+00:00,continuous,86993.3,87004.7,86927.0,87004.6,16998201.864500046
2025-11-24 08:02:59.837000+00:00,2025-11-24 08:00:00+00:00,continuous,87004.6,87004.6,86827.8,86841.6,23560254.067799978
2025-11-24 08:05:59.631000+00:00,2025-11-24 08:03:00+00:00,continuous,86841.6,86851.3,86740.9,86742.4,25963132.300000023
2025-11-24 08:08:59.986000+00:00,2025-11-24 08:06:00+00:00,continuous,86742.4,86866.1,86700.7,86843.5,28027745.219000082
2025-11-24 08:11:59.747000+00:00,2025-11-24 08:09:00+00:00,continuous,86842.9,86848.7,86770.0,86800.0,13918292.804700026
2025-11-24 08:14:59.266000+00:00,2025-11-24 08:12:00+00:00,continuous,86800.0,86944.0,86800.0,86884.4,19552811.226099975
2025-11-24 08:17:59.637000+00:00,2025-11-24 08:15:00+00:00,continuous,86884.3,86994.0,86853.8,86931.6,12428783.824399998
2025-11-24 08:20:59.779000+00:00,2025-11-24 08:18:00+00:00,continuous,86931.7,86960.9,86755.0,86892.8,18382251.35119999
2025-11-24 08:23:59.504000+00:00,2025-11-24 08:21:00+00:00,continuous,86892.8,86892.8,86755.1,86877.6,14136763.049799997
2025-11-24 08:26:59.362000+00:00,2025-11-24 08:24:00+00:00,continuous,86877.6,86908.4,86772.9,86826.1,10954855.368499985
2025-11-24 08:29:59.880000+00:00,2025-11-24 08:27:00+00:00,continuous,86826.1,86878.0,86768.0,86781.1,8834189.479000006
2025-11-24 08:32:59.319000+00:00,2025-11-24 08:30:00+00:00,continuous,86781.1,86865.1,86706.4,86828.7,17127445.309900045
2025-11-24 08:35:59.667000+00:00,2025-11-24 08:33:00+00:00,continuous,86828.6,86828.6,86674.9,86719.6,22554124.69139991
2025-11-24 08:38:59.833000+00:00,2025-11-24 08:36:00+00:00,continuous,86719.6,86773.8,86719.6,86724.1,8431042.651500002
2025-11-24 08:41:59.876000+00:00,2025-11-24 08:39:00+00:00,continuous,86724.1,86792.9,86708.4,86781.8,15257176.631200012
2025-11-24 08:44:59.584000+00:00,2025-11-24 08:42:00+00:00,continuous,86781.8,86816.9,86764.4,86799.6,11670319.814500002
2025-11-24 08:47:59.865000+00:00,2025-11-24 08:45:00+00:00,continuous,86799.5,86803.4,86674.4,86782.5,18920036.370799974
2025-11-24 08:50:58.679000+00:00,2025-11-24 08:48:00+00:00,continuous,86782.5,86782.5,86699.0,86714.2,11998603.27019999
2025-11-24 08:53:59.634000+00:00,2025-11-24 08:51:00+00:00,continuous,86714.2,86749.9,86705.2,86722.4,13840027.92169998
2025-11-24 08:56:59.599000+00:00,2025-11-24 08:54:00+00:00,continuous,86722.4,86933.5,86722.3,86916.6,17365149.21269996
2025-11-24 08:59:59.033000+00:00,2025-11-24 08:57:00+00:00,continuous,86916.7,86992.0,86888.0,86916.5,17585006.868999973
2025-11-24 09:02:59.899000+00:00,2025-11-24 09:00:00+00:00,continuous,86916.4,86916.4,86725.3,86837.9,15907832.570799999
2025-11-24 09:05:58.677000+00:00,2025-11-24 09:03:00+00:00,continuous,86838.0,86898.0,86765.5,86788.0,10570867.164200032
2025-11-24 09:08:59.857000+00:00,2025-11-24 09:06:00+00:00,continuous,86788.0,86793.8,86657.3,86667.4,23919254.4855
2025-11-24 09:11:59.700000+00:00,2025-11-24 09:09:00+00:00,continuous,86667.3,86667.4,86500.0,86600.0,78483603.06610006
2025-11-24 09:14:59.976000+00:00,2025-11-24 09:12:00+00:00,continuous,86599.9,86599.9,86557.4,86571.6,14591622.072599987
2025-11-24 09:17:59.973000+00:00,2025-11-24 09:15:00+00:00,continuous,86571.6,86585.6,86256.0,86296.9,99179227.46140033
2025-11-24 09:20:59.990000+00:00,2025-11-24 09:18:00+00:00,continuous,86296.9,86365.3,86051.8,86096.6,77217637.94110006
2025-11-24 09:23:59.833000+00:00,2025-11-24 09:21:00+00:00,continuous,86096.7,86096.7,85905.4,85957.1,108213392.39999996
2025-11-24 09:26:59.975000+00:00,2025-11-24 09:24:00+00:00,continuous,85957.0,86045.0,85836.0,85867.4,69098704.15559971
2025-11-24 09:29:59.894000+00:00,2025-11-24 09:27:00+00:00,continuous,85867.4,85970.1,85809.2,85907.4,53170343.865700096
2025-11-24 09:32:59.901000+00:00,2025-11-24 09:30:00+00:00,continuous,85907.3,85974.9,85785.4,85913.8,64023542.521799885
2025-11-24 09:35:59.924000+00:00,2025-11-24 09:33:00+00:00,continuous,85913.7,85928.5,85828.7,85915.9,26459953.220699847
2025-11-24 09:38:59.889000+00:00,2025-11-24 09:36:00+00:00,continuous,85916.0,86162.1,85915.9,86103.9,51428311.43429998
2025-11-24 09:41:59.948000+00:00,2025-11-24 09:39:00+00:00,continuous,86103.9,86103.9,85760.0,85789.0,58931345.67959982
2025-11-24 09:44:59.983000+00:00,2025-11-24 09:42:00+00:00,continuous,85788.9,86007.0,85788.9,85964.2,53228604.57970015
2025-11-24 09:47:59.976000+00:00,2025-11-24 09:45:00+00:00,continuous,85964.2,86083.9,85934.6,85982.5,26096223.28799997
2025-11-24 09:50:59.700000+00:00,2025-11-24 09:48:00+00:00,continuous,85982.5,86055.3,85940.1,85964.5,16839815.766099967
2025-11-24 09:53:59.977000+00:00,2025-11-24 09:51:00+00:00,continuous,85964.4,86081.2,85947.0,86026.6,16114208.58529998
2025-11-24 09:56:59.817000+00:00,2025-11-24 09:54:00+00:00,continuous,86026.6,86060.8,85950.0,86011.4,18485711.814900007
2025-11-24 09:59:59.981000+00:00,2025-11-24 09:57:00+00:00,continuous,86011.2,86011.2,85911.0,85913.7,13170286.179000005
2025-11-24 10:02:59.629000+00:00,2025-11-24 10:00:00+00:00,continuous,85913.8,86027.8,85848.0,86018.4,24727898.064300038
2025-11-24 10:05:59.737000+00:00,2025-11-24 10:03:00+00:00,continuous,86018.4,86164.7,86018.4,86096.7,47814215.381199904
2025-11-24 10:08:59.885000+00:00,2025-11-24 10:06:00+00:00,continuous,86096.6,86103.3,85907.8,86003.6,33077578.774499975
2025-11-24 10:11:59.355000+00:00,2025-11-24 10:09:00+00:00,continuous,86003.6,86023.2,85945.5,85961.1,17687872.338699996
2025-11-24 10:14:59.594000+00:00,2025-11-24 10:12:00+00:00,continuous,85961.0,85973.0,85849.9,85866.3,21970112.4096
2025-11-24 10:17:59.690000+00:00,2025-11-24 10:15:00+00:00,continuous,85866.3,85937.9,85829.6,85879.7,32671514.1415
2025-11-24 10:20:59.754000+00:00,2025-11-24 10:18:00+00:00,continuous,85879.6,85974.6,85828.1,85958.4,29671309.480500046
2025-11-24 10:23:59.813000+00:00,2025-11-24 10:21:00+00:00,continuous,85958.5,85997.9,85862.1,85883.6,18671295.218400024
2025-11-24 10:26:59.838000+00:00,2025-11-24 10:24:00+00:00,continuous,85883.6,85902.0,85703.5,85805.0,91107996.63810012
2025-11-24 10:29:59.579000+00:00,2025-11-24 10:27:00+00:00,continuous,85804.9,85823.7,85741.2,85784.7,27579385.450999964
2025-11-24 10:32:59.941000+00:00,2025-11-24 10:30:00+00:00,continuous,85784.8,85825.2,85654.1,85824.5,46120849.11239986
2025-11-24 10:35:59.986000+00:00,2025-11-24 10:33:00+00:00,continuous,85824.6,85824.6,85662.5,85691.6,43572946.330300294
2025-11-24 10:38:59.724000+00:00,2025-11-24 10:36:00+00:00,continuous,85690.8,85867.0,85690.8,85856.3,24530577.16850002
2025-11-24 10:41:59.799000+00:00,2025-11-24 10:39:00+00:00,continuous,85856.3,85911.2,85837.4,85873.3,22597497.81539996
2025-11-24 10:44:59.029000+00:00,2025-11-24 10:42:00+00:00,continuous,85873.2,86019.8,85873.2,85902.6,30288908.803200077
2025-11-24 10:47:59.807000+00:00,2025-11-24 10:45:00+00:00,continuous,85902.6,85983.2,85879.6,85929.4,17102955.29159998
2025-11-24 10:50:59.931000+00:00,2025-11-24 10:48:00+00:00,continuous,85929.4,86036.0,85929.4,86004.5,18246568.962299958
2025-11-24 10:53:59.755000+00:00,2025-11-24 10:51:00+00:00,continuous,86004.4,86044.8,85943.0,85943.0,10510925.998100001
2025-11-24 10:56:59.731000+00:00,2025-11-24 10:54:00+00:00,continuous,85943.0,86041.9,85902.5,86004.1,10833123.790199993
2025-11-24 10:59:59.251000+00:00,2025-11-24 10:57:00+00:00,continuous,86004.1,86080.0,86004.1,86017.1,15304614.188900013
2025-11-24 11:02:59.970000+00:00,2025-11-24 11:00:00+00:00,continuous,86017.1,86088.6,86006.2,86088.5,12950508.05649999
2025-11-24 11:05:59.901000+00:00,2025-11-24 11:03:00+00:00,continuous,86088.6,86186.3,85993.9,85993.9,27570961.428299997
2025-11-24 11:08:59.905000+00:00,2025-11-24 11:06:00+00:00,continuous,85993.9,86034.1,85796.2,85854.1,31794311.510800026
2025-11-24 11:11:59.028000+00:00,2025-11-24 11:09:00+00:00,continuous,85854.1,86000.0,85854.1,85966.3,12530524.472099993
2025-11-24 11:14:59.635000+00:00,2025-11-24 11:12:00+00:00,continuous,85966.4,86083.6,85960.8,86059.4,10824227.742899988
2025-11-24 11:17:59.612000+00:00,2025-11-24 11:15:00+00:00,continuous,86059.3,86123.3,86009.1,86100.9,14801569.429100009
2025-11-24 11:20:59.925000+00:00,2025-11-24 11:18:00+00:00,continuous,86101.0,86166.0,86089.0,86100.0,14656840.863199998
2025-11-24 11:23:59.542000+00:00,2025-11-24 11:21:00+00:00,continuous,86100.1,86100.1,85997.0,86020.0,14380939.809400002
2025-11-24 11:26:57.915000+00:00,2025-11-24 11:24:00+00:00,continuous,86020.0,86062.2,85952.1,86015.2,7977204.210700004
2025-11-24 11:29:59.573000+00:00,2025-11-24 11:27:00+00:00,continuous,86015.3,86047.0,85975.6,86047.0,7813321.115800011
2025-11-24 11:32:59.819000+00:00,2025-11-24 11:30:00+00:00,continuous,86047.0,86171.8,86046.9,86127.6,14213258.618300019
2025-11-24 11:35:59.408000+00:00,2025-11-24 11:33:00+00:00,continuous,86127.7,86154.9,86088.9,86112.9,7735789.723799999
2025-11-24 11:38:59.883000+00:00,2025-11-24 11:36:00+00:00,continuous,86112.9,86380.0,86112.8,86226.0,61838471.60100006
2025-11-24 11:41:59.935000+00:00,2025-11-24 11:39:00+00:00,continuous,86226.2,86254.9,86164.3,86181.3,12793654.691900013
2025-11-24 11:44:59.805000+00:00,2025-11-24 11:42:00+00:00,continuous,86181.2,86374.4,86170.0,86366.5,25855734.746899992
2025-11-24 11:47:59.960000+00:00,2025-11-24 11:45:00+00:00,continuous,86366.4,86409.3,86286.7,86312.0,26052617.13239996
2025-11-24 11:50:59.615000+00:00,2025-11-24 11:48:00+00:00,continuous,86312.0,86378.5,86283.6,86378.5,10977606.265399981
2025-11-24 11:53:59.882000+00:00,2025-11-24 11:51:00+00:00,continuous,86378.5,86378.5,86263.5,86268.9,15644876.56190002
2025-11-24 11:56:59.997000+00:00,2025-11-24 11:54:00+00:00,continuous,86268.8,86300.0,86218.8,86274.3,16582375.497400012
2025-11-24 11:59:59.891000+00:00,2025-11-24 11:57:00+00:00,continuous,86274.2,86274.2,86211.2,86232.5,13964267.06259997
2025-11-24 12:02:59.392000+00:00,2025-11-24 12:00:00+00:00,continuous,86232.5,86232.5,86140.0,86163.3,20858417.64879995
2025-11-24 12:05:59.950000+00:00,2025-11-24 12:03:00+00:00,continuous,86163.3,86218.0,86076.5,86217.9,27813724.27269994
2025-11-24 12:08:59.969000+00:00,2025-11-24 12:06:00+00:00,continuous,86218.0,86218.0,86027.2,86027.2,25389996.47800003
2025-11-24 12:11:59.770000+00:00,2025-11-24 12:09:00+00:00,continuous,86027.1,86033.9,85925.9,85952.2,36117491.436800085
2025-11-24 12:14:59.995000+00:00,2025-11-24 12:12:00+00:00,continuous,85952.3,85993.8,85925.8,85993.5,16991174.438199963
2025-11-24 12:17:59.914000+00:00,2025-11-24 12:15:00+00:00,continuous,85993.5,86064.3,85918.1,86034.5,22915741.689699985
2025-11-24 12:20:59.871000+00:00,2025-11-24 12:18:00+00:00,continuous,86034.6,86046.6,85910.9,85960.0,22045887.714700002
2025-11-24 12:23:59.877000+00:00,2025-11-24 12:21:00+00:00,continuous,85960.0,85998.9,85903.1,85916.2,24302389.9691
2025-11-24 12:26:59.859000+00:00,2025-11-24 12:24:00+00:00,continuous,85916.3,86028.3,85895.8,86028.3,17818739.177399997
2025-11-24 12:29:59.736000+00:00,2025-11-24 12:27:00+00:00,continuous,86028.3,86175.6,86028.0,86175.5,31113890.836699888
2025-11-24 12:32:59.829000+00:00,2025-11-24 12:30:00+00:00,continuous,86175.5,86290.0,86149.6,86181.9,43820409.33599993
2025-11-24 12:35:59.955000+00:00,2025-11-24 12:33:00+00:00,continuous,86182.1,86220.6,86122.5,86164.5,23115465.964499976
2025-11-24 12:38:59.733000+00:00,2025-11-24 12:36:00+00:00,continuous,86164.5,86196.9,86000.9,86043.4,30456715.796399962
2025-11-24 12:41:59.383000+00:00,2025-11-24 12:39:00+00:00,continuous,86043.4,86062.8,85914.0,85934.6,18692733.333299976
2025-11-24 12:44:59.943000+00:00,2025-11-24 12:42:00+00:00,continuous,85934.5,85995.0,85840.0,85911.6,46550055.742299885
2025-11-24 12:47:59.721000+00:00,2025-11-24 12:45:00+00:00,continuous,85911.7,86116.1,85911.5,85940.7,35778877.90050004
2025-11-24 12:50:59.858000+00:00,2025-11-24 12:48:00+00:00,continuous,85940.7,86050.0,85906.9,86016.1,19667315.527000017
2025-11-24 12:53:59.979000+00:00,2025-11-24 12:51:00+00:00,continuous,86016.0,86021.9,85840.8,85874.3,23420442.742499996
2025-11-24 12:56:59.678000+00:00,2025-11-24 12:54:00+00:00,continuous,85874.3,85968.8,85874.3,85926.4,16095944.1605
2025-11-24 12:59:59.283000+00:00,2025-11-24 12:57:00+00:00,continuous,85926.5,85998.0,85925.3,85967.3,10301955.410699986
2025-11-24 13:02:59.874000+00:00,2025-11-24 13:00:00+00:00,continuous,85967.2,86005.7,85919.0,85986.9,11979038.968900006
2025-11-24 13:05:58.959000+00:00,2025-11-24 13:03:00+00:00,continuous,85986.8,86057.0,85946.8,86006.8,18587252.053400014
2025-11-24 13:08:59.979000+00:00,2025-11-24 13:06:00+00:00,continuous,86006.7,86338.8,86006.7,86251.4,80377688.22379996
2025-11-24 13:11:59.948000+00:00,2025-11-24 13:09:00+00:00,continuous,86251.4,86467.7,86226.4,86315.1,91948079.0127
2025-11-24 13:14:59.952000+00:00,2025-11-24 13:12:00+00:00,continuous,86315.0,86389.8,86257.4,86303.6,38990273.71490013
2025-11-24 13:17:59.790000+00:00,2025-11-24 13:15:00+00:00,continuous,86303.6,86337.9,86146.5,86178.4,27292481.860699985
2025-11-24 13:20:59.959000+00:00,2025-11-24 13:18:00+00:00,continuous,86178.4,86291.1,86178.2,86274.8,15889912.088899989
2025-11-24 13:23:59.721000+00:00,2025-11-24 13:21:00+00:00,continuous,86274.9,86320.1,86253.1,86304.6,11801256.567799985
2025-11-24 13:26:59.966000+00:00,2025-11-24 13:24:00+00:00,continuous,86304.7,86313.3,86217.4,86288.1,11717760.752900014
2025-11-24 13:29:59.968000+00:00,2025-11-24 13:27:00+00:00,continuous,86288.2,86517.9,86250.9,86465.7,52655218.40089987
2025-11-24 13:32:59.885000+00:00,2025-11-24 13:30:00+00:00,continuous,86465.7,86468.3,86390.6,86453.4,31523987.9526999
2025-11-24 13:35:59.894000+00:00,2025-11-24 13:33:00+00:00,continuous,86453.4,86453.4,86342.2,86356.6,13393827.845199993
2025-11-24 13:38:59.640000+00:00,2025-11-24 13:36:00+00:00,continuous,86356.6,86456.0,86330.3,86454.3,11495493.875799974
2025-11-24 13:41:59.961000+00:00,2025-11-24 13:39:00+00:00,continuous,86454.2,86544.2,86422.5,86525.4,29127613.06839999
2025-11-24 13:44:59.893000+00:00,2025-11-24 13:42:00+00:00,continuous,86525.3,86525.4,86423.0,86491.7,16271095.956100006
2025-11-24 13:47:59.970000+00:00,2025-11-24 13:45:00+00:00,continuous,86491.6,86491.7,86296.8,86324.1,20313206.952099957
2025-11-24 13:50:59.984000+00:00,2025-11-24 13:48:00+00:00,continuous,86324.2,86344.4,86277.5,86286.8,19753710.743900035
2025-11-24 13:53:59.893000+00:00,2025-11-24 13:51:00+00:00,continuous,86287.0,86365.0,86211.0,86255.7,18723919.097000036
2025-11-24 13:56:59.853000+00:00,2025-11-24 13:54:00+00:00,continuous,86255.8,86287.6,86240.0,86275.9,9622171.182300018
2025-11-24 13:59:59.924000+00:00,2025-11-24 13:57:00+00:00,continuous,86276.0,86276.0,86026.6,86114.7,37449587.81210001
2025-11-24 14:02:59.952000+00:00,2025-11-24 14:00:00+00:00,continuous,86114.7,86114.7,85823.7,85898.2,97706659.16909973
2025-11-24 14:05:59.935000+00:00,2025-11-24 14:03:00+00:00,continuous,85898.1,86059.2,85870.7,86016.8,25452445.439899955
2025-11-24 14:08:59.991000+00:00,2025-11-24 14:06:00+00:00,continuous,86016.7,86034.3,85934.1,86022.3,13771666.124999987
2025-11-24 14:11:59.808000+00:00,2025-11-24 14:09:00+00:00,continuous,86022.2,86036.0,85950.0,86025.5,24060196.837399974
2025-11-24 14:14:59.609000+00:00,2025-11-24 14:12:00+00:00,continuous,86025.5,86084.3,85989.1,86023.0,10311466.706299987
2025-11-24 14:17:59.931000+00:00,2025-11-24 14:15:00+00:00,continuous,86023.0,86065.5,85939.7,86021.9,20764332.8509
2025-11-24 14:20:59.995000+00:00,2025-11-24 14:18:00+00:00,continuous,86022.0,86022.0,85956.1,85972.7,11576210.129799992
2025-11-24 14:23:59.994000+00:00,2025-11-24 14:21:00+00:00,continuous,85972.6,86035.4,85913.9,86030.0,11820150.450800007
2025-11-24 14:26:59.825000+00:00,2025-11-24 14:24:00+00:00,continuous,86030.0,86030.0,85922.2,86012.9,16241620.07729999
2025-11-24 14:29:59.868000+00:00,2025-11-24 14:27:00+00:00,continuous,86012.9,86050.0,85871.3,85894.8,42839937.80690004
2025-11-24 14:32:59.932000+00:00,2025-11-24 14:30:00+00:00,continuous,85894.8,86437.5,85875.3,86316.2,121733786.59090103
2025-11-24 14:35:59.988000+00:00,2025-11-24 14:33:00+00:00,continuous,86316.3,86634.1,86255.5,86526.0,96403916.5247999
2025-11-24 14:38:59.855000+00:00,2025-11-24 14:36:00+00:00,continuous,86526.1,86551.8,86004.5,86046.2,96983022.47189933
2025-11-24 14:41:59.730000+00:00,2025-11-24 14:39:00+00:00,continuous,86046.1,86136.5,85679.0,85937.4,164240037.75439978
2025-11-24 14:44:59.961000+00:00,2025-11-24 14:42:00+00:00,continuous,85937.5,86104.3,85347.7,85533.9,234878030.29699963
2025-11-24 14:47:59.964000+00:00,2025-11-24 14:45:00+00:00,continuous,85533.8,85755.9,85459.4,85613.0,127097993.97990043
2025-11-24 14:50:59.969000+00:00,2025-11-24 14:48:00+00:00,continuous,85613.0,85668.8,85226.4,85288.4,186410957.24050033
2025-11-24 14:53:59.984000+00:00,2025-11-24 14:51:00+00:00,continuous,85288.3,85799.0,85267.5,85798.9,118649766.29580045
2025-11-24 14:56:59.990000+00:00,2025-11-24 14:54:00+00:00,continuous,85799.0,85819.1,85578.1,85796.4,81038456.5400003
2025-11-24 14:59:59.883000+00:00,2025-11-24 14:57:00+00:00,continuous,85796.5,86128.0,85787.0,86128.0,99709029.76450063
2025-11-24 15:02:59.987000+00:00,2025-11-24 15:00:00+00:00,continuous,86127.9,86399.0,86039.7,86319.2,140158955.6768999
2025-11-24 15:05:59.951000+00:00,2025-11-24 15:03:00+00:00,continuous,86319.1,86533.3,86295.4,86363.8,174132760.92669857
2025-11-24 15:08:59.984000+00:00,2025-11-24 15:06:00+00:00,continuous,86363.9,86697.0,86340.5,86440.1,152819772.3195992
2025-11-24 15:11:59.880000+00:00,2025-11-24 15:09:00+00:00,continuous,86440.0,86700.0,86378.1,86459.1,126518301.17990044
2025-11-24 15:14:59.997000+00:00,2025-11-24 15:12:00+00:00,continuous,86459.0,86543.1,86210.4,86496.0,79084086.36629996
2025-11-24 15:17:59.987000+00:00,2025-11-24 15:15:00+00:00,continuous,86495.7,86535.0,86192.2,86210.0,87123933.75779991
2025-11-24 15:20:59.953000+00:00,2025-11-24 15:18:00+00:00,continuous,86209.9,86252.6,86025.0,86099.7,71172871.27070013
2025-11-24 15:23:59.841000+00:00,2025-11-24 15:21:00+00:00,continuous,86099.6,86327.7,86003.1,86195.2,50289497.12110011
2025-11-24 15:26:59.851000+00:00,2025-11-24 15:24:00+00:00,continuous,86195.1,86195.2,85877.3,85895.9,45987882.80220014
2025-11-24 15:29:59.954000+00:00,2025-11-24 15:27:00+00:00,continuous,85895.8,86148.4,85858.8,86039.3,31747751.950700015
2025-11-24 15:32:59.960000+00:00,2025-11-24 15:30:00+00:00,continuous,86039.4,86284.4,85927.9,86281.0,37232762.013099924
2025-11-24 15:35:59.948000+00:00,2025-11-24 15:33:00+00:00,continuous,86281.1,86498.5,86266.7,86430.5,49613262.842800245
2025-11-24 15:38:59.867000+00:00,2025-11-24 15:36:00+00:00,continuous,86430.6,86430.6,86214.5,86326.2,25614654.255199943
2025-11-24 15:41:59.583000+00:00,2025-11-24 15:39:00+00:00,continuous,86326.2,86459.6,86326.2,86417.5,15890962.950400032
2025-11-24 15:44:59.808000+00:00,2025-11-24 15:42:00+00:00,continuous,86417.5,86600.0,86396.6,86471.8,99163278.31049964
2025-11-24 15:47:59.800000+00:00,2025-11-24 15:45:00+00:00,continuous,86471.8,86626.0,86471.8,86574.7,48532157.64909994
2025-11-24 15:50:59.976000+00:00,2025-11-24 15:48:00+00:00,continuous,86574.7,86682.0,86554.1,86613.1,39265247.93340016
2025-11-24 15:53:59.870000+00:00,2025-11-24 15:51:00+00:00,continuous,86613.1,86669.9,86400.0,86411.0,57175715.507200114
2025-11-24 15:56:59.678000+00:00,2025-11-24 15:54:00+00:00,continuous,86411.1,86491.1,86304.6,86489.0,45365975.96720007
2025-11-24 15:59:59.893000+00:00,2025-11-24 15:57:00+00:00,continuous,86489.0,86586.3,86488.9,86571.0,22517144.305200033
2025-11-24 16:02:59.981000+00:00,2025-11-24 16:00:00+00:00,continuous,86571.1,87084.4,86571.0,87023.1,175750762.8285002
2025-11-24 16:05:59.832000+00:00,2025-11-24 16:03:00+00:00,continuous,87023.2,87181.5,86883.5,86921.5,159980122.98679912
2025-11-24 16:08:59.840000+00:00,2025-11-24 16:06:00+00:00,continuous,86921.5,86967.0,86755.1,86967.0,56452232.31970016
2025-11-24 16:11:59.818000+00:00,2025-11-24 16:09:00+00:00,continuous,86966.9,87066.0,86830.8,86868.8,44768488.12969992
2025-11-24 16:14:59.887000+00:00,2025-11-24 16:12:00+00:00,continuous,86868.7,86970.4,86794.5,86837.3,26567822.069199935
2025-11-24 16:17:59.864000+00:00,2025-11-24 16:15:00+00:00,continuous,86837.3,86958.6,86830.1,86896.9,37205384.75410008
2025-11-24 16:20:59.814000+00:00,2025-11-24 16:18:00+00:00,continuous,86896.8,87200.2,86880.0,87141.7,113436889.46209985
2025-11-24 16:23:59.953000+00:00,2025-11-24 16:21:00+00:00,continuous,87141.6,87195.0,87044.0,87083.5,65144689.81370006
2025-11-24 16:26:59.996000+00:00,2025-11-24 16:24:00+00:00,continuous,87083.5,87280.5,87040.2,87233.1,59883634.20620004
2025-11-24 16:29:59.929000+00:00,2025-11-24 16:27:00+00:00,continuous,87233.0,87282.0,87100.0,87185.5,33616166.04529994
2025-11-24 16:32:59.912000+00:00,2025-11-24 16:30:00+00:00,continuous,87185.5,87255.1,87000.1,87050.0,41439076.09520004
2025-11-24 16:35:59.657000+00:00,2025-11-24 16:33:00+00:00,continuous,87050.1,87208.3,87002.8,87034.8,46008646.47399997
2025-11-24 16:38:59.886000+00:00,2025-11-24 16:36:00+00:00,continuous,87034.0,87218.8,87030.0,87131.4,35142234.517699905
2025-11-24 16:41:59.472000+00:00,2025-11-24 16:39:00+00:00,continuous,87131.4,87236.5,87131.3,87170.2,21685210.00750002
2025-11-24 16:44:59.700000+00:00,2025-11-24 16:42:00+00:00,continuous,87170.2,87487.8,87146.8,87458.1,93949058.01289983
2025-11-24 16:47:59.948000+00:00,2025-11-24 16:45:00+00:00,continuous,87458.0,87678.7,87371.3,87573.1,160140539.22450033
2025-11-24 16:50:59.928000+00:00,2025-11-24 16:48:00+00:00,continuous,87573.1,87638.7,87314.5,87327.2,96036964.28339961
2025-11-24 16:53:59.973000+00:00,2025-11-24 16:51:00+00:00,continuous,87327.3,87390.0,87200.0,87270.0,40577887.86349987
2025-11-24 16:56:59.998000+00:00,2025-11-24 16:54:00+00:00,continuous,87269.5,87288.2,87136.0,87164.1,32443887.061000064
2025-11-24 16:59:59.991000+00:00,2025-11-24 16:57:00+00:00,continuous,87164.0,87200.1,87115.6,87123.2,22299506.930599984
2025-11-24 17:02:59.936000+00:00,2025-11-24 17:00:00+00:00,continuous,87123.3,87276.8,87123.3,87209.1,32777747.655999925
2025-11-24 17:05:59.911000+00:00,2025-11-24 17:03:00+00:00,continuous,87209.0,87250.0,87066.7,87071.5,34314830.707100086
2025-11-24 17:08:59.942000+00:00,2025-11-24 17:06:00+00:00,continuous,87071.4,87100.0,86997.9,87074.6,33990655.437999845
2025-11-24 17:11:59.974000+00:00,2025-11-24 17:09:00+00:00,continuous,87074.5,87074.6,86888.0,86965.6,43580296.80219995
2025-11-24 17:14:59.982000+00:00,2025-11-24 17:12:00+00:00,continuous,86965.5,87050.0,86935.2,86953.6,23706355.22960009
2025-11-24 17:17:59.979000+00:00,2025-11-24 17:15:00+00:00,continuous,86953.5,87127.1,86905.5,87078.0,27077092.175599918
2025-11-24 17:20:59.842000+00:00,2025-11-24 17:18:00+00:00,continuous,87077.9,87123.9,86975.9,87004.0,19303177.995100003
2025-11-24 17:23:59.994000+00:00,2025-11-24 17:21:00+00:00,continuous,87004.2,87264.6,86994.0,87226.3,53428256.515399866
2025-11-24 17:26:59.972000+00:00,2025-11-24 17:24:00+00:00,continuous,87226.3,87566.6,87200.0,87487.3,115250679.93890041
2025-11-24 17:29:59.924000+00:00,2025-11-24 17:27:00+00:00,continuous,87486.9,87699.1,87476.1,87671.6,72929389.40330006
2025-11-24 17:32:59.866000+00:00,2025-11-24 17:30:00+00:00,continuous,87671.6,87732.7,87580.1,87661.5,60527798.87150012
2025-11-24 17:35:59.962000+00:00,2025-11-24 17:33:00+00:00,continuous,87661.4,87899.9,87661.4,87768.8,98925363.43340002
2025-11-24 17:38:59.937000+00:00,2025-11-24 17:36:00+00:00,continuous,87768.8,87874.0,87729.2,87873.9,33635226.744700074
2025-11-24 17:41:59.949000+00:00,2025-11-24 17:39:00+00:00,continuous,87873.9,87980.0,87831.8,87878.0,89432959.67550027
2025-11-24 17:44:59.979000+00:00,2025-11-24 17:42:00+00:00,continuous,87878.0,87937.6,87841.5,87880.6,54690946.84860014
2025-11-24 17:47:59.873000+00:00,2025-11-24 17:45:00+00:00,continuous,87880.6,87976.4,87859.3,87910.0,31399401.862399943
2025-11-24 17:50:59.930000+00:00,2025-11-24 17:48:00+00:00,continuous,87910.1,87999.9,87910.1,87985.0,32381269.717500035
2025-11-24 17:53:59.976000+00:00,2025-11-24 17:51:00+00:00,continuous,87985.0,87985.1,87814.6,87949.2,48787539.94300017
2025-11-24 17:56:59.962000+00:00,2025-11-24 17:54:00+00:00,continuous,87949.9,88202.0,87915.8,88136.6,177391542.85900018
2025-11-24 17:59:59.900000+00:00,2025-11-24 17:57:00+00:00,continuous,88136.7,88402.7,88128.5,88314.9,210571671.55309984
2025-11-24 18:02:59.928000+00:00,2025-11-24 18:00:00+00:00,continuous,88315.0,88500.0,88315.0,88395.9,139621801.61169916
2025-11-24 18:05:59.961000+00:00,2025-11-24 18:03:00+00:00,continuous,88395.3,88396.0,88128.4,88357.3,148292477.9321997
2025-11-24 18:08:59.931000+00:00,2025-11-24 18:06:00+00:00,continuous,88357.4,88558.1,88302.6,88422.4,77739875.42979993
2025-11-24 18:11:59.892000+00:00,2025-11-24 18:09:00+00:00,continuous,88422.4,88445.9,88300.4,88387.1,36340696.27220001
2025-11-24 18:14:59.764000+00:00,2025-11-24 18:12:00+00:00,continuous,88387.3,88477.0,88364.9,88433.4,42929877.04029979
2025-11-24 18:17:59.927000+00:00,2025-11-24 18:15:00+00:00,continuous,88433.4,88438.0,88330.0,88406.5,30263626.142200034
2025-11-24 18:20:59.853000+00:00,2025-11-24 18:18:00+00:00,continuous,88406.5,88478.6,88369.4,88417.0,29302187.752900004
2025-11-24 18:23:59.933000+00:00,2025-11-24 18:21:00+00:00,continuous,88417.0,88445.4,88248.2,88263.1,51604966.69729982
2025-11-24 18:26:59.903000+00:00,2025-11-24 18:24:00+00:00,continuous,88263.1,88300.0,88150.0,88261.4,52916976.190399796
2025-11-24 18:29:59.652000+00:00,2025-11-24 18:27:00+00:00,continuous,88261.4,88366.3,88231.6,88313.3,28449883.633399986
2025-11-24 18:32:59.994000+00:00,2025-11-24 18:30:00+00:00,continuous,88313.3,88400.0,88136.2,88397.3,59767598.767699905
2025-11-24 18:35:59.992000+00:00,2025-11-24 18:33:00+00:00,continuous,88397.2,88426.1,88314.1,88319.7,21856298.275400013
2025-11-24 18:38:59.762000+00:00,2025-11-24 18:36:00+00:00,continuous,88319.6,88391.5,88216.5,88244.8,33516465.10420003
2025-11-24 18:41:59.857000+00:00,2025-11-24 18:39:00+00:00,continuous,88244.8,88363.0,88244.8,88318.8,29856142.501799986
2025-11-24 18:44:59.539000+00:00,2025-11-24 18:42:00+00:00,continuous,88318.9,88362.8,88305.2,88360.0,17791846.923700012
2025-11-24 18:47:59.805000+00:00,2025-11-24 18:45:00+00:00,continuous,88359.9,88440.0,88359.9,88425.0,17713296.301700003
2025-11-24 18:50:59.897000+00:00,2025-11-24 18:48:00+00:00,continuous,88424.9,88664.6,88424.2,88567.5,128973089.59110035
2025-11-24 18:53:59.945000+00:00,2025-11-24 18:51:00+00:00,continuous,88567.5,88653.6,88559.0,88599.2,39755479.456099965
2025-11-24 18:56:59.991000+00:00,2025-11-24 18:54:00+00:00,continuous,88599.3,88636.5,88556.8,88593.7,23946467.659499988
2025-11-24 18:59:59.992000+00:00,2025-11-24 18:57:00+00:00,continuous,88593.8,88669.6,88568.5,88658.9,21605119.29929997
2025-11-24 19:02:59.903000+00:00,2025-11-24 19:00:00+00:00,continuous,88658.8,88685.0,88572.0,88610.2,56602669.106499955
2025-11-24 19:05:59.733000+00:00,2025-11-24 19:03:00+00:00,continuous,88610.3,88760.3,88610.3,88749.5,50264175.10979998
2025-11-24 19:08:59.793000+00:00,2025-11-24 19:06:00+00:00,continuous,88749.5,88788.0,88703.7,88727.0,40684768.490000114
2025-11-24 19:11:59.969000+00:00,2025-11-24 19:09:00+00:00,continuous,88727.1,88727.1,88565.9,88565.9,43424279.50869994
2025-11-24 19:14:59.528000+00:00,2025-11-24 19:12:00+00:00,continuous,88565.8,88636.1,88504.8,88626.0,34878261.17439999
2025-11-24 19:17:59.841000+00:00,2025-11-24 19:15:00+00:00,continuous,88626.1,88650.2,88548.9,88598.2,14762134.819899997
2025-11-24 19:20:59.850000+00:00,2025-11-24 19:18:00+00:00,continuous,88598.3,88719.6,88598.3,88632.5,16841105.89869997
2025-11-24 19:23:59.978000+00:00,2025-11-24 19:21:00+00:00,continuous,88632.6,88648.7,88520.0,88587.0,17386040.246499963
2025-11-24 19:26:59.782000+00:00,2025-11-24 19:24:00+00:00,continuous,88587.0,88587.0,88477.9,88501.7,21482028.741299994
2025-11-24 19:29:59.931000+00:00,2025-11-24 19:27:00+00:00,continuous,88501.8,88598.1,88459.1,88580.5,20875584.3774
2025-11-24 19:32:59.775000+00:00,2025-11-24 19:30:00+00:00,continuous,88580.5,88638.3,88572.2,88597.1,25691494.695700098
2025-11-24 19:35:59.920000+00:00,2025-11-24 19:33:00+00:00,continuous,88597.1,88688.0,88585.9,88621.1,38334494.35429993
2025-11-24 19:38:59.751000+00:00,2025-11-24 19:36:00+00:00,continuous,88621.2,88765.8,88592.5,88735.3,38445031.561800025
2025-11-24 19:41:59.724000+00:00,2025-11-24 19:39:00+00:00,continuous,88735.3,88735.3,88581.5,88581.5,27577820.18939998
2025-11-24 19:44:59.881000+00:00,2025-11-24 19:42:00+00:00,continuous,88581.5,88581.5,88291.8,88387.0,110572075.95199995
2025-11-24 19:47:59.959000+00:00,2025-11-24 19:45:00+00:00,continuous,88387.1,88419.0,88330.0,88341.8,46956596.712100126
2025-11-24 19:50:59.987000+00:00,2025-11-24 19:48:00+00:00,continuous,88341.7,88346.2,88216.7,88313.1,50079332.85380014
2025-11-24 19:53:59.616000+00:00,2025-11-24 19:51:00+00:00,continuous,88313.1,88369.1,88251.7,88273.4,27262929.107700028
2025-11-24 19:56:59.670000+00:00,2025-11-24 19:54:00+00:00,continuous,88273.4,88300.0,87990.7,88166.6,121137658.30609946
2025-11-24 19:59:59.937000+00:00,2025-11-24 19:57:00+00:00,continuous,88166.6,88293.3,88134.3,88277.0,27793474.38419996
2025-11-24 20:02:59.803000+00:00,2025-11-24 20:00:00+00:00,continuous,88277.1,88524.0,88277.1,88500.4,52262416.259399965
2025-11-24 20:05:59.943000+00:00,2025-11-24 20:03:00+00:00,continuous,88500.5,88519.2,88344.5,88435.1,61029134.926099956
2025-11-24 20:08:59.928000+00:00,2025-11-24 20:06:00+00:00,continuous,88435.0,88520.2,88405.2,88490.1,19002631.318099994
2025-11-24 20:11:59.917000+00:00,2025-11-24 20:09:00+00:00,continuous,88490.2,88692.3,88469.5,88673.4,35300641.702200025
2025-11-24 20:14:59.975000+00:00,2025-11-24 20:12:00+00:00,continuous,88673.4,88723.6,88548.2,88600.0,67837829.88790014
2025-11-24 20:17:59.581000+00:00,2025-11-24 20:15:00+00:00,continuous,88599.9,88667.9,88539.6,88653.5,22905442.777599983
2025-11-24 20:20:59.708000+00:00,2025-11-24 20:18:00+00:00,continuous,88653.5,88769.8,88653.4,88737.7,85540419.01780011
2025-11-24 20:23:59.695000+00:00,2025-11-24 20:21:00+00:00,continuous,88737.7,88841.8,88650.0,88717.7,98064619.5330001
2025-11-24 20:26:59.995000+00:00,2025-11-24 20:24:00+00:00,continuous,88717.7,88725.9,88550.0,88624.0,50513432.19369989
2025-11-24 20:29:59.980000+00:00,2025-11-24 20:27:00+00:00,continuous,88623.9,88853.1,88623.9,88840.9,84364315.97069983
2025-11-24 20:32:59.347000+00:00,2025-11-24 20:30:00+00:00,continuous,88841.6,88841.6,88700.4,88710.9,16601428.00309993
2025-11-24 20:35:59.768000+00:00,2025-11-24 20:33:00+00:00,continuous,88710.8,88832.3,88693.3,88798.9,30057386.921800002
2025-11-24 20:38:59.632000+00:00,2025-11-24 20:36:00+00:00,continuous,88798.9,88942.7,88748.6,88890.7,75499904.90090014
2025-11-24 20:41:59.997000+00:00,2025-11-24 20:39:00+00:00,continuous,88890.6,88926.9,88827.9,88869.0,39550993.40629996
2025-11-24 20:44:59.892000+00:00,2025-11-24 20:42:00+00:00,continuous,88868.9,88881.0,88787.1,88880.9,31325018.596299957
2025-11-24 20:47:59.799000+00:00,2025-11-24 20:45:00+00:00,continuous,88881.0,89000.0,88873.6,88973.4,49405236.92240001
2025-11-24 20:50:59.952000+00:00,2025-11-24 20:48:00+00:00,continuous,88973.4,89082.1,88937.8,89014.4,77378213.59440002
2025-11-24 20:53:59.936000+00:00,2025-11-24 20:51:00+00:00,continuous,89014.4,89100.0,88965.0,89077.2,30372673.36780007
2025-11-24 20:56:59.963000+00:00,2025-11-24 20:54:00+00:00,continuous,89077.2,89177.3,89053.0,89103.3,56982931.73229982
2025-11-24 20:59:59.749000+00:00,2025-11-24 20:57:00+00:00,continuous,89103.2,89116.3,89001.2,89018.7,35311777.9385001
2025-11-24 21:02:59.815000+00:00,2025-11-24 21:00:00+00:00,continuous,89018.6,89071.1,88861.5,88921.9,34406688.50460008
2025-11-24 21:05:59.982000+00:00,2025-11-24 21:03:00+00:00,continuous,88922.0,89062.6,88831.0,89029.8,32181496.86440001
2025-11-24 21:08:59.821000+00:00,2025-11-24 21:06:00+00:00,continuous,89029.8,89041.7,88955.3,88999.5,17176459.617399994
2025-11-24 21:11:59.864000+00:00,2025-11-24 21:09:00+00:00,continuous,88999.6,89039.8,88917.0,88967.4,17506805.27589998
2025-11-24 21:14:59.990000+00:00,2025-11-24 21:12:00+00:00,continuous,88967.5,89073.3,88959.9,88985.8,18718892.88330003
2025-11-24 21:17:59.862000+00:00,2025-11-24 21:15:00+00:00,continuous,88985.9,89010.0,88890.4,88927.7,19206556.88650001
2025-11-24 21:20:59.982000+00:00,2025-11-24 21:18:00+00:00,continuous,88927.7,88967.1,88866.8,88888.3,24234103.29459997
2025-11-24 21:23:59.992000+00:00,2025-11-24 21:21:00+00:00,continuous,88888.4,88906.5,88812.6,88878.8,26533124.435499977
2025-11-24 21:26:59.966000+00:00,2025-11-24 21:24:00+00:00,continuous,88878.8,88914.7,88830.3,88830.3,17476665.481199984
2025-11-24 21:29:59.948000+00:00,2025-11-24 21:27:00+00:00,continuous,88830.2,88900.0,88790.9,88864.1,15228666.770699995
2025-11-24 21:32:59.703000+00:00,2025-11-24 21:30:00+00:00,continuous,88864.1,89056.4,88864.1,88985.5,25718980.65320003
2025-11-24 21:35:59.905000+00:00,2025-11-24 21:33:00+00:00,continuous,88985.5,88999.0,88867.6,88898.6,11720255.38460001
2025-11-24 21:38:59.762000+00:00,2025-11-24 21:36:00+00:00,continuous,88898.6,88945.4,88819.5,88819.6,10332029.24120001
2025-11-24 21:41:59.923000+00:00,2025-11-24 21:39:00+00:00,continuous,88819.5,88902.0,88800.4,88902.0,10903949.487700004
2025-11-24 21:44:59.972000+00:00,2025-11-24 21:42:00+00:00,continuous,88902.0,88918.9,88721.5,88721.5,25919688.82630002
2025-11-24 21:47:59.760000+00:00,2025-11-24 21:45:00+00:00,continuous,88721.6,88780.8,88670.0,88731.0,37186311.17619989
2025-11-24 21:50:59.277000+00:00,2025-11-24 21:48:00+00:00,continuous,88730.9,88843.8,88685.2,88815.6,18974543.285900068
2025-11-24 21:53:58.974000+00:00,2025-11-24 21:51:00+00:00,continuous,88815.5,88819.4,88720.0,88734.3,8399155.145400016
2025-11-24 21:56:59.956000+00:00,2025-11-24 21:54:00+00:00,continuous,88734.3,88744.9,88685.3,88727.7,8789118.693899993
2025-11-24 21:59:59.515000+00:00,2025-11-24 21:57:00+00:00,continuous,88727.7,88801.2,88680.1,88713.3,18408373.40310004
2025-11-24 22:02:59.978000+00:00,2025-11-24 22:00:00+00:00,continuous,88713.3,88886.1,88704.2,88846.2,17856773.693200033
2025-11-24 22:05:59.988000+00:00,2025-11-24 22:03:00+00:00,continuous,88846.1,88884.3,88799.2,88830.1,16365679.085500032
2025-11-24 22:08:59.921000+00:00,2025-11-24 22:06:00+00:00,continuous,88830.1,89053.3,88830.1,88972.4,31592423.644900046
2025-11-24 22:11:59.902000+00:00,2025-11-24 22:09:00+00:00,continuous,88972.5,88978.0,88900.0,88954.2,11548027.729599992
2025-11-24 22:14:59.558000+00:00,2025-11-24 22:12:00+00:00,continuous,88954.2,89000.0,88954.2,88991.4,10598817.309500003
2025-11-24 22:17:59.263000+00:00,2025-11-24 22:15:00+00:00,continuous,88991.5,89003.7,88850.7,88904.7,13863424.54950003
2025-11-24 22:20:59.714000+00:00,2025-11-24 22:18:00+00:00,continuous,88904.7,88934.2,88871.1,88925.8,9050748.7646
2025-11-24 22:23:59.660000+00:00,2025-11-24 22:21:00+00:00,continuous,88925.9,88963.2,88826.2,88830.4,16257151.45190003
2025-11-24 22:26:59.890000+00:00,2025-11-24 22:24:00+00:00,continuous,88830.4,88830.5,88668.1,88681.5,59375472.45330014
2025-11-24 22:29:59.731000+00:00,2025-11-24 22:27:00+00:00,continuous,88681.6,88797.2,88681.5,88736.9,9132519.958499994
2025-11-24 22:32:59.884000+00:00,2025-11-24 22:30:00+00:00,continuous,88737.0,88811.1,88736.9,88792.6,11695293.930999985
2025-11-24 22:35:59.917000+00:00,2025-11-24 22:33:00+00:00,continuous,88792.7,88893.4,88772.4,88848.0,7032967.752200013
2025-11-24 22:38:58.845000+00:00,2025-11-24 22:36:00+00:00,continuous,88848.0,88860.0,88751.7,88815.9,8529430.794800006
2025-11-24 22:41:59.199000+00:00,2025-11-24 22:39:00+00:00,continuous,88815.9,88816.0,88751.9,88799.9,9132189.370999997
2025-11-24 22:44:59.373000+00:00,2025-11-24 22:42:00+00:00,continuous,88800.0,88806.6,88765.9,88800.5,6496697.442100002
2025-11-24 22:47:59.992000+00:00,2025-11-24 22:45:00+00:00,continuous,88800.7,88800.8,88789.5,88790.3,4007620.9128000005
2025-11-24 22:50:59.359000+00:00,2025-11-24 22:48:00+00:00,continuous,88790.3,88790.4,88681.7,88694.7,10994166.666500011
2025-11-24 22:53:59.943000+00:00,2025-11-24 22:51:00+00:00,continuous,88694.8,88696.8,88600.1,88624.9,17059444.31209998
2025-11-24 22:56:59.965000+00:00,2025-11-24 22:54:00+00:00,continuous,88624.9,88726.2,88548.6,88717.9,25611320.666599974
2025-11-24 22:59:59.674000+00:00,2025-11-24 22:57:00+00:00,continuous,88717.9,88717.9,88584.7,88584.7,17474263.140400045
2025-11-24 23:02:59.996000+00:00,2025-11-24 23:00:00+00:00,continuous,88584.7,88650.5,88548.6,88576.2,21119299.89270001
2025-11-24 23:05:59.897000+00:00,2025-11-24 23:03:00+00:00,continuous,88576.3,88596.1,88502.7,88559.4,16650636.423400015
2025-11-24 23:08:59.650000+00:00,2025-11-24 23:06:00+00:00,continuous,88559.4,88559.4,88508.2,88526.4,12945722.794700006
2025-11-24 23:11:59.470000+00:00,2025-11-24 23:09:00+00:00,continuous,88526.5,88548.1,88455.1,88545.0,27123581.716799986
2025-11-24 23:14:59.768000+00:00,2025-11-24 23:12:00+00:00,continuous,88545.0,88545.0,88470.5,88470.5,12423082.7591
2025-11-24 23:17:59.936000+00:00,2025-11-24 23:15:00+00:00,continuous,88470.5,88522.3,88456.8,88503.1,15093438.262200026
2025-11-24 23:20:59.435000+00:00,2025-11-24 23:18:00+00:00,continuous,88503.1,88559.5,88503.0,88556.8,8081653.997099992
2025-11-24 23:23:59.514000+00:00,2025-11-24 23:21:00+00:00,continuous,88556.9,88556.9,88458.4,88490.1,10365435.92880003
2025-11-24 23:26:59.997000+00:00,2025-11-24 23:24:00+00:00,continuous,88490.1,88490.1,88441.9,88479.9,10101632.914900009
2025-11-24 23:29:59.739000+00:00,2025-11-24 23:27:00+00:00,continuous,88480.0,88574.4,88480.0,88568.2,8631295.472799985
2025-11-24 23:32:59.641000+00:00,2025-11-24 23:30:00+00:00,continuous,88568.1,88568.1,88463.7,88493.4,10763072.479500022
2025-11-24 23:35:59.756000+00:00,2025-11-24 23:33:00+00:00,continuous,88493.3,88493.4,88408.2,88446.0,7696107.01839999
2025-11-24 23:38:59.991000+00:00,2025-11-24 23:36:00+00:00,continuous,88446.0,88452.1,88317.6,88326.6,36679274.49919996
2025-11-24 23:41:59.774000+00:00,2025-11-24 23:39:00+00:00,continuous,88326.7,88379.0,88255.8,88371.9,89019604.88440008
2025-11-24 23:44:59.945000+00:00,2025-11-24 23:42:00+00:00,continuous,88372.0,88388.0,88322.0,88377.9,10841332.586200014
2025-11-24 23:47:59.379000+00:00,2025-11-24 23:45:00+00:00,continuous,88377.9,88377.9,88281.2,88289.8,23262717.396100022
2025-11-24 23:50:59.643000+00:00,2025-11-24 23:48:00+00:00,continuous,88289.8,88289.9,88255.0,88271.3,27832398.556699928
2025-11-24 23:53:59.983000+00:00,2025-11-24 23:51:00+00:00,continuous,88271.2,88279.1,88205.3,88213.8,41373252.1686
2025-11-24 23:56:59.995000+00:00,2025-11-24 23:54:00+00:00,continuous,88213.7,88251.0,88205.4,88242.2,12241751.426500022
2025-11-24 23:59:59.901000+00:00,2025-11-24 23:57:00+00:00,continuous,88242.1,88277.1,88239.6,88247.1,12398951.520199997
2025-11-25 00:02:59.844000+00:00,2025-11-25 00:00:00+00:00,continuous,88247.1,88247.1,88089.3,88095.6,36187501.257999815
2025-11-25 00:05:59.908000+00:00,2025-11-25 00:03:00+00:00,continuous,88095.6,88152.8,88036.2,88083.1,25372872.509799942
2025-11-25 00:08:58.778000+00:00,2025-11-25 00:06:00+00:00,continuous,88083.0,88190.0,88083.0,88143.5,16878031.479399983
2025-11-25 00:11:59.636000+00:00,2025-11-25 00:09:00+00:00,continuous,88143.5,88143.5,88068.5,88071.0,11490525.542899983
2025-11-25 00:14:59.976000+00:00,2025-11-25 00:12:00+00:00,continuous,88071.0,88103.7,87940.3,87990.6,30649849.378699988
2025-11-25 00:17:59.998000+00:00,2025-11-25 00:15:00+00:00,continuous,87990.6,87990.7,87887.3,87912.7,30057916.40700004
2025-11-25 00:20:59.766000+00:00,2025-11-25 00:18:00+00:00,continuous,87912.2,88042.5,87880.0,88022.6,26248584.48389993
2025-11-25 00:23:59.987000+00:00,2025-11-25 00:21:00+00:00,continuous,88022.6,88031.7,87878.0,87878.0,42605599.138600044
2025-11-25 00:26:59.814000+00:00,2025-11-25 00:24:00+00:00,continuous,87878.1,87935.0,87867.2,87874.0,15093248.495999966
2025-11-25 00:29:59.972000+00:00,2025-11-25 00:27:00+00:00,continuous,87873.9,87931.1,87825.0,87846.3,27560594.12269993
2025-11-25 00:32:59.376000+00:00,2025-11-25 00:30:00+00:00,continuous,87846.3,87940.0,87828.5,87875.7,28760779.45869991
2025-11-25 00:35:59.969000+00:00,2025-11-25 00:33:00+00:00,continuous,87875.6,88120.8,87870.5,88100.0,38406938.65219997
2025-11-25 00:38:59.898000+00:00,2025-11-25 00:36:00+00:00,continuous,88100.1,88156.2,88050.0,88106.2,27019334.07309999
2025-11-25 00:41:59.789000+00:00,2025-11-25 00:39:00+00:00,continuous,88106.2,88153.2,88055.6,88150.3,22842595.747599952
2025-11-25 00:44:59.681000+00:00,2025-11-25 00:42:00+00:00,continuous,88150.2,88234.9,88133.1,88147.3,29410879.655100025
2025-11-25 00:47:59.706000+00:00,2025-11-25 00:45:00+00:00,continuous,88147.2,88208.1,88050.0,88050.0,17798324.273800008
2025-11-25 00:50:59.939000+00:00,2025-11-25 00:48:00+00:00,continuous,88050.1,88050.1,87928.9,88003.9,22150621.17590002
2025-11-25 00:53:59.710000+00:00,2025-11-25 00:51:00+00:00,continuous,88004.0,88052.7,87913.3,88004.4,19304941.54649991
2025-11-25 00:56:59.996000+00:00,2025-11-25 00:54:00+00:00,continuous,88004.3,88121.3,88004.3,88038.4,29490357.222800083
2025-11-25 00:59:59.952000+00:00,2025-11-25 00:57:00+00:00,continuous,88038.0,88083.8,88011.1,88057.9,8591138.956999991
2025-11-25 01:02:59.426000+00:00,2025-11-25 01:00:00+00:00,continuous,88058.0,88082.4,87862.4,87911.9,23749458.397099968
2025-11-25 01:05:59.711000+00:00,2025-11-25 01:03:00+00:00,continuous,87911.9,88050.0,87911.9,87948.6,11224738.153699996
2025-11-25 01:08:59.850000+00:00,2025-11-25 01:06:00+00:00,continuous,87948.6,87993.9,87856.4,87983.1,14310243.354599997
2025-11-25 01:11:59.944000+00:00,2025-11-25 01:09:00+00:00,continuous,87983.2,88068.0,87970.2,88063.2,14160981.662899991
2025-11-25 01:14:59.389000+00:00,2025-11-25 01:12:00+00:00,continuous,88063.2,88146.9,88063.2,88089.6,16319426.850900013
2025-11-25 01:17:59.823000+00:00,2025-11-25 01:15:00+00:00,continuous,88089.5,88123.3,88000.2,88000.3,12799766.77659998
2025-11-25 01:20:59.856000+00:00,2025-11-25 01:18:00+00:00,continuous,88000.2,88014.6,87880.9,87975.0,18275323.67950003
2025-11-25 01:23:59.484000+00:00,2025-11-25 01:21:00+00:00,continuous,87975.1,88090.0,87971.5,88039.4,11083597.601899995
2025-11-25 01:26:59.134000+00:00,2025-11-25 01:24:00+00:00,continuous,88039.4,88172.6,87952.0,88103.4,67581770.88869995
2025-11-25 01:29:59.689000+00:00,2025-11-25 01:27:00+00:00,continuous,88103.3,88160.5,87969.9,88006.7,20153789.790500022
2025-11-25 01:32:59.674000+00:00,2025-11-25 01:30:00+00:00,continuous,88006.6,88014.8,87923.1,87965.8,14768047.524599982
2025-11-25 01:35:59.705000+00:00,2025-11-25 01:33:00+00:00,continuous,87965.8,88023.6,87952.3,87969.2,6627767.356299997
2025-11-25 01:38:59.872000+00:00,2025-11-25 01:36:00+00:00,continuous,87969.2,88052.8,87955.9,88011.7,9452732.4873
2025-11-25 01:41:59.503000+00:00,2025-11-25 01:39:00+00:00,continuous,88011.8,88011.8,87868.0,87934.7,26348132.592999946
2025-11-25 01:44:59.840000+00:00,2025-11-25 01:42:00+00:00,continuous,87934.7,87954.6,87883.7,87933.4,10875233.806900017
2025-11-25 01:47:59.832000+00:00,2025-11-25 01:45:00+00:00,continuous,87933.5,87933.5,87880.1,87880.2,8155879.778100013
2025-11-25 01:50:59.977000+00:00,2025-11-25 01:48:00+00:00,continuous,87880.2,87880.2,87720.0,87762.6,56467947.27629983
2025-11-25 01:53:59.993000+00:00,2025-11-25 01:51:00+00:00,continuous,87762.5,87804.2,87700.0,87804.2,39824884.796200015
2025-11-25 01:56:59.298000+00:00,2025-11-25 01:54:00+00:00,continuous,87804.4,87810.9,87716.1,87739.5,16902297.85079996
2025-11-25 01:59:59.062000+00:00,2025-11-25 01:57:00+00:00,continuous,87739.5,87763.9,87666.0,87687.5,24165987.82870002
2025-11-25 02:02:59.973000+00:00,2025-11-25 02:00:00+00:00,continuous,87687.6,87900.0,87539.8,87870.4,80552443.8781002
2025-11-25 02:05:59.960000+00:00,2025-11-25 02:03:00+00:00,continuous,87870.4,87886.8,87761.3,87761.3,29694693.321100097
2025-11-25 02:08:59.998000+00:00,2025-11-25 02:06:00+00:00,continuous,87761.2,87784.6,87688.9,87767.2,17859113.679999996
2025-11-25 02:11:59.254000+00:00,2025-11-25 02:09:00+00:00,continuous,87767.3,87844.3,87728.9,87822.7,13515531.485200003
2025-11-25 02:14:59.552000+00:00,2025-11-25 02:12:00+00:00,continuous,87822.8,87859.0,87741.0,87751.3,12833301.044199996
2025-11-25 02:17:59.117000+00:00,2025-11-25 02:15:00+00:00,continuous,87751.3,87842.2,87739.2,87806.0,13311115.877599992
2025-11-25 02:20:59.867000+00:00,2025-11-25 02:18:00+00:00,continuous,87806.0,87847.0,87760.0,87840.8,11765579.191100013
2025-11-25 02:23:59.554000+00:00,2025-11-25 02:21:00+00:00,continuous,87840.8,87840.8,87706.4,87706.8,15495447.408800004
2025-11-25 02:26:59.990000+00:00,2025-11-25 02:24:00+00:00,continuous,87706.4,87706.5,87566.0,87579.0,24659906.71850003
2025-11-25 02:29:59.813000+00:00,2025-11-25 02:27:00+00:00,continuous,87579.1,87620.0,87558.4,87585.4,13630992.947299978
2025-11-25 02:32:59.709000+00:00,2025-11-25 02:30:00+00:00,continuous,87585.3,87603.1,87378.8,87444.1,69783957.20670009
2025-11-25 02:35:59.894000+00:00,2025-11-25 02:33:00+00:00,continuous,87444.0,87528.6,87432.1,87432.2,25225008.248500068
2025-11-25 02:38:59.809000+00:00,2025-11-25 02:36:00+00:00,continuous,87432.2,87543.0,87432.1,87496.9,23241063.8002
2025-11-25 02:41:58.952000+00:00,2025-11-25 02:39:00+00:00,continuous,87496.9,87571.6,87470.0,87516.9,12918361.774299994
2025-11-25 02:44:59.892000+00:00,2025-11-25 02:42:00+00:00,continuous,87516.8,87654.0,87502.0,87609.6,14983698.39059999
2025-11-25 02:47:59.672000+00:00,2025-11-25 02:45:00+00:00,continuous,87609.6,87688.1,87609.6,87675.2,12530866.290099975
2025-11-25 02:50:59.522000+00:00,2025-11-25 02:48:00+00:00,continuous,87675.2,87826.2,87673.4,87793.7,24975522.857699987
2025-11-25 02:53:59.869000+00:00,2025-11-25 02:51:00+00:00,continuous,87793.7,87805.0,87711.0,87725.7,14960472.946799995
2025-11-25 02:56:59.046000+00:00,2025-11-25 02:54:00+00:00,continuous,87725.6,87829.6,87722.0,87816.1,7185128.8737999955
2025-11-25 02:59:59.998000+00:00,2025-11-25 02:57:00+00:00,continuous,87816.2,87869.9,87800.0,87864.4,16475193.103100017
2025-11-25 03:02:59.731000+00:00,2025-11-25 03:00:00+00:00,continuous,87864.3,87869.9,87743.3,87744.1,17264366.6834
2025-11-25 03:05:59.134000+00:00,2025-11-25 03:03:00+00:00,continuous,87744.0,87840.7,87743.9,87826.4,10822930.668900019
2025-11-25 03:08:59.883000+00:00,2025-11-25 03:06:00+00:00,continuous,87826.3,88014.2,87826.3,87851.0,68704398.76310013
2025-11-25 03:11:59.814000+00:00,2025-11-25 03:09:00+00:00,continuous,87851.0,87894.1,87760.3,87801.5,17374581.986899983
2025-11-25 03:14:59.908000+00:00,2025-11-25 03:12:00+00:00,continuous,87801.5,87824.0,87740.3,87765.9,7825879.522599999
2025-11-25 03:17:59.540000+00:00,2025-11-25 03:15:00+00:00,continuous,87765.9,87790.7,87706.3,87782.7,8787990.9422
2025-11-25 03:20:59.799000+00:00,2025-11-25 03:18:00+00:00,continuous,87782.8,87808.8,87716.2,87778.0,7051626.581100006
2025-11-25 03:23:59.702000+00:00,2025-11-25 03:21:00+00:00,continuous,87777.9,87915.7,87766.7,87914.5,16034460.036899993
2025-11-25 03:26:59.960000+00:00,2025-11-25 03:24:00+00:00,continuous,87914.4,87943.4,87798.3,87831.0,19684908.242200047
2025-11-25 03:29:59.740000+00:00,2025-11-25 03:27:00+00:00,continuous,87831.5,87902.5,87831.5,87898.5,8123030.334300006
2025-11-25 03:32:59.455000+00:00,2025-11-25 03:30:00+00:00,continuous,87898.5,87898.5,87762.0,87762.1,6983505.141300007
2025-11-25 03:35:59.608000+00:00,2025-11-25 03:33:00+00:00,continuous,87762.0,87769.6,87622.7,87654.5,25736945.957400005
2025-11-25 03:38:59.925000+00:00,2025-11-25 03:36:00+00:00,continuous,87654.5,87672.5,87591.3,87632.8,17597655.530799974
2025-11-25 03:41:59.677000+00:00,2025-11-25 03:39:00+00:00,continuous,87632.8,87632.9,87543.2,87593.9,17826923.584899984
2025-11-25 03:44:59.920000+00:00,2025-11-25 03:42:00+00:00,continuous,87593.9,87637.2,87582.6,87631.1,12160000.594600013
2025-11-25 03:47:59.798000+00:00,2025-11-25 03:45:00+00:00,continuous,87631.1,87639.9,87596.0,87596.1,13982492.661999965
2025-11-25 03:50:59.936000+00:00,2025-11-25 03:48:00+00:00,continuous,87596.1,87630.0,87570.8,87600.0,11927881.964599993
2025-11-25 03:53:59.646000+00:00,2025-11-25 03:51:00+00:00,continuous,87599.9,87647.8,87500.0,87647.4,36866887.95390001
2025-11-25 03:56:59.987000+00:00,2025-11-25 03:54:00+00:00,continuous,87647.4,87785.8,87641.8,87718.9,13037536.777799986
2025-11-25 03:59:59.986000+00:00,2025-11-25 03:57:00+00:00,continuous,87718.9,87790.5,87697.6,87775.1,9281708.181299996
2025-11-25 04:02:59.362000+00:00,2025-11-25 04:00:00+00:00,continuous,87775.0,87831.0,87739.6,87824.5,10703070.748400023
2025-11-25 04:05:59.626000+00:00,2025-11-25 04:03:00+00:00,continuous,87824.6,87940.0,87800.0,87904.8,19888597.132199995
2025-11-25 04:08:59.955000+00:00,2025-11-25 04:06:00+00:00,continuous,87904.8,87959.6,87895.4,87944.8,12221990.654000003
2025-11-25 04:11:59.933000+00:00,2025-11-25 04:09:00+00:00,continuous,87944.7,87996.0,87916.2,87916.3,27095251.157800008
2025-11-25 04:14:59.932000+00:00,2025-11-25 04:12:00+00:00,continuous,87916.3,88099.9,87907.4,88086.3,46001659.918400005
2025-11-25 04:17:59.853000+00:00,2025-11-25 04:15:00+00:00,continuous,88086.4,88086.4,87989.9,87999.9,24134810.400899913
2025-11-25 04:20:59.956000+00:00,2025-11-25 04:18:00+00:00,continuous,88000.0,88033.7,87963.4,88024.6,12190449.983800003
2025-11-25 04:23:59.411000+00:00,2025-11-25 04:21:00+00:00,continuous,88024.5,88050.0,87900.1,87916.4,23384125.83259993
2025-11-25 04:26:59.725000+00:00,2025-11-25 04:24:00+00:00,continuous,87916.4,87986.1,87916.4,87933.3,12109317.372999977
2025-11-25 04:29:59.509000+00:00,2025-11-25 04:27:00+00:00,continuous,87933.3,88036.1,87920.0,87991.8,17968421.058200024
2025-11-25 04:32:59.890000+00:00,2025-11-25 04:30:00+00:00,continuous,87991.7,88204.4,87973.6,88203.9,70763831.7127998
2025-11-25 04:35:59.792000+00:00,2025-11-25 04:33:00+00:00,continuous,88203.8,88290.3,88163.8,88215.4,27770409.074300032
2025-11-25 04:38:59.444000+00:00,2025-11-25 04:36:00+00:00,continuous,88215.3,88257.4,88142.4,88155.8,27179815.800500005
2025-11-25 04:41:59.022000+00:00,2025-11-25 04:39:00+00:00,continuous,88155.9,88221.9,88139.1,88180.9,14672431.207900034
2025-11-25 04:44:59.898000+00:00,2025-11-25 04:42:00+00:00,continuous,88180.8,88180.9,88097.9,88116.1,11714662.905299999
2025-11-25 04:47:59.567000+00:00,2025-11-25 04:45:00+00:00,continuous,88116.0,88233.5,88095.1,88188.3,18559409.55640001
2025-11-25 04:50:59.728000+00:00,2025-11-25 04:48:00+00:00,continuous,88188.4,88223.5,88162.0,88205.7,10073087.100699997
2025-11-25 04:53:59.997000+00:00,2025-11-25 04:51:00+00:00,continuous,88205.7,88396.0,88205.5,88396.0,35668948.48550008
2025-11-25 04:56:59.429000+00:00,2025-11-25 04:54:00+00:00,continuous,88395.9,88477.6,88297.9,88324.6,47330741.916700095
2025-11-25 04:59:59.978000+00:00,2025-11-25 04:57:00+00:00,continuous,88324.6,88339.7,88292.0,88298.9,11816287.93359997
2025-11-25 05:02:59.859000+00:00,2025-11-25 05:00:00+00:00,continuous,88298.9,88299.0,88241.0,88275.3,12609419.01139998
2025-11-25 05:05:59.981000+00:00,2025-11-25 05:03:00+00:00,continuous,88275.3,88286.8,88208.8,88208.9,9984717.023999998
2025-11-25 05:08:59.756000+00:00,2025-11-25 05:06:00+00:00,continuous,88208.8,88263.3,88186.6,88229.7,11987319.087499987
2025-11-25 05:11:59.507000+00:00,2025-11-25 05:09:00+00:00,continuous,88229.7,88229.7,88156.6,88164.1,20701079.366800018
2025-11-25 05:14:59.768000+00:00,2025-11-25 05:12:00+00:00,continuous,88164.1,88187.0,88117.5,88143.9,15877746.681400007
2025-11-25 05:17:59.981000+00:00,2025-11-25 05:15:00+00:00,continuous,88144.0,88163.9,88065.5,88072.6,13032288.285000004
2025-11-25 05:20:59.945000+00:00,2025-11-25 05:18:00+00:00,continuous,88072.5,88136.5,88060.6,88064.0,8732665.539600018
2025-11-25 05:23:59.747000+00:00,2025-11-25 05:21:00+00:00,continuous,88064.1,88101.2,88043.8,88080.4,11214492.322000012
2025-11-25 05:26:59.951000+00:00,2025-11-25 05:24:00+00:00,continuous,88080.3,88080.3,87944.1,87944.4,17353940.144400027
2025-11-25 05:29:59.785000+00:00,2025-11-25 05:27:00+00:00,continuous,87944.4,87995.6,87884.1,87958.1,17967364.728100013
2025-11-25 05:32:59.855000+00:00,2025-11-25 05:30:00+00:00,continuous,87958.1,88136.1,87957.6,88105.7,12339716.392399967
2025-11-25 05:35:59.888000+00:00,2025-11-25 05:33:00+00:00,continuous,88105.6,88158.5,88100.6,88129.0,9508407.339500004
2025-11-25 05:38:59.825000+00:00,2025-11-25 05:36:00+00:00,continuous,88129.0,88157.6,88111.8,88122.9,6731138.558599999
2025-11-25 05:41:59.383000+00:00,2025-11-25 05:39:00+00:00,continuous,88123.0,88182.0,88095.7,88109.6,11458372.062000006
2025-11-25 05:44:59.928000+00:00,2025-11-25 05:42:00+00:00,continuous,88109.6,88167.5,88109.5,88166.1,6252314.788699997
2025-11-25 05:47:59.588000+00:00,2025-11-25 05:45:00+00:00,continuous,88166.1,88182.0,88098.5,88123.3,4843411.729099999
2025-11-25 05:50:59.876000+00:00,2025-11-25 05:48:00+00:00,continuous,88123.2,88168.5,88123.2,88155.6,5619780.603199997
2025-11-25 05:53:59.926000+00:00,2025-11-25 05:51:00+00:00,continuous,88155.6,88202.9,88126.1,88126.1,10131569.508599997
2025-11-25 05:56:58.622000+00:00,2025-11-25 05:54:00+00:00,continuous,88126.2,88159.1,88047.0,88063.2,8631959.38919999
2025-11-25 05:59:59.929000+00:00,2025-11-25 05:57:00+00:00,continuous,88063.2,88089.8,88031.3,88078.3,7256435.292599991
2025-11-25 06:02:59.166000+00:00,2025-11-25 06:00:00+00:00,continuous,88078.3,88078.3,87988.1,88054.1,15154672.058199987
2025-11-25 06:05:59.771000+00:00,2025-11-25 06:03:00+00:00,continuous,88054.0,88110.1,88054.0,88098.1,7396051.752000003
2025-11-25 06:08:59.975000+00:00,2025-11-25 06:06:00+00:00,continuous,88098.1,88098.1,88007.9,88085.0,8094031.781100011
2025-11-25 06:11:59.876000+00:00,2025-11-25 06:09:00+00:00,continuous,88085.0,88103.1,88065.8,88082.2,5758616.780400002
2025-11-25 06:14:59.181000+00:00,2025-11-25 06:12:00+00:00,continuous,88082.2,88082.2,88023.5,88041.0,5343522.650300002
2025-11-25 06:17:59.931000+00:00,2025-11-25 06:15:00+00:00,continuous,88041.0,88048.4,87956.3,88035.8,8116006.2500999905
2025-11-25 06:20:59.982000+00:00,2025-11-25 06:18:00+00:00,continuous,88035.8,88081.0,87992.6,88013.9,10881954.632600019
2025-11-25 06:23:59.847000+00:00,2025-11-25 06:21:00+00:00,continuous,88014.0,88027.6,87956.1,88012.1,9549374.375600018
2025-11-25 06:26:59.894000+00:00,2025-11-25 06:24:00+00:00,continuous,88012.1,88018.0,87900.0,87905.8,9942859.768900018
2025-11-25 06:29:59.971000+00:00,2025-11-25 06:27:00+00:00,continuous,87905.8,87927.1,87879.8,87899.8,10815737.129499996
2025-11-25 06:32:59.919000+00:00,2025-11-25 06:30:00+00:00,continuous,87899.9,87902.1,87829.8,87884.4,18127823.541100018
2025-11-25 06:35:59.904000+00:00,2025-11-25 06:33:00+00:00,continuous,87884.5,87932.2,87862.9,87932.2,13662097.321799977
2025-11-25 06:38:59.775000+00:00,2025-11-25 06:36:00+00:00,continuous,87932.1,87948.7,87888.1,87888.2,7713498.867699984
2025-11-25 06:41:59.746000+00:00,2025-11-25 06:39:00+00:00,continuous,87888.1,87938.1,87862.8,87938.1,8205605.399599992
2025-11-25 06:44:59.781000+00:00,2025-11-25 06:42:00+00:00,continuous,87938.0,87938.1,87784.5,87835.5,19613395.81999993
2025-11-25 06:47:59.439000+00:00,2025-11-25 06:45:00+00:00,continuous,87835.6,87903.8,87835.5,87854.7,8562273.01790001
2025-11-25 06:50:59.629000+00:00,2025-11-25 06:48:00+00:00,continuous,87854.8,87854.8,87757.8,87769.2,11956457.812399969
2025-11-25 06:53:59.848000+00:00,2025-11-25 06:51:00+00:00,continuous,87769.2,87833.7,87769.2,87827.4,12956746.604099989
2025-11-25 06:56:59.890000+00:00,2025-11-25 06:54:00+00:00,continuous,87827.5,87932.4,87827.4,87909.1,16480127.36639997
2025-11-25 06:59:59.664000+00:00,2025-11-25 06:57:00+00:00,continuous,87909.2,88024.8,87909.1,87963.8,29060961.57389996
2025-11-25 07:02:59.894000+00:00,2025-11-25 07:00:00+00:00,continuous,87963.8,87971.1,87873.0,87875.7,11128120.922199998
2025-11-25 07:05:59.477000+00:00,2025-11-25 07:03:00+00:00,continuous,87875.7,87914.0,87814.5,87815.1,7362945.382
2025-11-25 07:08:59.960000+00:00,2025-11-25 07:06:00+00:00,continuous,87815.1,87978.5,87815.1,87965.2,13248817.349299997
2025-11-25 07:11:59.893000+00:00,2025-11-25 07:09:00+00:00,continuous,87965.1,87971.6,87929.6,87966.1,12498927.005099993
2025-11-25 07:14:59.887000+00:00,2025-11-25 07:12:00+00:00,continuous,87966.1,88022.2,87966.0,87976.4,15081872.54489999
2025-11-25 07:17:59.743000+00:00,2025-11-25 07:15:00+00:00,continuous,87976.4,87976.4,87892.8,87921.1,9049624.738799993
2025-11-25 07:20:59.893000+00:00,2025-11-25 07:18:00+00:00,continuous,87921.2,87921.2,87805.0,87825.2,6461753.407900001
2025-11-25 07:23:59.967000+00:00,2025-11-25 07:21:00+00:00,continuous,87825.2,87902.7,87811.5,87824.1,6625467.392899994
2025-11-25 07:26:59.965000+00:00,2025-11-25 07:24:00+00:00,continuous,87824.0,87824.1,87687.5,87687.5,29743056.296600014
2025-11-25 07:29:59.492000+00:00,2025-11-25 07:27:00+00:00,continuous,87687.6,87719.1,87651.9,87667.0,21748164.240399968
2025-11-25 07:32:59.978000+00:00,2025-11-25 07:30:00+00:00,continuous,87667.1,87700.0,87613.6,87698.3,19456269.159700006
2025-11-25 07:35:59.486000+00:00,2025-11-25 07:33:00+00:00,continuous,87698.2,87731.0,87574.1,87606.0,37757092.44210002
2025-11-25 07:38:59.892000+00:00,2025-11-25 07:36:00+00:00,continuous,87606.0,87696.5,87594.2,87656.2,12793226.234399999
2025-11-25 07:41:59.386000+00:00,2025-11-25 07:39:00+00:00,continuous,87656.2,87752.9,87629.1,87693.7,19937893.41419998
2025-11-25 07:44:59.846000+00:00,2025-11-25 07:42:00+00:00,continuous,87693.7,87721.8,87650.0,87664.5,22663442.789799955
2025-11-25 07:47:59.846000+00:00,2025-11-25 07:45:00+00:00,continuous,87664.5,87712.1,87631.8,87636.6,10788583.367000023
2025-11-25 07:50:59.620000+00:00,2025-11-25 07:48:00+00:00,continuous,87636.6,87677.8,87558.0,87677.7,43553175.15259992
2025-11-25 07:53:59.890000+00:00,2025-11-25 07:51:00+00:00,continuous,87677.8,87707.0,87480.2,87486.6,111650795.8100999
2025-11-25 07:56:59.925000+00:00,2025-11-25 07:54:00+00:00,continuous,87486.5,87486.6,87240.0,87375.5,123774064.45229997
2025-11-25 07:59:59.954000+00:00,2025-11-25 07:57:00+00:00,continuous,87375.5,87388.1,87339.2,87362.2,23739080.801199995
2025-11-25 08:02:59.935000+00:00,2025-11-25 08:00:00+00:00,continuous,87362.1,87439.2,87321.4,87366.0,34397477.89160002
2025-11-25 08:05:59.924000+00:00,2025-11-25 08:03:00+00:00,continuous,87365.9,87425.0,87317.6,87407.2,17627910.5783
2025-11-25 08:08:59.794000+00:00,2025-11-25 08:06:00+00:00,continuous,87407.2,87442.9,87350.0,87372.1,18860396.358400006
2025-11-25 08:11:59.893000+00:00,2025-11-25 08:09:00+00:00,continuous,87372.0,87430.0,87360.0,87360.1,15636668.94460001
2025-11-25 08:14:59.855000+00:00,2025-11-25 08:12:00+00:00,continuous,87360.0,87408.5,87342.6,87378.4,26307800.235800046
2025-11-25 08:17:59.976000+00:00,2025-11-25 08:15:00+00:00,continuous,87378.4,87472.4,87378.4,87471.5,22126992.825699985
2025-11-25 08:20:59.919000+00:00,2025-11-25 08:18:00+00:00,continuous,87471.4,87560.4,87456.0,87549.2,32103068.053100042
2025-11-25 08:23:59.958000+00:00,2025-11-25 08:21:00+00:00,continuous,87549.2,87585.7,87506.9,87521.4,17206358.248200014
2025-11-25 08:26:59.617000+00:00,2025-11-25 08:24:00+00:00,continuous,87521.5,87521.5,87403.7,87456.0,15031467.99669998
2025-11-25 08:29:59.895000+00:00,2025-11-25 08:27:00+00:00,continuous,87455.9,87530.0,87450.3,87495.1,15996983.774500009
2025-11-25 08:32:59.897000+00:00,2025-11-25 08:30:00+00:00,continuous,87495.1,87520.8,87322.7,87342.9,23261247.124600008
2025-11-25 08:35:59.971000+00:00,2025-11-25 08:33:00+00:00,continuous,87342.9,87489.0,87342.9,87382.9,12890696.632500011
2025-11-25 08:38:59.898000+00:00,2025-11-25 08:36:00+00:00,continuous,87382.9,87421.5,87305.0,87325.2,12272325.754900038
2025-11-25 08:41:59.720000+00:00,2025-11-25 08:39:00+00:00,continuous,87325.2,87371.6,87310.5,87369.4,11015854.023299972
2025-11-25 08:44:59.826000+00:00,2025-11-25 08:42:00+00:00,continuous,87369.5,87384.0,87354.1,87369.7,8026431.012999994
2025-11-25 08:47:59.962000+00:00,2025-11-25 08:45:00+00:00,continuous,87369.7,87382.4,87283.4,87283.4,25426834.10090001
2025-11-25 08:50:59.971000+00:00,2025-11-25 08:48:00+00:00,continuous,87283.1,87283.1,87134.0,87242.1,62026352.5248
2025-11-25 08:53:59.978000+00:00,2025-11-25 08:51:00+00:00,continuous,87242.3,87251.0,87125.1,87139.9,43785606.46759995
2025-11-25 08:56:59.949000+00:00,2025-11-25 08:54:00+00:00,continuous,87139.8,87148.5,87016.0,87052.1,66931784.30790014
2025-11-25 08:59:59.865000+00:00,2025-11-25 08:57:00+00:00,continuous,87052.0,87062.8,86959.9,86978.6,79697509.73830023
2025-11-25 09:02:59.932000+00:00,2025-11-25 09:00:00+00:00,continuous,86978.6,86995.9,86850.0,86862.8,80892535.89359997
2025-11-25 09:05:59.958000+00:00,2025-11-25 09:03:00+00:00,continuous,86862.7,87022.2,86833.5,87022.1,48726765.75989998
2025-11-25 09:08:59.909000+00:00,2025-11-25 09:06:00+00:00,continuous,87022.1,87031.9,86945.0,86950.0,38180729.43739994
2025-11-25 09:11:59.975000+00:00,2025-11-25 09:09:00+00:00,continuous,86950.1,86991.9,86792.2,86809.1,45534724.57819997
2025-11-25 09:14:59.963000+00:00,2025-11-25 09:12:00+00:00,continuous,86809.1,86850.0,86780.1,86798.3,29991622.20210004
2025-11-25 09:17:59.992000+00:00,2025-11-25 09:15:00+00:00,continuous,86798.3,86873.9,86701.7,86775.5,58655176.17490004
2025-11-25 09:20:59.885000+00:00,2025-11-25 09:18:00+00:00,continuous,86775.5,86910.1,86775.5,86800.0,41060554.10400004
2025-11-25 09:23:59.981000+00:00,2025-11-25 09:21:00+00:00,continuous,86800.0,86867.9,86750.0,86754.6,31917968.05000003
2025-11-25 09:26:59.995000+00:00,2025-11-25 09:24:00+00:00,continuous,86754.6,86805.1,86683.1,86733.7,32993767.382399987
2025-11-25 09:29:59.659000+00:00,2025-11-25 09:27:00+00:00,continuous,86733.4,86733.4,86628.4,86651.5,38665276.98460005
2025-11-25 09:32:59.785000+00:00,2025-11-25 09:30:00+00:00,continuous,86651.5,86802.5,86651.4,86770.0,35504077.04990008
2025-11-25 09:35:59.942000+00:00,2025-11-25 09:33:00+00:00,continuous,86769.9,86842.3,86754.3,86808.9,24537792.475099985
2025-11-25 09:38:59.932000+00:00,2025-11-25 09:36:00+00:00,continuous,86808.9,86917.5,86805.1,86822.5,34925011.71490012
2025-11-25 09:41:59.895000+00:00,2025-11-25 09:39:00+00:00,continuous,86822.6,86889.8,86740.6,86889.8,35526732.49299993
2025-11-25 09:44:59.704000+00:00,2025-11-25 09:42:00+00:00,continuous,86889.8,87099.9,86889.7,87048.5,82685459.29340021
2025-11-25 09:47:59.479000+00:00,2025-11-25 09:45:00+00:00,continuous,87048.6,87048.6,86832.4,86920.6,48065902.17920007
2025-11-25 09:50:59.738000+00:00,2025-11-25 09:48:00+00:00,continuous,86920.6,87048.8,86917.0,87001.2,35134516.90109997
2025-11-25 09:53:59.175000+00:00,2025-11-25 09:51:00+00:00,continuous,87001.2,87062.9,86982.9,87017.7,25589280.734099984
2025-11-25 09:56:59.979000+00:00,2025-11-25 09:54:00+00:00,continuous,87017.8,87130.3,86989.8,87119.3,20588599.459800027
2025-11-25 09:59:59.959000+00:00,2025-11-25 09:57:00+00:00,continuous,87119.3,87218.3,87118.4,87194.3,39043157.23469995
2025-11-25 10:02:59.911000+00:00,2025-11-25 10:00:00+00:00,continuous,87194.2,87200.0,87020.1,87030.1,37811613.91319994
2025-11-25 10:05:59.848000+00:00,2025-11-25 10:03:00+00:00,continuous,87030.0,87044.1,86980.2,87022.8,22019720.286900062
2025-11-25 10:08:59.737000+00:00,2025-11-25 10:06:00+00:00,continuous,87022.9,87044.7,86996.2,87035.5,13192237.778200015
2025-11-25 10:11:59.939000+00:00,2025-11-25 10:09:00+00:00,continuous,87035.6,87136.5,87011.3,87063.3,12971765.576000025
2025-11-25 10:14:59.972000+00:00,2025-11-25 10:12:00+00:00,continuous,87063.3,87076.2,87000.9,87011.4,11488436.443299998
2025-11-25 10:17:59.590000+00:00,2025-11-25 10:15:00+00:00,continuous,87011.7,87059.4,86917.4,86917.5,16710842.322500024
2025-11-25 10:20:59.993000+00:00,2025-11-25 10:18:00+00:00,continuous,86917.4,86934.4,86904.7,86926.6,13952838.165799974
2025-11-25 10:23:59.921000+00:00,2025-11-25 10:21:00+00:00,continuous,86926.0,87107.1,86913.1,87099.2,17694111.787900038
2025-11-25 10:26:59.968000+00:00,2025-11-25 10:24:00+00:00,continuous,87099.3,87173.4,87099.3,87138.1,32350364.012099862
2025-11-25 10:29:59.903000+00:00,2025-11-25 10:27:00+00:00,continuous,87138.1,87195.1,87138.0,87178.1,12944278.900200028
2025-11-25 10:32:59.995000+00:00,2025-11-25 10:30:00+00:00,continuous,87178.2,87209.3,87106.4,87188.9,18524371.874400005
2025-11-25 10:35:59.791000+00:00,2025-11-25 10:33:00+00:00,continuous,87189.0,87288.0,87179.2,87182.1,34918055.21550002
2025-11-25 10:38:59.935000+00:00,2025-11-25 10:36:00+00:00,continuous,87182.0,87211.8,87114.7,87141.6,45944779.16900005
2025-11-25 10:41:59.941000+00:00,2025-11-25 10:39:00+00:00,continuous,87141.6,87218.1,87135.8,87194.1,14738349.532999983
2025-11-25 10:44:59.883000+00:00,2025-11-25 10:42:00+00:00,continuous,87194.0,87245.7,87178.6,87192.1,10935252.115600001
2025-11-25 10:47:59.814000+00:00,2025-11-25 10:45:00+00:00,continuous,87192.1,87220.0,87126.3,87170.9,29653986.65140011
2025-11-25 10:50:59.637000+00:00,2025-11-25 10:48:00+00:00,continuous,87170.9,87267.2,87168.2,87235.9,16494620.202300014
2025-11-25 10:53:59.928000+00:00,2025-11-25 10:51:00+00:00,continuous,87236.0,87256.1,87188.4,87243.6,8539504.188699994
2025-11-25 10:56:59.888000+00:00,2025-11-25 10:54:00+00:00,continuous,87243.5,87359.0,87243.5,87350.0,32718272.58850001
2025-11-25 10:59:59.835000+00:00,2025-11-25 10:57:00+00:00,continuous,87350.1,87384.2,87345.8,87358.6,21911112.370100066
2025-11-25 11:02:59.546000+00:00,2025-11-25 11:00:00+00:00,continuous,87358.5,87369.9,87290.1,87303.5,25001264.72359995
2025-11-25 11:05:59.323000+00:00,2025-11-25 11:03:00+00:00,continuous,87303.4,87315.9,87261.8,87273.3,12728469.154900037
2025-11-25 11:08:59.867000+00:00,2025-11-25 11:06:00+00:00,continuous,87273.3,87372.6,87269.4,87372.6,8860683.706299992
2025-11-25 11:11:59.843000+00:00,2025-11-25 11:09:00+00:00,continuous,87372.6,87420.6,87342.1,87420.5,15428687.792800013
2025-11-25 11:14:59.969000+00:00,2025-11-25 11:12:00+00:00,continuous,87420.6,87420.6,87394.1,87402.2,11473110.153799983
2025-11-25 11:17:59.955000+00:00,2025-11-25 11:15:00+00:00,continuous,87402.2,87410.7,87371.0,87371.0,12907373.5422
2025-11-25 11:20:59.900000+00:00,2025-11-25 11:18:00+00:00,continuous,87371.0,87471.9,87280.2,87291.3,20298583.774199974
2025-11-25 11:23:59.874000+00:00,2025-11-25 11:21:00+00:00,continuous,87291.4,87291.5,87257.8,87274.8,12354135.640499987
2025-11-25 11:26:59.367000+00:00,2025-11-25 11:24:00+00:00,continuous,87274.8,87367.3,87270.7,87367.1,9627294.609700006
2025-11-25 11:29:59.738000+00:00,2025-11-25 11:27:00+00:00,continuous,87367.1,87401.6,87367.0,87384.1,8615402.305499997
2025-11-25 11:32:59.383000+00:00,2025-11-25 11:30:00+00:00,continuous,87384.0,87384.1,87315.9,87322.3,8370550.711200008
2025-11-25 11:35:59.755000+00:00,2025-11-25 11:33:00+00:00,continuous,87322.3,87360.0,87314.7,87360.0,10513680.447199974
2025-11-25 11:38:59.996000+00:00,2025-11-25 11:36:00+00:00,continuous,87359.9,87460.0,87359.9,87457.4,12675196.089199992
2025-11-25 11:41:59.846000+00:00,2025-11-25 11:39:00+00:00,continuous,87457.4,87485.2,87431.1,87474.5,12495798.641900023
2025-11-25 11:44:59.497000+00:00,2025-11-25 11:42:00+00:00,continuous,87474.6,87474.6,87367.3,87392.2,20225457.321500026
2025-11-25 11:47:59.946000+00:00,2025-11-25 11:45:00+00:00,continuous,87392.1,87442.0,87364.9,87370.7,14362979.307299992
2025-11-25 11:50:59.875000+00:00,2025-11-25 11:48:00+00:00,continuous,87370.7,87472.0,87370.7,87472.0,7009717.935199997
2025-11-25 11:53:59.804000+00:00,2025-11-25 11:51:00+00:00,continuous,87472.0,87488.5,87386.6,87396.5,11035841.776100013
2025-11-25 11:56:59.900000+00:00,2025-11-25 11:54:00+00:00,continuous,87396.4,87402.8,87270.8,87333.8,17960957.245499972
2025-11-25 11:59:59.677000+00:00,2025-11-25 11:57:00+00:00,continuous,87333.6,87343.1,87310.5,87311.9,5689804.649399998
2025-11-25 12:02:59.909000+00:00,2025-11-25 12:00:00+00:00,continuous,87312.0,87450.0,87310.5,87449.9,12228559.879200004
2025-11-25 12:05:59.631000+00:00,2025-11-25 12:03:00+00:00,continuous,87450.0,87512.8,87439.0,87500.2,21349129.184300028
2025-11-25 12:08:59.980000+00:00,2025-11-25 12:06:00+00:00,continuous,87500.2,87505.0,87371.1,87372.3,18242131.395999998
2025-11-25 12:11:59.692000+00:00,2025-11-25 12:09:00+00:00,continuous,87372.2,87453.7,87356.2,87453.6,8628624.608500006
2025-11-25 12:14:59.930000+00:00,2025-11-25 12:12:00+00:00,continuous,87453.6,87668.8,87438.0,87627.8,49394037.50669994
2025-11-25 12:17:59.830000+00:00,2025-11-25 12:15:00+00:00,continuous,87627.7,87642.0,87467.5,87510.9,35743524.68729989
2025-11-25 12:20:59.991000+00:00,2025-11-25 12:18:00+00:00,continuous,87510.9,87649.2,87501.3,87628.3,20188921.574199993
2025-11-25 12:23:59.901000+00:00,2025-11-25 12:21:00+00:00,continuous,87628.4,87650.0,87567.7,87650.0,22298443.308400024
2025-11-25 12:26:59.712000+00:00,2025-11-25 12:24:00+00:00,continuous,87650.0,87673.0,87584.6,87601.0,22954294.324099954
2025-11-25 12:29:59.921000+00:00,2025-11-25 12:27:00+00:00,continuous,87600.9,87601.0,87555.0,87581.8,8300159.340899997
2025-11-25 12:32:59.876000+00:00,2025-11-25 12:30:00+00:00,continuous,87581.8,87581.8,87475.2,87484.9,14125642.395500002
2025-11-25 12:35:59.693000+00:00,2025-11-25 12:33:00+00:00,continuous,87484.9,87498.2,87381.7,87407.6,22163312.542500038
2025-11-25 12:38:59.789000+00:00,2025-11-25 12:36:00+00:00,continuous,87407.5,87430.7,87337.7,87408.8,17210510.700100012
2025-11-25 12:41:59.861000+00:00,2025-11-25 12:39:00+00:00,continuous,87408.8,87412.4,87367.9,87408.8,9883341.1397
2025-11-25 12:44:59.751000+00:00,2025-11-25 12:42:00+00:00,continuous,87408.9,87732.7,87385.1,87598.0,42187648.476899974
2025-11-25 12:47:59.978000+00:00,2025-11-25 12:45:00+00:00,continuous,87598.0,87649.3,87524.9,87549.0,26539675.544399988
2025-11-25 12:50:59.849000+00:00,2025-11-25 12:48:00+00:00,continuous,87549.1,87604.2,87412.3,87450.3,19997189.90480002
2025-11-25 12:53:59.650000+00:00,2025-11-25 12:51:00+00:00,continuous,87450.2,87497.8,87435.1,87454.3,8317272.567000002
2025-11-25 12:56:59.718000+00:00,2025-11-25 12:54:00+00:00,continuous,87454.2,87515.6,87449.4,87481.8,14554736.78029997
2025-11-25 12:59:59.985000+00:00,2025-11-25 12:57:00+00:00,continuous,87481.8,87498.9,87452.3,87470.6,7706246.035699986
2025-11-25 13:02:59.800000+00:00,2025-11-25 13:00:00+00:00,continuous,87470.5,87487.1,87371.0,87458.4,20591330.84860001
2025-11-25 13:05:59.955000+00:00,2025-11-25 13:03:00+00:00,continuous,87458.3,87513.7,87309.6,87329.8,22934505.228599932
2025-11-25 13:08:59.864000+00:00,2025-11-25 13:06:00+00:00,continuous,87329.9,87376.4,87258.1,87349.5,23732045.703399885
2025-11-25 13:11:59.991000+00:00,2025-11-25 13:09:00+00:00,continuous,87349.6,87483.7,87343.3,87401.9,11209170.3153
2025-11-25 13:14:59.961000+00:00,2025-11-25 13:12:00+00:00,continuous,87401.9,87580.5,87401.9,87549.9,15488242.10010002
2025-11-25 13:17:59.653000+00:00,2025-11-25 13:15:00+00:00,continuous,87550.0,87675.0,87520.1,87520.1,25098940.87010001
2025-11-25 13:20:59.649000+00:00,2025-11-25 13:18:00+00:00,continuous,87520.0,87604.9,87511.1,87551.9,20956454.062000044
2025-11-25 13:23:59.990000+00:00,2025-11-25 13:21:00+00:00,continuous,87551.8,87592.6,87421.8,87578.8,38465482.108399995
2025-11-25 13:26:59.892000+00:00,2025-11-25 13:24:00+00:00,continuous,87578.9,87610.6,87497.8,87542.5,17666482.01999999
2025-11-25 13:29:59.704000+00:00,2025-11-25 13:27:00+00:00,continuous,87542.5,87600.0,87542.4,87568.4,18625268.596300025
2025-11-25 13:32:59.941000+00:00,2025-11-25 13:30:00+00:00,continuous,87568.4,87647.4,87511.7,87594.0,35861291.53789998
2025-11-25 13:35:59.938000+00:00,2025-11-25 13:33:00+00:00,continuous,87594.0,87614.2,87360.1,87363.3,29323714.446900003
2025-11-25 13:38:59.802000+00:00,2025-11-25 13:36:00+00:00,continuous,87363.3,87376.9,87190.0,87260.5,73300149.77739981
2025-11-25 13:41:59.642000+00:00,2025-11-25 13:39:00+00:00,continuous,87260.6,87284.3,87000.0,87093.8,112865693.09040011
2025-11-25 13:44:59.990000+00:00,2025-11-25 13:42:00+00:00,continuous,87093.9,87108.0,86953.8,86984.9,72225244.96330008
2025-11-25 13:47:59.871000+00:00,2025-11-25 13:45:00+00:00,continuous,86984.9,87058.5,86806.2,86937.3,93475581.9438997
2025-11-25 13:50:59.994000+00:00,2025-11-25 13:48:00+00:00,continuous,86937.4,87091.5,86937.3,87030.1,45244993.38230014
2025-11-25 13:53:59.952000+00:00,2025-11-25 13:51:00+00:00,continuous,87030.0,87030.1,86825.2,86884.9,31651931.119899996
2025-11-25 13:56:59.816000+00:00,2025-11-25 13:54:00+00:00,continuous,86884.8,86975.5,86846.2,86975.4,36336867.7876999
2025-11-25 13:59:59.804000+00:00,2025-11-25 13:57:00+00:00,continuous,86975.5,87032.2,86959.1,87027.8,18584741.513299942
2025-11-25 14:02:59.893000+00:00,2025-11-25 14:00:00+00:00,continuous,87027.8,87085.4,86964.5,87063.3,34875493.19710009
2025-11-25 14:05:59.911000+00:00,2025-11-25 14:03:00+00:00,continuous,87063.3,87169.9,87057.8,87155.5,51097908.72990024
2025-11-25 14:08:59.887000+00:00,2025-11-25 14:06:00+00:00,continuous,87155.6,87261.3,86986.1,86986.1,44705955.90989991
2025-11-25 14:11:59.904000+00:00,2025-11-25 14:09:00+00:00,continuous,86986.1,86986.2,86778.0,86831.5,65390640.44449998
2025-11-25 14:14:59.799000+00:00,2025-11-25 14:12:00+00:00,continuous,86831.4,86989.5,86813.6,86951.9,29118435.84939992
2025-11-25 14:17:59.849000+00:00,2025-11-25 14:15:00+00:00,continuous,86951.9,86951.9,86873.8,86882.2,20198401.234400004
2025-11-25 14:20:59.525000+00:00,2025-11-25 14:18:00+00:00,continuous,86882.3,86925.4,86836.1,86853.6,17507540.568800032
2025-11-25 14:23:59.842000+00:00,2025-11-25 14:21:00+00:00,continuous,86853.7,86982.4,86830.0,86976.5,17012048.04680006
2025-11-25 14:26:59.889000+00:00,2025-11-25 14:24:00+00:00,continuous,86976.5,87117.6,86969.5,87117.6,36574688.62749997
2025-11-25 14:29:59.564000+00:00,2025-11-25 14:27:00+00:00,continuous,87117.5,87197.3,87065.1,87135.1,48731445.61410009
2025-11-25 14:32:59.971000+00:00,2025-11-25 14:30:00+00:00,continuous,87135.0,87135.0,86849.8,86989.2,70405398.40120003
2025-11-25 14:35:59.988000+00:00,2025-11-25 14:33:00+00:00,continuous,86989.2,87194.8,86961.2,87015.8,72971456.94040002
2025-11-25 14:38:59.778000+00:00,2025-11-25 14:36:00+00:00,continuous,87015.9,87108.2,86908.6,86980.1,31340466.544300165
2025-11-25 14:41:59.973000+00:00,2025-11-25 14:39:00+00:00,continuous,86980.2,87047.9,86821.1,86834.9,28354200.675600093
2025-11-25 14:44:59.677000+00:00,2025-11-25 14:42:00+00:00,continuous,86834.9,86896.2,86498.1,86562.1,145545960.47740048
2025-11-25 14:47:59.999000+00:00,2025-11-25 14:45:00+00:00,continuous,86562.1,86573.1,86392.3,86413.5,162803786.5921996
2025-11-25 14:50:59.908000+00:00,2025-11-25 14:48:00+00:00,continuous,86412.6,86477.6,86080.5,86083.0,240247733.8799017
2025-11-25 14:53:59.968000+00:00,2025-11-25 14:51:00+00:00,continuous,86083.0,86450.0,86061.1,86434.8,112319681.60529996
2025-11-25 14:56:59.795000+00:00,2025-11-25 14:54:00+00:00,continuous,86434.9,86522.1,86356.8,86451.9,72011876.00080037
2025-11-25 14:59:59.898000+00:00,2025-11-25 14:57:00+00:00,continuous,86451.9,86766.8,86434.7,86695.0,97264730.50449994
2025-11-25 15:02:59.964000+00:00,2025-11-25 15:00:00+00:00,continuous,86694.9,86695.0,86345.3,86361.6,70583361.4464001
2025-11-25 15:05:59.793000+00:00,2025-11-25 15:03:00+00:00,continuous,86361.7,86374.4,86150.0,86350.7,66463376.90309979
2025-11-25 15:08:59.865000+00:00,2025-11-25 15:06:00+00:00,continuous,86350.7,86572.7,86250.1,86542.6,45231299.57140025
2025-11-25 15:11:59.736000+00:00,2025-11-25 15:09:00+00:00,continuous,86542.7,86858.6,86500.0,86595.1,66523443.949400075
2025-11-25 15:14:59.995000+00:00,2025-11-25 15:12:00+00:00,continuous,86595.2,86700.1,86480.5,86543.9,40834558.63460001
2025-11-25 15:17:59.957000+00:00,2025-11-25 15:15:00+00:00,continuous,86544.0,86672.4,86425.2,86552.6,41973239.4619
2025-11-25 15:20:59.905000+00:00,2025-11-25 15:18:00+00:00,continuous,86552.6,86600.2,86340.0,86340.0,42956193.574600175
2025-11-25 15:23:59.383000+00:00,2025-11-25 15:21:00+00:00,continuous,86340.0,86506.6,86300.1,86404.5,59090473.0442
2025-11-25 15:26:59.613000+00:00,2025-11-25 15:24:00+00:00,continuous,86404.4,86611.0,86358.2,86548.4,23532300.0734
2025-11-25 15:29:59.967000+00:00,2025-11-25 15:27:00+00:00,continuous,86548.3,86722.9,86462.7,86722.8,22839311.061700042
2025-11-25 15:32:59.787000+00:00,2025-11-25 15:30:00+00:00,continuous,86722.9,86983.2,86722.1,86980.0,74551351.30849978
2025-11-25 15:35:59.949000+00:00,2025-11-25 15:33:00+00:00,continuous,86980.0,87095.5,86807.1,86807.1,56715412.44810003
2025-11-25 15:38:59.427000+00:00,2025-11-25 15:36:00+00:00,continuous,86807.0,86942.1,86782.0,86917.7,29434251.100200042
2025-11-25 15:41:59.768000+00:00,2025-11-25 15:39:00+00:00,continuous,86917.6,87017.7,86912.9,87003.3,20631310.14360006
2025-11-25 15:44:59.983000+00:00,2025-11-25 15:42:00+00:00,continuous,87003.3,87130.5,86922.4,87128.2,31836292.813799962
2025-11-25 15:47:59.963000+00:00,2025-11-25 15:45:00+00:00,continuous,87128.3,87267.8,87079.9,87113.1,64899827.78929991
2025-11-25 15:50:59.895000+00:00,2025-11-25 15:48:00+00:00,continuous,87113.1,87137.4,86887.5,86912.1,33364067.65840009
2025-11-25 15:53:59.695000+00:00,2025-11-25 15:51:00+00:00,continuous,86912.1,87038.9,86889.6,87000.9,47557904.886800125
2025-11-25 15:56:59.983000+00:00,2025-11-25 15:54:00+00:00,continuous,87000.9,87006.6,86830.1,86899.3,22662219.319499962
2025-11-25 15:59:59.596000+00:00,2025-11-25 15:57:00+00:00,continuous,86899.2,86976.4,86886.8,86946.5,26061255.322300047
2025-11-25 16:02:59.926000+00:00,2025-11-25 16:00:00+00:00,continuous,86946.6,87017.3,86874.0,86941.9,46256147.96299985
2025-11-25 16:05:59.777000+00:00,2025-11-25 16:03:00+00:00,continuous,86941.9,87050.0,86895.3,86897.9,22265056.051099934
2025-11-25 16:08:59.621000+00:00,2025-11-25 16:06:00+00:00,continuous,86897.9,86898.0,86770.1,86820.8,31743103.58369996
2025-11-25 16:11:59.714000+00:00,2025-11-25 16:09:00+00:00,continuous,86820.8,86850.6,86661.1,86836.0,33192075.902099866
2025-11-25 16:14:59.938000+00:00,2025-11-25 16:12:00+00:00,continuous,86836.1,86910.4,86794.3,86796.1,15796455.94269995
2025-11-25 16:17:59.996000+00:00,2025-11-25 16:15:00+00:00,continuous,86796.1,87021.3,86727.2,86885.3,48727031.50850006
2025-11-25 16:20:59.637000+00:00,2025-11-25 16:18:00+00:00,continuous,86885.2,87021.0,86851.0,86989.3,24107099.927599963
2025-11-25 16:23:59.962000+00:00,2025-11-25 16:21:00+00:00,continuous,86989.3,87247.5,86989.3,87167.3,90301565.2786
2025-11-25 16:26:59.774000+00:00,2025-11-25 16:24:00+00:00,continuous,87167.6,87177.6,87042.1,87071.6,26299201.83819986
2025-11-25 16:29:59.516000+00:00,2025-11-25 16:27:00+00:00,continuous,87071.6,87200.1,87068.0,87188.1,27398060.14679993
2025-11-25 16:32:59.933000+00:00,2025-11-25 16:30:00+00:00,continuous,87188.0,87255.0,87097.9,87194.6,34988436.83559999
2025-11-25 16:35:59.744000+00:00,2025-11-25 16:33:00+00:00,continuous,87194.6,87233.1,87029.7,87056.2,25489537.65220004
2025-11-25 16:38:59.988000+00:00,2025-11-25 16:36:00+00:00,continuous,87056.3,87079.9,86978.1,87017.6,14930582.91540003
2025-11-25 16:41:59.747000+00:00,2025-11-25 16:39:00+00:00,continuous,87017.5,87087.6,86995.6,87070.2,16928003.625599973
2025-11-25 16:44:59.830000+00:00,2025-11-25 16:42:00+00:00,continuous,87070.3,87158.5,87054.5,87063.2,13712094.290899964
2025-11-25 16:47:59.984000+00:00,2025-11-25 16:45:00+00:00,continuous,87063.3,87066.3,86905.0,86934.9,19323077.88219998
2025-11-25 16:50:59.968000+00:00,2025-11-25 16:48:00+00:00,continuous,86935.0,87090.5,86921.6,87086.9,12715323.130200025
2025-11-25 16:53:59.656000+00:00,2025-11-25 16:51:00+00:00,continuous,87086.9,87118.2,87024.1,87060.3,12162698.618100014
2025-11-25 16:56:59.816000+00:00,2025-11-25 16:54:00+00:00,continuous,87060.3,87064.5,86964.5,87009.4,10259296.724899992
2025-11-25 16:59:59.735000+00:00,2025-11-25 16:57:00+00:00,continuous,87009.4,87125.4,87009.3,87081.0,10012431.3124
2025-11-25 17:02:59.783000+00:00,2025-11-25 17:00:00+00:00,continuous,87080.9,87190.0,87025.0,87103.5,18573229.82289999
2025-11-25 17:05:59.978000+00:00,2025-11-25 17:03:00+00:00,continuous,87103.4,87115.2,87000.1,87115.1,11449362.9711
2025-11-25 17:08:59.759000+00:00,2025-11-25 17:06:00+00:00,continuous,87115.1,87130.1,87024.9,87025.1,16034421.957400002
2025-11-25 17:11:59.982000+00:00,2025-11-25 17:09:00+00:00,continuous,87025.1,87380.6,87025.0,87246.3,66143433.88560021
2025-11-25 17:14:59.988000+00:00,2025-11-25 17:12:00+00:00,continuous,87246.3,87494.3,87246.3,87430.6,71425977.70729983
2025-11-25 17:17:59.910000+00:00,2025-11-25 17:15:00+00:00,continuous,87430.6,87436.5,87201.1,87230.7,41551489.191500016
2025-11-25 17:20:59.620000+00:00,2025-11-25 17:18:00+00:00,continuous,87230.8,87349.6,87177.4,87314.3,22200877.9558
2025-11-25 17:23:59.659000+00:00,2025-11-25 17:21:00+00:00,continuous,87314.3,87537.3,87314.2,87475.8,51691224.00240015
2025-11-25 17:26:59.718000+00:00,2025-11-25 17:24:00+00:00,continuous,87475.7,87595.6,87457.7,87584.6,48847389.838700004
2025-11-25 17:29:59.135000+00:00,2025-11-25 17:27:00+00:00,continuous,87584.6,87587.5,87423.2,87454.4,16814573.632199973
2025-11-25 17:32:59.979000+00:00,2025-11-25 17:30:00+00:00,continuous,87454.5,87635.6,87419.3,87632.9,27207564.46270007
2025-11-25 17:35:59.980000+00:00,2025-11-25 17:33:00+00:00,continuous,87632.8,87948.5,87630.0,87867.0,127219375.4999999
2025-11-25 17:38:59.728000+00:00,2025-11-25 17:36:00+00:00,continuous,87866.9,88041.2,87852.1,87993.2,66693382.304699875
2025-11-25 17:41:59.951000+00:00,2025-11-25 17:39:00+00:00,continuous,87993.3,88115.0,87943.5,88088.9,49975140.759500004
2025-11-25 17:44:59.733000+00:00,2025-11-25 17:42:00+00:00,continuous,88088.8,88088.9,87869.4,87900.5,72315186.59770006
2025-11-25 17:47:59.905000+00:00,2025-11-25 17:45:00+00:00,continuous,87900.5,87928.9,87711.3,87768.9,42874673.58720005
2025-11-25 17:50:59.770000+00:00,2025-11-25 17:48:00+00:00,continuous,87768.8,87868.0,87675.0,87846.6,24435148.318599954
2025-11-25 17:53:59.551000+00:00,2025-11-25 17:51:00+00:00,continuous,87846.6,87935.5,87804.9,87809.1,22532487.162200045
2025-11-25 17:56:59.806000+00:00,2025-11-25 17:54:00+00:00,continuous,87809.2,87809.2,87688.3,87730.0,20950364.32000003
2025-11-25 17:59:59.671000+00:00,2025-11-25 17:57:00+00:00,continuous,87729.9,87742.1,87560.3,87581.1,25138687.64940002
2025-11-25 18:02:59.873000+00:00,2025-11-25 18:00:00+00:00,continuous,87581.1,87636.9,87548.5,87560.0,21606286.326900028
2025-11-25 18:05:59.868000+00:00,2025-11-25 18:03:00+00:00,continuous,87559.9,87698.0,87480.0,87675.2,50493764.15110008
2025-11-25 18:08:59.659000+00:00,2025-11-25 18:06:00+00:00,continuous,87675.2,87727.2,87645.9,87682.9,25383585.19629999
2025-11-25 18:11:59.902000+00:00,2025-11-25 18:09:00+00:00,continuous,87682.8,87755.0,87609.8,87635.1,16273170.116900014
2025-11-25 18:14:59.920000+00:00,2025-11-25 18:12:00+00:00,continuous,87635.2,87698.3,87579.3,87583.8,7230747.618900006
2025-11-25 18:17:59.111000+00:00,2025-11-25 18:15:00+00:00,continuous,87583.9,87695.7,87551.6,87614.9,15123781.825200008
2025-11-25 18:20:59.048000+00:00,2025-11-25 18:18:00+00:00,continuous,87614.9,87720.6,87582.6,87720.6,8777832.642000005
2025-11-25 18:23:59.781000+00:00,2025-11-25 18:21:00+00:00,continuous,87720.6,87796.2,87692.4,87791.1,16767115.404199967
2025-11-25 18:26:59.843000+00:00,2025-11-25 18:24:00+00:00,continuous,87791.1,87791.1,87517.2,87581.4,16973139.529700015
2025-11-25 18:29:59.577000+00:00,2025-11-25 18:27:00+00:00,continuous,87581.4,87618.0,87553.6,87606.5,10843216.585799992
2025-11-25 18:32:59.780000+00:00,2025-11-25 18:30:00+00:00,continuous,87606.5,87665.8,87606.5,87632.0,14001058.389099991
2025-11-25 18:35:59.636000+00:00,2025-11-25 18:33:00+00:00,continuous,87632.0,87674.5,87545.6,87590.0,10432411.251499997
2025-11-25 18:38:59.998000+00:00,2025-11-25 18:36:00+00:00,continuous,87590.0,87590.1,87405.6,87436.0,45497051.01980003
2025-11-25 18:41:59.658000+00:00,2025-11-25 18:39:00+00:00,continuous,87436.9,87578.1,87404.0,87546.1,28241742.02779995
2025-11-25 18:44:59.882000+00:00,2025-11-25 18:42:00+00:00,continuous,87546.2,87546.2,87408.8,87469.8,15927067.451899972
2025-11-25 18:47:59.336000+00:00,2025-11-25 18:45:00+00:00,continuous,87469.8,87583.5,87469.7,87555.6,11715753.010299979
2025-11-25 18:50:59.617000+00:00,2025-11-25 18:48:00+00:00,continuous,87555.6,87601.3,87526.5,87569.1,12103041.789399998
2025-11-25 18:53:59.818000+00:00,2025-11-25 18:51:00+00:00,continuous,87569.0,87578.3,87443.5,87443.5,19091070.783200014
2025-11-25 18:56:59.873000+00:00,2025-11-25 18:54:00+00:00,continuous,87443.5,87500.0,87380.8,87396.5,9698243.830999987
2025-11-25 18:59:59.932000+00:00,2025-11-25 18:57:00+00:00,continuous,87396.5,87396.6,87182.3,87195.5,46641934.71089997
2025-11-25 19:02:59.929000+00:00,2025-11-25 19:00:00+00:00,continuous,87195.6,87300.6,87104.6,87110.2,37353210.09310001
2025-11-25 19:05:59.931000+00:00,2025-11-25 19:03:00+00:00,continuous,87110.2,87111.8,86855.0,87000.9,81768322.54650009
2025-11-25 19:08:59.996000+00:00,2025-11-25 19:06:00+00:00,continuous,87000.9,87065.7,86736.4,86736.4,81712739.83440012
2025-11-25 19:11:59.942000+00:00,2025-11-25 19:09:00+00:00,continuous,86736.3,86886.9,86722.0,86787.6,48021211.70900007
2025-11-25 19:14:59.733000+00:00,2025-11-25 19:12:00+00:00,continuous,86787.5,86930.0,86761.7,86909.9,19742367.59380001
2025-11-25 19:17:59.871000+00:00,2025-11-25 19:15:00+00:00,continuous,86909.9,86913.7,86623.7,86633.1,43947862.74390006
2025-11-25 19:20:59.991000+00:00,2025-11-25 19:18:00+00:00,continuous,86633.0,86667.1,86400.4,86450.1,76090216.2040999
2025-11-25 19:23:59.830000+00:00,2025-11-25 19:21:00+00:00,continuous,86450.0,86450.0,86234.8,86271.2,58299644.29579998
2025-11-25 19:26:59.935000+00:00,2025-11-25 19:24:00+00:00,continuous,86271.2,86394.0,86204.3,86218.4,49438739.65599999
2025-11-25 19:29:59.972000+00:00,2025-11-25 19:27:00+00:00,continuous,86218.3,86257.0,86160.0,86251.2,35886812.977499925
2025-11-25 19:32:59.945000+00:00,2025-11-25 19:30:00+00:00,continuous,86251.2,86284.0,86133.0,86241.3,39610296.94350007
2025-11-25 19:35:59.970000+00:00,2025-11-25 19:33:00+00:00,continuous,86241.4,86380.9,86241.4,86303.9,41575115.31800004
2025-11-25 19:38:59.755000+00:00,2025-11-25 19:36:00+00:00,continuous,86303.8,86309.9,86132.7,86210.2,33781248.254899986
2025-11-25 19:41:59.890000+00:00,2025-11-25 19:39:00+00:00,continuous,86210.1,86460.3,86181.4,86456.8,29262296.697600093
2025-11-25 19:44:59.847000+00:00,2025-11-25 19:42:00+00:00,continuous,86456.8,86588.6,86417.6,86582.8,45547000.485300116
2025-11-25 19:47:59.629000+00:00,2025-11-25 19:45:00+00:00,continuous,86582.9,86652.7,86513.7,86606.9,32825782.25330008
2025-11-25 19:50:59.789000+00:00,2025-11-25 19:48:00+00:00,continuous,86607.0,86728.7,86550.5,86697.6,22559713.703100063
2025-11-25 19:53:59.420000+00:00,2025-11-25 19:51:00+00:00,continuous,86697.6,86813.6,86689.2,86813.1,20573878.157800023
2025-11-25 19:56:59.892000+00:00,2025-11-25 19:54:00+00:00,continuous,86813.0,86859.0,86739.1,86817.6,19849082.819300037
2025-11-25 19:59:59.654000+00:00,2025-11-25 19:57:00+00:00,continuous,86817.6,86872.3,86770.0,86835.0,20643355.93450006
2025-11-25 20:02:59.798000+00:00,2025-11-25 20:00:00+00:00,continuous,86835.1,86904.6,86773.1,86828.3,33269396.2733
2025-11-25 20:05:59.581000+00:00,2025-11-25 20:03:00+00:00,continuous,86828.4,86851.5,86722.5,86725.2,16565826.41669999
2025-11-25 20:08:59.990000+00:00,2025-11-25 20:06:00+00:00,continuous,86725.2,86950.1,86660.6,86856.3,32576705.309700076
2025-11-25 20:11:59.721000+00:00,2025-11-25 20:09:00+00:00,continuous,86856.6,86894.2,86768.0,86854.5,29330415.95709999
2025-11-25 20:14:59.658000+00:00,2025-11-25 20:12:00+00:00,continuous,86854.5,87074.5,86854.5,87051.9,23343823.401999995
2025-11-25 20:17:58.874000+00:00,2025-11-25 20:15:00+00:00,continuous,87051.9,87100.0,86973.0,86988.4,23426873.046200074
2025-11-25 20:20:59.178000+00:00,2025-11-25 20:18:00+00:00,continuous,86988.4,87098.1,86980.4,87087.8,10402115.115500005
2025-11-25 20:23:59.915000+00:00,2025-11-25 20:21:00+00:00,continuous,87087.9,87099.8,87000.0,87000.0,11133540.492300019
2025-11-25 20:26:59.867000+00:00,2025-11-25 20:24:00+00:00,continuous,87000.1,87008.4,86850.1,86942.1,23023472.93860003
2025-11-25 20:29:59.031000+00:00,2025-11-25 20:27:00+00:00,continuous,86942.1,87064.1,86922.0,87006.5,14520461.754200028
2025-11-25 20:32:59.976000+00:00,2025-11-25 20:30:00+00:00,continuous,87006.5,87317.0,87006.5,87230.3,45313977.108899936
2025-11-25 20:35:59.925000+00:00,2025-11-25 20:33:00+00:00,continuous,87230.4,87267.5,87148.0,87224.8,18755198.21700006
2025-11-25 20:38:59.495000+00:00,2025-11-25 20:36:00+00:00,continuous,87224.7,87224.9,87071.6,87117.5,19557215.35419995
2025-11-25 20:41:59.661000+00:00,2025-11-25 20:39:00+00:00,continuous,87117.5,87146.7,87070.1,87133.1,8577193.976200005
2025-11-25 20:44:59.215000+00:00,2025-11-25 20:42:00+00:00,continuous,87133.0,87150.0,87105.2,87144.7,31924009.75979998
2025-11-25 20:47:59.839000+00:00,2025-11-25 20:45:00+00:00,continuous,87144.7,87326.1,87090.7,87305.1,69499307.6502
2025-11-25 20:50:58.642000+00:00,2025-11-25 20:48:00+00:00,continuous,87305.1,87344.6,87277.2,87317.7,15582245.916100023
2025-11-25 20:53:59.617000+00:00,2025-11-25 20:51:00+00:00,continuous,87317.7,87428.6,87289.1,87322.0,30118543.963599946
2025-11-25 20:56:59.975000+00:00,2025-11-25 20:54:00+00:00,continuous,87322.0,87375.6,87238.7,87366.6,17587892.54440005
2025-11-25 20:59:59.981000+00:00,2025-11-25 20:57:00+00:00,continuous,87366.6,87417.6,87330.6,87330.8,21688088.175299972
2025-11-25 21:02:59.581000+00:00,2025-11-25 21:00:00+00:00,continuous,87330.6,87407.1,87248.6,87286.7,26756667.21909992
2025-11-25 21:05:59.807000+00:00,2025-11-25 21:03:00+00:00,continuous,87286.6,87311.1,87206.4,87286.9,15412154.139699973
2025-11-25 21:08:59.995000+00:00,2025-11-25 21:06:00+00:00,continuous,87286.9,87287.0,87070.6,87090.9,30837875.48829997
2025-11-25 21:11:59.406000+00:00,2025-11-25 21:09:00+00:00,continuous,87091.0,87156.0,87064.0,87133.3,18638778.923399996
2025-11-25 21:14:59.913000+00:00,2025-11-25 21:12:00+00:00,continuous,87133.4,87190.0,87128.3,87131.8,9746154.399299992
2025-11-25 21:17:59.638000+00:00,2025-11-25 21:15:00+00:00,continuous,87131.9,87360.5,87131.9,87360.5,20529613.91320005
2025-11-25 21:20:59.518000+00:00,2025-11-25 21:18:00+00:00,continuous,87360.5,87365.9,87193.1,87245.0,10785265.362700013
2025-11-25 21:23:59.557000+00:00,2025-11-25 21:21:00+00:00,continuous,87245.0,87328.5,87226.5,87302.8,7219433.449200001
2025-11-25 21:26:59.148000+00:00,2025-11-25 21:24:00+00:00,continuous,87302.8,87344.7,87275.9,87310.2,6558800.776999998
2025-11-25 21:29:59.843000+00:00,2025-11-25 21:27:00+00:00,continuous,87310.2,87310.2,87247.9,87255.9,4573169.049400005
2025-11-25 21:32:58.565000+00:00,2025-11-25 21:30:00+00:00,continuous,87255.9,87311.9,87219.9,87236.3,11541008.334799979
2025-11-25 21:35:59.226000+00:00,2025-11-25 21:33:00+00:00,continuous,87236.4,87236.4,87001.4,87078.0,28846645.422100008
2025-11-25 21:38:59.849000+00:00,2025-11-25 21:36:00+00:00,continuous,87078.0,87100.0,87023.1,87069.0,12187527.299099987
2025-11-25 21:41:59.942000+00:00,2025-11-25 21:39:00+00:00,continuous,87069.0,87245.2,87068.9,87216.5,12861789.494300025
2025-11-25 21:44:59.869000+00:00,2025-11-25 21:42:00+00:00,continuous,87216.6,87216.6,87120.0,87148.1,6152055.8809999935
2025-11-25 21:47:59.566000+00:00,2025-11-25 21:45:00+00:00,continuous,87148.0,87195.4,87095.0,87118.0,7877054.840599998
2025-11-25 21:50:59.971000+00:00,2025-11-25 21:48:00+00:00,continuous,87118.0,87200.0,87118.0,87184.9,5770239.023600001
2025-11-25 21:53:59.876000+00:00,2025-11-25 21:51:00+00:00,continuous,87184.9,87242.9,87128.3,87143.6,6740260.2524999995
2025-11-25 21:56:59.761000+00:00,2025-11-25 21:54:00+00:00,continuous,87143.6,87153.2,86985.4,86986.5,11998369.260599995
2025-11-25 21:59:59.706000+00:00,2025-11-25 21:57:00+00:00,continuous,86986.5,87041.6,86936.9,86993.5,24448860.92389997
2025-11-25 22:02:59.595000+00:00,2025-11-25 22:00:00+00:00,continuous,86993.4,86993.4,86688.9,86722.4,39770674.387
2025-11-25 22:05:59.850000+00:00,2025-11-25 22:03:00+00:00,continuous,86722.4,86740.0,86591.8,86625.7,38783454.8597
2025-11-25 22:08:59.567000+00:00,2025-11-25 22:06:00+00:00,continuous,86625.7,86794.2,86625.7,86794.2,18009025.200600002
2025-11-25 22:11:59.911000+00:00,2025-11-25 22:09:00+00:00,continuous,86794.2,86872.3,86635.1,86635.1,21021797.31750002
2025-11-25 22:14:59.862000+00:00,2025-11-25 22:12:00+00:00,continuous,86635.1,86683.5,86542.0,86608.6,21973863.986699976
2025-11-25 22:17:59.832000+00:00,2025-11-25 22:15:00+00:00,continuous,86608.6,86805.4,86593.0,86762.5,19804305.520700023
2025-11-25 22:20:59.808000+00:00,2025-11-25 22:18:00+00:00,continuous,86762.1,86892.4,86716.1,86892.4,11366682.085199995
2025-11-25 22:23:59.713000+00:00,2025-11-25 22:21:00+00:00,continuous,86892.3,87015.3,86834.0,86957.0,18497999.565200027
2025-11-25 22:26:59.961000+00:00,2025-11-25 22:24:00+00:00,continuous,86957.0,87139.9,86956.9,87074.1,25721936.66309991
2025-11-25 22:29:59.760000+00:00,2025-11-25 22:27:00+00:00,continuous,87074.0,87098.4,87004.6,87098.1,6483150.864200004
2025-11-25 22:32:59.747000+00:00,2025-11-25 22:30:00+00:00,continuous,87098.1,87100.0,87010.2,87086.3,11140866.669899981
2025-11-25 22:35:59.823000+00:00,2025-11-25 22:33:00+00:00,continuous,87086.3,87147.2,87050.7,87142.4,23644533.252200045
2025-11-25 22:38:59.860000+00:00,2025-11-25 22:36:00+00:00,continuous,87142.3,87305.6,87130.3,87282.8,22951730.436700046
2025-11-25 22:41:59.758000+00:00,2025-11-25 22:39:00+00:00,continuous,87282.7,87572.6,87279.4,87329.5,71024173.6914
2025-11-25 22:44:59.730000+00:00,2025-11-25 22:42:00+00:00,continuous,87329.5,87374.0,87268.5,87294.7,9777209.886199968
2025-11-25 22:47:59.451000+00:00,2025-11-25 22:45:00+00:00,continuous,87294.7,87386.2,87168.4,87272.5,13886730.044899974
2025-11-25 22:50:59.882000+00:00,2025-11-25 22:48:00+00:00,continuous,87272.5,87356.9,87228.9,87356.9,6311961.38689999
2025-11-25 22:53:59.444000+00:00,2025-11-25 22:51:00+00:00,continuous,87356.8,87400.0,87207.8,87259.7,15257006.301099991
2025-11-25 22:56:59.893000+00:00,2025-11-25 22:54:00+00:00,continuous,87259.6,87300.0,87243.8,87291.2,5397950.6351000015
2025-11-25 22:59:59.893000+00:00,2025-11-25 22:57:00+00:00,continuous,87291.2,87686.5,87291.1,87606.2,103362096.92729989
2025-11-25 23:02:59.702000+00:00,2025-11-25 23:00:00+00:00,continuous,87606.2,87652.4,87386.0,87386.0,39838214.85749999
2025-11-25 23:05:59.700000+00:00,2025-11-25 23:03:00+00:00,continuous,87386.1,87513.3,87359.7,87487.8,17133764.888600014
2025-11-25 23:08:59.582000+00:00,2025-11-25 23:06:00+00:00,continuous,87487.9,87569.4,87450.9,87536.6,15601071.949900022
2025-11-25 23:11:59.817000+00:00,2025-11-25 23:09:00+00:00,continuous,87536.5,87715.6,87530.7,87692.2,37977577.40280008
2025-11-25 23:14:59.931000+00:00,2025-11-25 23:12:00+00:00,continuous,87692.3,87869.4,87607.4,87782.5,76187926.19389988
2025-11-25 23:17:59.854000+00:00,2025-11-25 23:15:00+00:00,continuous,87782.6,87790.0,87665.2,87669.6,27666226.33239997
2025-11-25 23:20:59.756000+00:00,2025-11-25 23:18:00+00:00,continuous,87669.7,87712.0,87605.0,87702.1,15821014.215899998
2025-11-25 23:23:58.819000+00:00,2025-11-25 23:21:00+00:00,continuous,87702.2,87702.2,87563.2,87586.1,13480544.717299972
2025-11-25 23:26:59.990000+00:00,2025-11-25 23:24:00+00:00,continuous,87586.2,87586.2,87495.2,87549.4,13422558.97580001
2025-11-25 23:29:59.959000+00:00,2025-11-25 23:27:00+00:00,continuous,87549.4,87553.0,87465.7,87484.4,11922624.395700011
2025-11-25 23:32:59.697000+00:00,2025-11-25 23:30:00+00:00,continuous,87484.3,87518.4,87428.4,87518.4,9918960.913599981
2025-11-25 23:35:59.711000+00:00,2025-11-25 23:33:00+00:00,continuous,87518.4,87608.3,87445.7,87449.1,25997129.544700053
2025-11-25 23:38:59.690000+00:00,2025-11-25 23:36:00+00:00,continuous,87449.1,87456.2,87378.9,87381.7,15412145.141299997
2025-11-25 23:41:59.885000+00:00,2025-11-25 23:39:00+00:00,continuous,87381.6,87474.9,87370.2,87438.5,12962835.54250001
2025-11-25 23:44:59.646000+00:00,2025-11-25 23:42:00+00:00,continuous,87438.5,87443.0,87369.1,87379.0,15313020.326899996
2025-11-25 23:47:59.500000+00:00,2025-11-25 23:45:00+00:00,continuous,87378.9,87423.9,87331.1,87353.8,12072991.21209997
2025-11-25 23:50:59.830000+00:00,2025-11-25 23:48:00+00:00,continuous,87353.7,87461.7,87351.8,87368.3,11326662.954599993
2025-11-25 23:53:59.509000+00:00,2025-11-25 23:51:00+00:00,continuous,87368.2,87381.2,87288.0,87343.4,10689747.99869999
2025-11-25 23:56:59.869000+00:00,2025-11-25 23:54:00+00:00,continuous,87343.5,87350.8,87284.9,87297.7,6923661.966000003
2025-11-25 23:59:59.878000+00:00,2025-11-25 23:57:00+00:00,continuous,87297.7,87357.4,87297.7,87324.1,10946573.988899989
2025-11-26 00:02:59.900000+00:00,2025-11-26 00:00:00+00:00,continuous,87324.1,87475.6,87315.0,87465.8,21408823.983999997
2025-11-26 00:05:59.998000+00:00,2025-11-26 00:03:00+00:00,continuous,87466.4,87581.3,87438.1,87493.4,32434962.26579994
2025-11-26 00:08:59.925000+00:00,2025-11-26 00:06:00+00:00,continuous,87493.5,87550.5,87450.0,87499.1,16231533.122100001
2025-11-26 00:11:59.988000+00:00,2025-11-26 00:09:00+00:00,continuous,87499.2,87508.0,87414.5,87438.2,12382874.560199969
2025-11-26 00:14:59.956000+00:00,2025-11-26 00:12:00+00:00,continuous,87438.2,87448.1,87409.9,87423.9,6302858.59110001
2025-11-26 00:17:59.958000+00:00,2025-11-26 00:15:00+00:00,continuous,87424.0,87449.0,87330.4,87376.8,26020226.522699915
2025-11-26 00:20:59.924000+00:00,2025-11-26 00:18:00+00:00,continuous,87376.8,87648.5,87376.8,87579.0,37956111.80409995
2025-11-26 00:23:59.378000+00:00,2025-11-26 00:21:00+00:00,continuous,87578.9,87734.1,87552.3,87690.8,38620436.78939993
2025-11-26 00:26:59.839000+00:00,2025-11-26 00:24:00+00:00,continuous,87690.8,87710.3,87541.5,87544.3,18991780.57459996
2025-11-26 00:29:59.678000+00:00,2025-11-26 00:27:00+00:00,continuous,87544.4,87600.0,87469.1,87586.3,10849764.67600002
2025-11-26 00:32:59.934000+00:00,2025-11-26 00:30:00+00:00,continuous,87586.4,87629.9,87551.2,87551.2,9839319.025700003
2025-11-26 00:35:59.978000+00:00,2025-11-26 00:33:00+00:00,continuous,87551.2,87674.6,87551.2,87674.6,7157693.505599997
2025-11-26 00:38:59.952000+00:00,2025-11-26 00:36:00+00:00,continuous,87674.7,87723.3,87470.0,87491.2,16005387.704699975
2025-11-26 00:41:59.707000+00:00,2025-11-26 00:39:00+00:00,continuous,87491.3,87491.3,87339.9,87476.6,22190287.1937
2025-11-26 00:44:59.929000+00:00,2025-11-26 00:42:00+00:00,continuous,87476.7,87516.0,87426.0,87504.2,10157166.837500006
2025-11-26 00:47:59.455000+00:00,2025-11-26 00:45:00+00:00,continuous,87504.2,87600.0,87490.8,87541.0,11038897.334399998
2025-11-26 00:50:59.963000+00:00,2025-11-26 00:48:00+00:00,continuous,87540.9,87702.8,87518.3,87694.0,23621463.82579995
2025-11-26 00:53:59.042000+00:00,2025-11-26 00:51:00+00:00,continuous,87694.1,87694.1,87559.6,87583.9,11402781.708699977
2025-11-26 00:56:59.649000+00:00,2025-11-26 00:54:00+00:00,continuous,87583.9,87605.6,87462.3,87573.1,10045403.358900007
2025-11-26 00:59:59.619000+00:00,2025-11-26 00:57:00+00:00,continuous,87573.1,87581.5,87444.0,87536.7,14015265.115099993
2025-11-26 01:02:59.579000+00:00,2025-11-26 01:00:00+00:00,continuous,87536.7,87536.7,87420.1,87463.6,17970947.900799926
2025-11-26 01:05:59.603000+00:00,2025-11-26 01:03:00+00:00,continuous,87463.6,87463.6,87291.1,87369.8,18651268.654599994
2025-11-26 01:08:59.377000+00:00,2025-11-26 01:06:00+00:00,continuous,87369.8,87435.8,87369.7,87413.5,13481469.472700004
2025-11-26 01:11:59.410000+00:00,2025-11-26 01:09:00+00:00,continuous,87413.5,87463.4,87372.8,87375.1,6235658.149100002
2025-11-26 01:14:59.907000+00:00,2025-11-26 01:12:00+00:00,continuous,87375.2,87500.0,87375.1,87479.9,9602129.672199996
2025-11-26 01:17:59.643000+00:00,2025-11-26 01:15:00+00:00,continuous,87479.9,87522.0,87434.4,87484.1,6672427.161300008
2025-11-26 01:20:58.921000+00:00,2025-11-26 01:18:00+00:00,continuous,87484.1,87537.5,87409.8,87449.9,4752779.574500006
2025-11-26 01:23:59.797000+00:00,2025-11-26 01:21:00+00:00,continuous,87449.9,87516.9,87425.0,87436.7,7610608.3861
2025-11-26 01:26:59.272000+00:00,2025-11-26 01:24:00+00:00,continuous,87436.7,87507.3,87388.1,87507.2,7809468.335900008
2025-11-26 01:29:59.997000+00:00,2025-11-26 01:27:00+00:00,continuous,87507.3,87626.7,87507.3,87543.7,9332907.366999999
2025-11-26 01:32:59.964000+00:00,2025-11-26 01:30:00+00:00,continuous,87544.0,87866.0,87506.0,87829.6,59610099.258599885
2025-11-26 01:35:59.870000+00:00,2025-11-26 01:33:00+00:00,continuous,87829.9,87946.9,87779.7,87921.0,38637331.67609998
2025-11-26 01:38:59.943000+00:00,2025-11-26 01:36:00+00:00,continuous,87921.0,87935.5,87838.7,87935.5,28008513.330100063
2025-11-26 01:41:59.944000+00:00,2025-11-26 01:39:00+00:00,continuous,87935.6,88000.0,87935.6,87999.9,30468533.389100045
2025-11-26 01:44:59.906000+00:00,2025-11-26 01:42:00+00:00,continuous,87999.9,88200.0,87999.9,88041.7,81569777.20290016
2025-11-26 01:47:59.836000+00:00,2025-11-26 01:45:00+00:00,continuous,88041.7,88061.8,87927.0,87950.0,28040965.686900083
2025-11-26 01:50:59.937000+00:00,2025-11-26 01:48:00+00:00,continuous,87950.0,87996.4,87887.8,87894.6,22656457.674399976
2025-11-26 01:53:59.807000+00:00,2025-11-26 01:51:00+00:00,continuous,87894.6,87925.2,87850.0,87918.4,13298908.791899987
2025-11-26 01:56:59.963000+00:00,2025-11-26 01:54:00+00:00,continuous,87918.4,87977.0,87839.0,87889.5,16700888.097200003
2025-11-26 01:59:59.604000+00:00,2025-11-26 01:57:00+00:00,continuous,87889.6,87914.2,87811.0,87878.7,14922846.708399974
2025-11-26 02:02:59.527000+00:00,2025-11-26 02:00:00+00:00,continuous,87878.6,87951.8,87852.4,87932.3,11284788.074499998
2025-11-26 02:05:59.867000+00:00,2025-11-26 02:03:00+00:00,continuous,87932.2,87932.3,87837.3,87868.1,8739736.354200007
2025-11-26 02:08:59.706000+00:00,2025-11-26 02:06:00+00:00,continuous,87868.0,87868.1,87826.6,87830.7,7751064.405000001
2025-11-26 02:11:59.862000+00:00,2025-11-26 02:09:00+00:00,continuous,87830.6,87971.7,87785.6,87971.7,17649040.890300035
2025-11-26 02:14:59.629000+00:00,2025-11-26 02:12:00+00:00,continuous,87971.7,87992.2,87911.4,87952.8,10209862.459600016
2025-11-26 02:17:59.689000+00:00,2025-11-26 02:15:00+00:00,continuous,87952.7,88046.6,87947.4,88000.2,11360554.781999983
2025-11-26 02:20:59.682000+00:00,2025-11-26 02:18:00+00:00,continuous,88000.2,88000.2,87863.6,87874.3,18788442.582499996
2025-11-26 02:23:59.849000+00:00,2025-11-26 02:21:00+00:00,continuous,87874.3,87874.4,87758.7,87767.7,20100082.982699998
2025-11-26 02:26:59.828000+00:00,2025-11-26 02:24:00+00:00,continuous,87767.8,87819.3,87711.0,87716.6,35037212.2283999
2025-11-26 02:29:59.571000+00:00,2025-11-26 02:27:00+00:00,continuous,87716.6,87804.2,87716.6,87763.2,14331870.91600002
2025-11-26 02:32:59.796000+00:00,2025-11-26 02:30:00+00:00,continuous,87763.2,87778.9,87610.0,87744.8,37231933.502700076
2025-11-26 02:35:59.833000+00:00,2025-11-26 02:33:00+00:00,continuous,87744.7,87780.0,87706.6,87706.6,9196762.034400007
2025-11-26 02:38:59.525000+00:00,2025-11-26 02:36:00+00:00,continuous,87706.6,87800.7,87706.6,87787.3,7427957.3627999835
2025-11-26 02:41:59.950000+00:00,2025-11-26 02:39:00+00:00,continuous,87787.3,87929.1,87787.3,87903.9,14702157.03669998
2025-11-26 02:44:59.989000+00:00,2025-11-26 02:42:00+00:00,continuous,87904.0,87928.3,87800.0,87840.0,12744772.803500041
2025-11-26 02:47:58.867000+00:00,2025-11-26 02:45:00+00:00,continuous,87840.0,87840.1,87696.4,87715.1,22593038.434000026
2025-11-26 02:50:59.109000+00:00,2025-11-26 02:48:00+00:00,continuous,87715.0,87758.7,87715.0,87736.5,5584661.850099993
2025-11-26 02:53:59.860000+00:00,2025-11-26 02:51:00+00:00,continuous,87736.6,87791.9,87736.5,87760.9,8084784.228300001
2025-11-26 02:56:59.807000+00:00,2025-11-26 02:54:00+00:00,continuous,87761.0,87776.2,87681.1,87681.1,7914588.181499997
2025-11-26 02:59:59.547000+00:00,2025-11-26 02:57:00+00:00,continuous,87681.1,87713.4,87624.8,87672.5,19242324.003900062
2025-11-26 03:02:59.504000+00:00,2025-11-26 03:00:00+00:00,continuous,87672.6,87712.0,87644.3,87644.6,14098566.665599966
2025-11-26 03:05:59.889000+00:00,2025-11-26 03:03:00+00:00,continuous,87644.5,87680.1,87623.3,87668.6,10462833.781200005
2025-11-26 03:08:59.629000+00:00,2025-11-26 03:06:00+00:00,continuous,87668.6,87704.2,87653.0,87653.2,7620764.762199989
2025-11-26 03:11:59.657000+00:00,2025-11-26 03:09:00+00:00,continuous,87653.2,87707.0,87652.1,87700.6,5982420.900699997
2025-11-26 03:14:58.941000+00:00,2025-11-26 03:12:00+00:00,continuous,87700.5,87741.1,87629.7,87657.5,14346657.624699984
2025-11-26 03:17:59.976000+00:00,2025-11-26 03:15:00+00:00,continuous,87657.6,87720.2,87616.9,87701.2,10409050.140500005
2025-11-26 03:20:58.893000+00:00,2025-11-26 03:18:00+00:00,continuous,87700.9,87737.7,87678.0,87725.8,5184565.039000005
2025-11-26 03:23:59.950000+00:00,2025-11-26 03:21:00+00:00,continuous,87725.8,87852.0,87725.7,87801.0,11870099.28490002
2025-11-26 03:26:59.547000+00:00,2025-11-26 03:24:00+00:00,continuous,87801.0,87844.3,87795.0,87835.0,8345387.474899996
2025-11-26 03:29:59.835000+00:00,2025-11-26 03:27:00+00:00,continuous,87835.1,87835.1,87758.3,87780.1,6157234.512799997
2025-11-26 03:32:59.619000+00:00,2025-11-26 03:30:00+00:00,continuous,87780.1,87780.1,87553.7,87624.1,16684776.371400012
2025-11-26 03:35:59.890000+00:00,2025-11-26 03:33:00+00:00,continuous,87624.0,87624.1,87354.9,87355.0,61953287.20769994
2025-11-26 03:38:58.988000+00:00,2025-11-26 03:36:00+00:00,continuous,87354.9,87419.9,87300.3,87408.0,25268257.935899954
2025-11-26 03:41:59.652000+00:00,2025-11-26 03:39:00+00:00,continuous,87408.0,87417.7,87216.8,87274.3,45450258.71010002
2025-11-26 03:44:59.864000+00:00,2025-11-26 03:42:00+00:00,continuous,87274.3,87337.5,87264.5,87328.9,20303676.36590002
2025-11-26 03:47:59.133000+00:00,2025-11-26 03:45:00+00:00,continuous,87328.9,87336.0,87237.0,87263.2,22858730.3716
2025-11-26 03:50:59.557000+00:00,2025-11-26 03:48:00+00:00,continuous,87263.2,87277.1,87182.2,87182.2,31460565.72319999
2025-11-26 03:53:59.897000+00:00,2025-11-26 03:51:00+00:00,continuous,87182.3,87182.3,87078.1,87136.6,40109817.87600018
2025-11-26 03:56:59.904000+00:00,2025-11-26 03:54:00+00:00,continuous,87136.7,87136.7,87022.2,87109.3,28658962.691999946
2025-11-26 03:59:59.768000+00:00,2025-11-26 03:57:00+00:00,continuous,87109.3,87130.0,87031.2,87088.5,22105369.614799947
2025-11-26 04:02:59.794000+00:00,2025-11-26 04:00:00+00:00,continuous,87088.4,87229.5,87088.4,87217.9,26392209.056499954
2025-11-26 04:05:59.987000+00:00,2025-11-26 04:03:00+00:00,continuous,87218.0,87250.7,87089.3,87100.1,21510604.947500013
2025-11-26 04:08:59.209000+00:00,2025-11-26 04:06:00+00:00,continuous,87100.1,87108.4,86887.3,86988.1,73510438.85340017
2025-11-26 04:11:59.295000+00:00,2025-11-26 04:09:00+00:00,continuous,86988.1,86992.6,86872.5,86887.8,38811413.31939998
2025-11-26 04:14:59.989000+00:00,2025-11-26 04:12:00+00:00,continuous,86887.8,86941.2,86851.1,86872.6,32179923.815899994
2025-11-26 04:17:59.711000+00:00,2025-11-26 04:15:00+00:00,continuous,86872.6,86976.4,86872.5,86909.5,21164158.910500005
2025-11-26 04:20:59.898000+00:00,2025-11-26 04:18:00+00:00,continuous,86909.6,86969.6,86900.5,86955.0,13305061.620299982
2025-11-26 04:23:59.842000+00:00,2025-11-26 04:21:00+00:00,continuous,86955.0,87065.0,86954.9,87059.0,27887064.25330001
2025-11-26 04:26:59.744000+00:00,2025-11-26 04:24:00+00:00,continuous,87058.9,87147.4,87031.4,87137.1,19577352.380299985
2025-11-26 04:29:59.952000+00:00,2025-11-26 04:27:00+00:00,continuous,87137.2,87208.9,87137.1,87198.9,22863160.452299956
2025-11-26 04:32:59.933000+00:00,2025-11-26 04:30:00+00:00,continuous,87198.9,87275.1,87160.2,87231.0,21311066.21830007
2025-11-26 04:35:59.379000+00:00,2025-11-26 04:33:00+00:00,continuous,87231.0,87270.2,87190.2,87270.2,9478128.152599996
2025-11-26 04:38:59.880000+00:00,2025-11-26 04:36:00+00:00,continuous,87270.2,87286.4,87238.1,87280.0,9015317.866499988
2025-11-26 04:41:59.987000+00:00,2025-11-26 04:39:00+00:00,continuous,87279.9,87323.3,87238.0,87241.0,15120991.549599988
2025-11-26 04:44:59.713000+00:00,2025-11-26 04:42:00+00:00,continuous,87241.0,87252.2,87205.4,87234.2,7686421.137100003
2025-11-26 04:47:59.721000+00:00,2025-11-26 04:45:00+00:00,continuous,87234.3,87293.6,87234.2,87238.8,6471618.1652
2025-11-26 04:50:59.828000+00:00,2025-11-26 04:48:00+00:00,continuous,87238.8,87242.5,87144.2,87181.0,38578731.371700116
2025-11-26 04:53:59.937000+00:00,2025-11-26 04:51:00+00:00,continuous,87181.1,87200.0,87138.0,87173.7,15289196.681100003
2025-11-26 04:56:59.768000+00:00,2025-11-26 04:54:00+00:00,continuous,87173.7,87200.0,87173.7,87194.6,3282945.465300003
2025-11-26 04:59:59.712000+00:00,2025-11-26 04:57:00+00:00,continuous,87194.7,87247.6,87186.0,87190.0,7143908.992400006
2025-11-26 05:02:59.653000+00:00,2025-11-26 05:00:00+00:00,continuous,87190.0,87273.3,87175.0,87249.3,8795832.061800024
2025-11-26 05:05:58.538000+00:00,2025-11-26 05:03:00+00:00,continuous,87249.2,87288.8,87220.0,87288.7,3209314.3229
2025-11-26 05:08:59.599000+00:00,2025-11-26 05:06:00+00:00,continuous,87288.7,87432.1,87288.6,87411.2,29075093.58620004
2025-11-26 05:11:59.777000+00:00,2025-11-26 05:09:00+00:00,continuous,87411.2,87420.4,87355.0,87367.5,8878874.3844
2025-11-26 05:14:59.942000+00:00,2025-11-26 05:12:00+00:00,continuous,87367.4,87395.0,87337.2,87380.2,7262040.468699992
2025-11-26 05:17:59.670000+00:00,2025-11-26 05:15:00+00:00,continuous,87380.2,87528.1,87380.1,87456.0,31349355.01289996
2025-11-26 05:20:59.912000+00:00,2025-11-26 05:18:00+00:00,continuous,87456.0,87589.0,87433.3,87585.0,56019481.98979992
2025-11-26 05:23:59.964000+00:00,2025-11-26 05:21:00+00:00,continuous,87585.0,87664.5,87434.9,87459.1,24243040.203799997
2025-11-26 05:26:59.613000+00:00,2025-11-26 05:24:00+00:00,continuous,87459.2,87492.1,87426.2,87463.4,7045921.686499999
2025-11-26 05:29:59.656000+00:00,2025-11-26 05:27:00+00:00,continuous,87463.3,87507.5,87463.3,87507.5,6293123.41290001
2025-11-26 05:32:59.866000+00:00,2025-11-26 05:30:00+00:00,continuous,87507.5,87643.9,87507.5,87600.5,15311482.435700014
2025-11-26 05:35:59.791000+00:00,2025-11-26 05:33:00+00:00,continuous,87600.5,87610.0,87565.9,87599.3,10522606.022300009
2025-11-26 05:38:59.904000+00:00,2025-11-26 05:36:00+00:00,continuous,87599.3,87650.0,87599.2,87600.0,7334852.172400017
2025-11-26 05:41:59.904000+00:00,2025-11-26 05:39:00+00:00,continuous,87600.0,87711.1,87592.5,87644.2,13598949.574000014
2025-11-26 05:44:59.987000+00:00,2025-11-26 05:42:00+00:00,continuous,87644.2,87656.5,87572.1,87594.0,14349965.16350004
2025-11-26 05:47:59.929000+00:00,2025-11-26 05:45:00+00:00,continuous,87594.1,87594.1,87516.5,87525.6,19644159.05519995
2025-11-26 05:50:59.755000+00:00,2025-11-26 05:48:00+00:00,continuous,87525.7,87573.6,87497.7,87534.4,10515337.107299998
2025-11-26 05:53:59.837000+00:00,2025-11-26 05:51:00+00:00,continuous,87534.5,87554.9,87477.0,87477.0,11075784.325700017
2025-11-26 05:56:58.546000+00:00,2025-11-26 05:54:00+00:00,continuous,87477.0,87605.0,87477.0,87536.7,9181289.982500019
2025-11-26 05:59:59.458000+00:00,2025-11-26 05:57:00+00:00,continuous,87536.7,87550.0,87426.0,87479.9,14601455.976700004
2025-11-26 06:02:59.923000+00:00,2025-11-26 06:00:00+00:00,continuous,87479.9,87481.3,87410.1,87435.7,11819601.2353
2025-11-26 06:05:59.959000+00:00,2025-11-26 06:03:00+00:00,continuous,87435.8,87603.9,87435.8,87589.0,13743544.018
2025-11-26 06:08:59.897000+00:00,2025-11-26 06:06:00+00:00,continuous,87589.1,87632.6,87528.5,87629.8,14691567.764899999
2025-11-26 06:11:59.676000+00:00,2025-11-26 06:09:00+00:00,continuous,87629.8,87672.0,87540.0,87552.6,24160719.782899983
2025-11-26 06:14:59.398000+00:00,2025-11-26 06:12:00+00:00,continuous,87552.6,87617.8,87523.1,87613.0,6020500.417999997
2025-11-26 06:17:59.893000+00:00,2025-11-26 06:15:00+00:00,continuous,87613.0,87634.5,87500.0,87537.2,11966213.65010001
2025-11-26 06:20:59.303000+00:00,2025-11-26 06:18:00+00:00,continuous,87537.2,87540.1,87452.6,87500.1,9414552.702399988
2025-11-26 06:23:59.850000+00:00,2025-11-26 06:21:00+00:00,continuous,87500.0,87538.8,87450.0,87538.8,6460997.304399979
2025-11-26 06:26:58.990000+00:00,2025-11-26 06:24:00+00:00,continuous,87538.8,87564.7,87495.2,87529.2,4470313.398099996
2025-11-26 06:29:59.839000+00:00,2025-11-26 06:27:00+00:00,continuous,87529.1,87581.1,87520.3,87581.1,4201808.468999997
2025-11-26 06:32:59.720000+00:00,2025-11-26 06:30:00+00:00,continuous,87581.0,87581.0,87425.5,87427.7,7095984.29099999
2025-11-26 06:35:59.931000+00:00,2025-11-26 06:33:00+00:00,continuous,87427.7,87508.8,87422.4,87497.4,7135297.187900002
2025-11-26 06:38:59.324000+00:00,2025-11-26 06:36:00+00:00,continuous,87497.3,87546.5,87489.9,87498.6,6517844.705999998
2025-11-26 06:41:57.590000+00:00,2025-11-26 06:39:00+00:00,continuous,87498.7,87584.4,87498.6,87566.0,8078634.9256
2025-11-26 06:44:59.910000+00:00,2025-11-26 06:42:00+00:00,continuous,87566.0,87658.3,87561.2,87636.8,12956279.145499976
2025-11-26 06:47:59.990000+00:00,2025-11-26 06:45:00+00:00,continuous,87636.7,87653.8,87562.3,87583.8,10481792.943199996
2025-11-26 06:50:59.825000+00:00,2025-11-26 06:48:00+00:00,continuous,87583.8,87660.0,87583.8,87657.3,11394094.23399999
2025-11-26 06:53:59.992000+00:00,2025-11-26 06:51:00+00:00,continuous,87657.3,87820.9,87653.0,87816.7,37948764.74790009
2025-11-26 06:56:59.822000+00:00,2025-11-26 06:54:00+00:00,continuous,87816.8,87857.3,87787.6,87837.6,21351938.278900016
2025-11-26 06:59:59.942000+00:00,2025-11-26 06:57:00+00:00,continuous,87837.6,87849.1,87760.5,87762.4,16301739.670700006
2025-11-26 07:02:59.761000+00:00,2025-11-26 07:00:00+00:00,continuous,87762.4,87832.8,87756.3,87804.4,13786619.671100004
2025-11-26 07:05:59.607000+00:00,2025-11-26 07:03:00+00:00,continuous,87804.3,87804.4,87716.6,87732.7,12652138.873199997
2025-11-26 07:08:59.625000+00:00,2025-11-26 07:06:00+00:00,continuous,87732.8,87750.0,87661.0,87691.5,12989458.210700002
2025-11-26 07:11:59.310000+00:00,2025-11-26 07:09:00+00:00,continuous,87691.4,87737.4,87691.4,87718.4,9837393.820799988
2025-11-26 07:14:59.930000+00:00,2025-11-26 07:12:00+00:00,continuous,87718.4,87793.1,87702.3,87789.3,13374566.22049998
2025-11-26 07:17:59.975000+00:00,2025-11-26 07:15:00+00:00,continuous,87789.4,87855.0,87762.3,87836.4,13214345.718899997
2025-11-26 07:20:59.898000+00:00,2025-11-26 07:18:00+00:00,continuous,87836.4,87849.5,87734.6,87786.3,21087954.772299975
2025-11-26 07:23:59.978000+00:00,2025-11-26 07:21:00+00:00,continuous,87786.3,87795.5,87687.9,87766.0,12698422.032700032
2025-11-26 07:26:59.473000+00:00,2025-11-26 07:24:00+00:00,continuous,87766.1,87770.1,87714.0,87743.0,6962957.724900001
2025-11-26 07:29:59.762000+00:00,2025-11-26 07:27:00+00:00,continuous,87743.0,87770.0,87725.1,87770.0,4718926.326899995
2025-11-26 07:32:59.429000+00:00,2025-11-26 07:30:00+00:00,continuous,87770.0,87770.0,87681.6,87712.1,12128667.839200005
2025-11-26 07:35:59.899000+00:00,2025-11-26 07:33:00+00:00,continuous,87712.2,87764.2,87700.0,87736.4,10582336.567400001
2025-11-26 07:38:59.859000+00:00,2025-11-26 07:36:00+00:00,continuous,87736.4,87765.6,87687.2,87729.0,9813643.107400028
2025-11-26 07:41:59.963000+00:00,2025-11-26 07:39:00+00:00,continuous,87729.1,87729.1,87678.6,87686.6,7687712.863000001
2025-11-26 07:44:58.952000+00:00,2025-11-26 07:42:00+00:00,continuous,87686.6,87766.6,87670.5,87750.2,16122622.018899973
2025-11-26 07:47:59.611000+00:00,2025-11-26 07:45:00+00:00,continuous,87750.2,87754.6,87701.7,87729.9,7781416.751799998
2025-11-26 07:50:59.923000+00:00,2025-11-26 07:48:00+00:00,continuous,87729.9,87837.7,87729.9,87787.8,16240813.193100022
2025-11-26 07:53:59.834000+00:00,2025-11-26 07:51:00+00:00,continuous,87787.8,87814.1,87780.0,87791.3,4833686.1279000165
2025-11-26 07:56:59.417000+00:00,2025-11-26 07:54:00+00:00,continuous,87791.3,87818.8,87733.5,87807.5,10408273.108100025
2025-11-26 07:59:59.940000+00:00,2025-11-26 07:57:00+00:00,continuous,87807.5,87947.0,87807.5,87896.2,31266859.385600056
2025-11-26 08:02:59.943000+00:00,2025-11-26 08:00:00+00:00,continuous,87896.2,87909.2,87765.5,87838.5,25234485.527700074
2025-11-26 08:05:59.606000+00:00,2025-11-26 08:03:00+00:00,continuous,87838.6,87838.6,87750.0,87750.0,18811030.644900028
2025-11-26 08:08:59.948000+00:00,2025-11-26 08:06:00+00:00,continuous,87750.0,87807.5,87665.5,87702.7,14100222.082200006
2025-11-26 08:11:59.651000+00:00,2025-11-26 08:09:00+00:00,continuous,87702.7,87710.9,87626.1,87655.4,17824113.137700032
2025-11-26 08:14:59.909000+00:00,2025-11-26 08:12:00+00:00,continuous,87655.3,87664.3,87551.0,87584.4,17503439.64959999
2025-11-26 08:17:59.910000+00:00,2025-11-26 08:15:00+00:00,continuous,87584.3,87649.6,87553.5,87591.0,26862230.150200065
2025-11-26 08:20:59.750000+00:00,2025-11-26 08:18:00+00:00,continuous,87590.9,87591.0,87500.0,87522.7,17664083.880500004
2025-11-26 08:23:59.870000+00:00,2025-11-26 08:21:00+00:00,continuous,87522.7,87550.0,87510.0,87524.0,10115192.137399992
2025-11-26 08:26:59.696000+00:00,2025-11-26 08:24:00+00:00,continuous,87523.9,87534.7,87500.0,87511.2,12245807.831900014
2025-11-26 08:29:59.945000+00:00,2025-11-26 08:27:00+00:00,continuous,87511.3,87570.4,87511.1,87522.1,13241088.988999998
2025-11-26 08:32:59.282000+00:00,2025-11-26 08:30:00+00:00,continuous,87522.0,87592.5,87511.1,87511.2,9708807.428799994
2025-11-26 08:35:59.866000+00:00,2025-11-26 08:33:00+00:00,continuous,87511.2,87523.5,87437.4,87516.9,14145098.055900004
2025-11-26 08:38:59.457000+00:00,2025-11-26 08:36:00+00:00,continuous,87516.9,87522.8,87420.0,87420.0,9692092.44709999
2025-11-26 08:41:59.887000+00:00,2025-11-26 08:39:00+00:00,continuous,87420.0,87523.3,87420.0,87523.2,6048560.930899992
2025-11-26 08:44:59.372000+00:00,2025-11-26 08:42:00+00:00,continuous,87523.3,87538.4,87500.0,87500.0,8894205.17019999
2025-11-26 08:47:59.901000+00:00,2025-11-26 08:45:00+00:00,continuous,87500.0,87538.3,87476.7,87491.6,6653771.102600002
2025-11-26 08:50:59.572000+00:00,2025-11-26 08:48:00+00:00,continuous,87491.7,87538.4,87472.3,87475.2,7080485.860199998
2025-11-26 08:53:59.967000+00:00,2025-11-26 08:51:00+00:00,continuous,87475.3,87479.0,87435.5,87444.7,7543754.2466
2025-11-26 08:56:59.879000+00:00,2025-11-26 08:54:00+00:00,continuous,87444.8,87467.7,87368.0,87420.7,26937428.902599987
2025-11-26 08:59:59.460000+00:00,2025-11-26 08:57:00+00:00,continuous,87420.7,87427.6,87376.4,87380.6,12744400.022300005
2025-11-26 09:02:59.921000+00:00,2025-11-26 09:00:00+00:00,continuous,87380.5,87413.9,87350.2,87385.1,11345442.904299987
2025-11-26 09:05:59.424000+00:00,2025-11-26 09:03:00+00:00,continuous,87385.1,87402.7,87350.0,87373.1,5867365.285199997
2025-11-26 09:08:59.903000+00:00,2025-11-26 09:06:00+00:00,continuous,87373.0,87393.8,87273.4,87295.0,28871904.51499999
2025-11-26 09:11:59.308000+00:00,2025-11-26 09:09:00+00:00,continuous,87295.0,87354.8,87265.0,87354.7,11932891.22339999
2025-11-26 09:14:59.992000+00:00,2025-11-26 09:12:00+00:00,continuous,87354.8,87396.3,87322.0,87325.1,16004678.086299982
2025-11-26 09:17:59.863000+00:00,2025-11-26 09:15:00+00:00,continuous,87325.1,87330.8,87225.0,87246.6,19131827.83050004
2025-11-26 09:20:59.998000+00:00,2025-11-26 09:18:00+00:00,continuous,87246.6,87286.9,87179.6,87183.0,14905332.422200006
2025-11-26 09:23:59.878000+00:00,2025-11-26 09:21:00+00:00,continuous,87183.0,87189.4,87063.9,87078.3,35338094.84100003
2025-11-26 09:26:59.943000+00:00,2025-11-26 09:24:00+00:00,continuous,87078.6,87173.9,87077.6,87138.6,26275429.865399983
2025-11-26 09:29:59.342000+00:00,2025-11-26 09:27:00+00:00,continuous,87138.6,87138.6,87063.0,87075.6,16345960.191999974
2025-11-26 09:32:59.906000+00:00,2025-11-26 09:30:00+00:00,continuous,87075.7,87098.9,87040.0,87049.7,25551538.111700002
2025-11-26 09:35:59.642000+00:00,2025-11-26 09:33:00+00:00,continuous,87049.6,87049.6,86910.0,86943.3,60506205.9160999
2025-11-26 09:38:59.825000+00:00,2025-11-26 09:36:00+00:00,continuous,86943.4,87027.6,86906.8,86913.1,38226164.2904999
2025-11-26 09:41:59.850000+00:00,2025-11-26 09:39:00+00:00,continuous,86913.1,87013.7,86900.9,86918.7,39210696.184399955
2025-11-26 09:44:59.731000+00:00,2025-11-26 09:42:00+00:00,continuous,86918.6,86945.4,86916.4,86925.3,10423129.793500004
2025-11-26 09:47:59.621000+00:00,2025-11-26 09:45:00+00:00,continuous,86925.3,86941.5,86775.4,86833.8,56800332.12470011
2025-11-26 09:50:59.985000+00:00,2025-11-26 09:48:00+00:00,continuous,86833.9,86842.6,86774.0,86801.5,23892645.0015
2025-11-26 09:53:59.958000+00:00,2025-11-26 09:51:00+00:00,continuous,86801.5,86839.1,86775.0,86795.2,15782014.730800016
2025-11-26 09:56:59.418000+00:00,2025-11-26 09:54:00+00:00,continuous,86795.1,86800.1,86700.9,86752.8,30171387.829000022
2025-11-26 09:59:59.878000+00:00,2025-11-26 09:57:00+00:00,continuous,86752.8,86800.0,86748.4,86799.9,21442719.78720006
2025-11-26 10:02:59.975000+00:00,2025-11-26 10:00:00+00:00,continuous,86799.9,86992.2,86799.8,86978.2,73354385.56090009
2025-11-26 10:05:59.925000+00:00,2025-11-26 10:03:00+00:00,continuous,86978.2,87023.2,86885.5,86916.7,33016952.86470007
2025-11-26 10:08:59.786000+00:00,2025-11-26 10:06:00+00:00,continuous,86916.7,86980.0,86916.7,86969.0,14233138.159099992
2025-11-26 10:11:59.410000+00:00,2025-11-26 10:09:00+00:00,continuous,86969.0,86985.0,86945.7,86954.5,22009077.12629996
2025-11-26 10:14:59.900000+00:00,2025-11-26 10:12:00+00:00,continuous,86954.4,86954.5,86850.0,86885.8,16805048.534600012
2025-11-26 10:17:59.497000+00:00,2025-11-26 10:15:00+00:00,continuous,86885.8,86885.8,86834.9,86859.2,11804820.538800007
2025-11-26 10:20:59.977000+00:00,2025-11-26 10:18:00+00:00,continuous,86859.2,86886.9,86775.3,86817.9,24577763.094899967
2025-11-26 10:23:59.851000+00:00,2025-11-26 10:21:00+00:00,continuous,86817.5,86817.6,86752.8,86764.7,11951992.643399984
2025-11-26 10:26:59.964000+00:00,2025-11-26 10:24:00+00:00,continuous,86764.8,86835.8,86743.1,86829.0,26191003.1972
2025-11-26 10:29:59.927000+00:00,2025-11-26 10:27:00+00:00,continuous,86828.9,86851.4,86799.9,86830.0,10670709.844899977
2025-11-26 10:32:59.840000+00:00,2025-11-26 10:30:00+00:00,continuous,86830.1,86830.1,86673.8,86700.1,23429200.26109995
2025-11-26 10:35:59.718000+00:00,2025-11-26 10:33:00+00:00,continuous,86700.1,86738.1,86630.0,86668.4,41169373.81049993
2025-11-26 10:38:59.953000+00:00,2025-11-26 10:36:00+00:00,continuous,86668.6,86757.0,86668.6,86750.0,20654455.84610007
2025-11-26 10:41:59.729000+00:00,2025-11-26 10:39:00+00:00,continuous,86750.1,86878.9,86750.0,86877.8,21459644.444299996
2025-11-26 10:44:59.672000+00:00,2025-11-26 10:42:00+00:00,continuous,86877.9,86900.0,86816.6,86850.1,15167984.066399978
2025-11-26 10:47:59.908000+00:00,2025-11-26 10:45:00+00:00,continuous,86850.1,86850.1,86754.1,86794.7,15921408.10050002
2025-11-26 10:50:59.871000+00:00,2025-11-26 10:48:00+00:00,continuous,86794.8,86904.6,86785.5,86885.8,18439551.625499964
2025-11-26 10:53:59.839000+00:00,2025-11-26 10:51:00+00:00,continuous,86885.8,86948.6,86879.8,86944.2,18394631.735399973
2025-11-26 10:56:59.919000+00:00,2025-11-26 10:54:00+00:00,continuous,86944.1,86957.0,86891.6,86902.0,12359698.561600007
2025-11-26 10:59:59.588000+00:00,2025-11-26 10:57:00+00:00,continuous,86902.0,86916.1,86901.9,86916.1,6653821.071900008
2025-11-26 11:02:59.175000+00:00,2025-11-26 11:00:00+00:00,continuous,86916.1,86916.1,86804.0,86808.1,15623686.705200022
2025-11-26 11:05:59.719000+00:00,2025-11-26 11:03:00+00:00,continuous,86808.1,86896.4,86808.0,86892.1,8209797.775999998
2025-11-26 11:08:59.893000+00:00,2025-11-26 11:06:00+00:00,continuous,86892.0,86958.8,86872.6,86898.1,19325135.654400013
2025-11-26 11:11:59.695000+00:00,2025-11-26 11:09:00+00:00,continuous,86898.1,86945.5,86886.0,86923.7,8140234.839899986
2025-11-26 11:14:59.354000+00:00,2025-11-26 11:12:00+00:00,continuous,86923.8,86954.7,86917.0,86943.1,10280454.330600014
2025-11-26 11:17:59.880000+00:00,2025-11-26 11:15:00+00:00,continuous,86943.1,86971.1,86859.0,86917.6,12901570.753999988
2025-11-26 11:20:59.986000+00:00,2025-11-26 11:18:00+00:00,continuous,86917.7,86935.6,86867.0,86875.1,6048623.631499987
2025-11-26 11:23:59.938000+00:00,2025-11-26 11:21:00+00:00,continuous,86875.0,86892.5,86837.9,86838.0,8797298.48700001
2025-11-26 11:26:57.268000+00:00,2025-11-26 11:24:00+00:00,continuous,86837.9,86881.3,86831.9,86866.8,8795365.310300006
2025-11-26 11:29:59.902000+00:00,2025-11-26 11:27:00+00:00,continuous,86866.9,86902.8,86825.0,86851.9,64923213.776500076
2025-11-26 11:32:59.856000+00:00,2025-11-26 11:30:00+00:00,continuous,86851.9,86907.0,86851.8,86854.7,6661634.943600004
2025-11-26 11:35:59.754000+00:00,2025-11-26 11:33:00+00:00,continuous,86854.7,86874.5,86823.9,86874.5,6766888.23590001
2025-11-26 11:38:59.917000+00:00,2025-11-26 11:36:00+00:00,continuous,86874.5,86925.9,86850.0,86850.1,7282711.818700008
2025-11-26 11:41:59.609000+00:00,2025-11-26 11:39:00+00:00,continuous,86850.0,86978.4,86842.1,86978.0,14956019.981599981
2025-11-26 11:44:59.800000+00:00,2025-11-26 11:42:00+00:00,continuous,86978.1,87019.3,86971.7,87010.0,22844312.674699925
2025-11-26 11:47:59.980000+00:00,2025-11-26 11:45:00+00:00,continuous,87009.9,87051.1,86977.0,86982.9,18381202.142200004
2025-11-26 11:50:59.658000+00:00,2025-11-26 11:48:00+00:00,continuous,86982.8,86982.9,86905.0,86914.3,11034848.612800049
2025-11-26 11:53:59.840000+00:00,2025-11-26 11:51:00+00:00,continuous,86914.2,86991.5,86908.1,86991.4,9331061.478900006
2025-11-26 11:56:59.982000+00:00,2025-11-26 11:54:00+00:00,continuous,86991.5,87032.7,86972.6,87006.5,15971303.328799987
2025-11-26 11:59:59.893000+00:00,2025-11-26 11:57:00+00:00,continuous,87006.5,87062.4,86993.3,87049.2,13896195.284700003
2025-11-26 12:02:59.878000+00:00,2025-11-26 12:00:00+00:00,continuous,87049.1,87134.5,87020.0,87037.8,32762281.99209994
2025-11-26 12:05:59.920000+00:00,2025-11-26 12:03:00+00:00,continuous,87037.8,87037.8,86666.6,86770.2,69407007.30969983
2025-11-26 12:08:59.893000+00:00,2025-11-26 12:06:00+00:00,continuous,86770.1,86827.0,86700.0,86700.1,54852373.59030022
2025-11-26 12:11:59.780000+00:00,2025-11-26 12:09:00+00:00,continuous,86700.0,86751.6,86660.2,86713.4,44178812.238499954
2025-11-26 12:14:59.911000+00:00,2025-11-26 12:12:00+00:00,continuous,86713.4,86713.4,86508.4,86530.6,74070610.48470013
2025-11-26 12:17:59.895000+00:00,2025-11-26 12:15:00+00:00,continuous,86530.5,86570.0,86358.5,86490.2,119896969.04479992
2025-11-26 12:20:59.971000+00:00,2025-11-26 12:18:00+00:00,continuous,86490.2,86538.4,86358.4,86408.0,42048984.828500204
2025-11-26 12:23:59.844000+00:00,2025-11-26 12:21:00+00:00,continuous,86407.9,86445.1,86260.9,86378.4,82612561.16770005
2025-11-26 12:26:59.815000+00:00,2025-11-26 12:24:00+00:00,continuous,86378.4,86482.3,86378.4,86430.4,31174945.849899977
2025-11-26 12:29:59.833000+00:00,2025-11-26 12:27:00+00:00,continuous,86430.4,86496.6,86416.0,86470.3,15738964.854300011
2025-11-26 12:32:59.875000+00:00,2025-11-26 12:30:00+00:00,continuous,86470.3,86482.4,86380.4,86431.9,21226647.272900067
2025-11-26 12:35:59.858000+00:00,2025-11-26 12:33:00+00:00,continuous,86431.9,86450.0,86391.7,86437.9,11630286.121100014
2025-11-26 12:38:59.818000+00:00,2025-11-26 12:36:00+00:00,continuous,86438.0,86553.1,86437.9,86505.6,25481673.074299987
2025-11-26 12:41:59.843000+00:00,2025-11-26 12:39:00+00:00,continuous,86505.7,86637.3,86502.8,86626.2,40923209.160100065
2025-11-26 12:44:59.850000+00:00,2025-11-26 12:42:00+00:00,continuous,86626.1,86634.4,86573.7,86573.7,15705765.970099999
2025-11-26 12:47:59.885000+00:00,2025-11-26 12:45:00+00:00,continuous,86573.7,86652.0,86573.7,86636.0,14124471.2548
2025-11-26 12:50:59.899000+00:00,2025-11-26 12:48:00+00:00,continuous,86636.0,86679.0,86557.5,86602.0,18671344.01919999
2025-11-26 12:53:59.911000+00:00,2025-11-26 12:51:00+00:00,continuous,86602.0,86602.0,86560.0,86585.9,14753472.574500006
2025-11-26 12:56:59.278000+00:00,2025-11-26 12:54:00+00:00,continuous,86586.0,86659.0,86582.6,86642.9,12470010.901399998
2025-11-26 12:59:59.829000+00:00,2025-11-26 12:57:00+00:00,continuous,86643.0,86643.0,86601.0,86601.1,11443101.640800014
2025-11-26 13:02:59.795000+00:00,2025-11-26 13:00:00+00:00,continuous,86601.0,86650.0,86517.9,86548.7,18642026.53670001
2025-11-26 13:05:59.924000+00:00,2025-11-26 13:03:00+00:00,continuous,86548.7,86649.4,86548.7,86635.5,21605076.98259992
2025-11-26 13:08:59.510000+00:00,2025-11-26 13:06:00+00:00,continuous,86635.5,86636.1,86574.4,86588.0,8665229.742099993
2025-11-26 13:11:59.606000+00:00,2025-11-26 13:09:00+00:00,continuous,86588.0,86597.4,86536.7,86592.9,6262660.625499995
2025-11-26 13:14:59.660000+00:00,2025-11-26 13:12:00+00:00,continuous,86592.9,86622.8,86545.0,86545.1,8966821.423899999
2025-11-26 13:17:59.809000+00:00,2025-11-26 13:15:00+00:00,continuous,86545.0,86622.0,86536.1,86570.6,11157237.150599988
2025-11-26 13:20:59.888000+00:00,2025-11-26 13:18:00+00:00,continuous,86570.7,86730.0,86543.3,86722.5,29190591.49310006
2025-11-26 13:23:59.846000+00:00,2025-11-26 13:21:00+00:00,continuous,86722.5,86722.5,86653.4,86696.4,11864201.93440001
2025-11-26 13:26:59.801000+00:00,2025-11-26 13:24:00+00:00,continuous,86696.4,86749.9,86672.2,86731.4,16196081.308700021
2025-11-26 13:29:59.844000+00:00,2025-11-26 13:27:00+00:00,continuous,86731.3,86785.9,86669.3,86669.3,46273707.99060008
2025-11-26 13:32:59.840000+00:00,2025-11-26 13:30:00+00:00,continuous,86669.2,86755.3,86537.8,86601.8,36543163.150599904
2025-11-26 13:35:59.955000+00:00,2025-11-26 13:33:00+00:00,continuous,86601.7,86679.8,86562.0,86679.8,13437288.025399955
2025-11-26 13:38:59.978000+00:00,2025-11-26 13:36:00+00:00,continuous,86679.8,86850.0,86640.6,86846.2,57445875.53540009
2025-11-26 13:41:59.909000+00:00,2025-11-26 13:39:00+00:00,continuous,86846.1,87078.3,86844.1,87002.7,103584274.6661002
2025-11-26 13:44:59.703000+00:00,2025-11-26 13:42:00+00:00,continuous,87002.8,87069.0,86904.7,86959.8,30199913.816500004
2025-11-26 13:47:59.969000+00:00,2025-11-26 13:45:00+00:00,continuous,86959.7,86970.0,86903.9,86915.3,18162388.812300023
2025-11-26 13:50:59.838000+00:00,2025-11-26 13:48:00+00:00,continuous,86915.5,87007.4,86881.3,87007.2,41147411.133099996
2025-11-26 13:53:59.599000+00:00,2025-11-26 13:51:00+00:00,continuous,87007.2,87034.6,86889.4,86934.9,12570973.778699964
2025-11-26 13:56:59.954000+00:00,2025-11-26 13:54:00+00:00,continuous,86934.8,87002.2,86910.1,86978.6,11850287.686399989
2025-11-26 13:59:59.814000+00:00,2025-11-26 13:57:00+00:00,continuous,86978.6,87087.3,86953.7,87082.0,35734787.80239989
2025-11-26 14:02:59.777000+00:00,2025-11-26 14:00:00+00:00,continuous,87082.1,87082.1,86896.7,86917.9,26591386.70040002
2025-11-26 14:05:59.993000+00:00,2025-11-26 14:03:00+00:00,continuous,86917.9,87005.9,86917.9,86983.0,14092715.181699978
2025-11-26 14:08:59.915000+00:00,2025-11-26 14:06:00+00:00,continuous,86983.1,87056.2,86958.0,87005.4,10463957.661600014
2025-11-26 14:11:59.827000+00:00,2025-11-26 14:09:00+00:00,continuous,87005.4,87090.9,86950.7,87088.9,32498936.81119996
2025-11-26 14:14:59.864000+00:00,2025-11-26 14:12:00+00:00,continuous,87088.9,87299.7,87088.8,87264.1,91950213.13140039
2025-11-26 14:17:59.496000+00:00,2025-11-26 14:15:00+00:00,continuous,87264.2,87274.3,87157.6,87193.1,33448905.40549987
2025-11-26 14:20:59.868000+00:00,2025-11-26 14:18:00+00:00,continuous,87193.2,87247.8,87160.4,87201.8,18954479.214
2025-11-26 14:23:59.953000+00:00,2025-11-26 14:21:00+00:00,continuous,87201.8,87300.0,87201.8,87265.8,22629235.084800012
2025-11-26 14:26:59.958000+00:00,2025-11-26 14:24:00+00:00,continuous,87265.8,87265.9,87206.1,87221.3,14568148.225500027
2025-11-26 14:29:59.690000+00:00,2025-11-26 14:27:00+00:00,continuous,87221.4,87291.3,87212.6,87261.1,23203117.374900006
2025-11-26 14:32:59.901000+00:00,2025-11-26 14:30:00+00:00,continuous,87261.0,87437.2,87133.8,87308.0,85432807.2304003
2025-11-26 14:35:59.936000+00:00,2025-11-26 14:33:00+00:00,continuous,87308.1,87308.2,87028.9,87255.4,49238063.63520012
2025-11-26 14:38:59.938000+00:00,2025-11-26 14:36:00+00:00,continuous,87255.4,87325.0,87180.1,87284.6,45900416.99480011
2025-11-26 14:41:59.852000+00:00,2025-11-26 14:39:00+00:00,continuous,87284.7,87539.0,87225.4,87407.7,82629376.78070007
2025-11-26 14:44:59.545000+00:00,2025-11-26 14:42:00+00:00,continuous,87407.7,87417.4,87179.9,87248.4,39880038.1283
2025-11-26 14:47:59.871000+00:00,2025-11-26 14:45:00+00:00,continuous,87248.4,87419.0,87240.0,87415.8,30650109.564800028
2025-11-26 14:50:59.968000+00:00,2025-11-26 14:48:00+00:00,continuous,87415.8,87646.8,87409.3,87492.4,84515703.89889954
2025-11-26 14:53:59.987000+00:00,2025-11-26 14:51:00+00:00,continuous,87492.3,87492.3,87264.9,87300.6,42415689.3494
2025-11-26 14:56:59.952000+00:00,2025-11-26 14:54:00+00:00,continuous,87300.7,87300.7,87035.4,87067.9,76615764.38920066
2025-11-26 14:59:59.947000+00:00,2025-11-26 14:57:00+00:00,continuous,87067.9,87114.7,86716.0,86858.1,125617182.56929967
2025-11-26 15:02:59.916000+00:00,2025-11-26 15:00:00+00:00,continuous,86858.0,87072.9,86810.1,87046.1,64459703.39409994
2025-11-26 15:05:59.670000+00:00,2025-11-26 15:03:00+00:00,continuous,87046.0,87083.3,86880.0,86924.3,41253021.91789998
2025-11-26 15:08:59.741000+00:00,2025-11-26 15:06:00+00:00,continuous,86924.3,87157.1,86904.3,87124.4,32595325.53480008
2025-11-26 15:11:59.942000+00:00,2025-11-26 15:09:00+00:00,continuous,87124.5,87177.0,87000.0,87037.6,18139105.401600026
2025-11-26 15:14:59.976000+00:00,2025-11-26 15:12:00+00:00,continuous,87037.5,87077.8,86928.7,86977.2,19332378.66059997
2025-11-26 15:17:59.882000+00:00,2025-11-26 15:15:00+00:00,continuous,86977.2,87125.0,86813.5,87111.8,36836601.119400024
2025-11-26 15:20:59.684000+00:00,2025-11-26 15:18:00+00:00,continuous,87111.9,87186.0,86903.3,86933.0,25921413.76450004
2025-11-26 15:23:59.825000+00:00,2025-11-26 15:21:00+00:00,continuous,86933.0,87024.0,86857.2,86890.4,37855074.16669995
2025-11-26 15:26:59.988000+00:00,2025-11-26 15:24:00+00:00,continuous,86890.3,87155.0,86852.8,87155.0,25885076.87039998
2025-11-26 15:29:59.963000+00:00,2025-11-26 15:27:00+00:00,continuous,87155.1,87287.5,87117.9,87218.7,40861410.30680004
2025-11-26 15:32:59.402000+00:00,2025-11-26 15:30:00+00:00,continuous,87218.8,87318.0,87183.9,87183.9,27809016.357699953
2025-11-26 15:35:59.758000+00:00,2025-11-26 15:33:00+00:00,continuous,87183.9,87200.0,87061.8,87137.7,39472557.37379999
2025-11-26 15:38:59.982000+00:00,2025-11-26 15:36:00+00:00,continuous,87137.6,87181.0,87037.4,87065.5,20932556.773599926
2025-11-26 15:41:59.645000+00:00,2025-11-26 15:39:00+00:00,continuous,87065.4,87114.6,86952.9,87034.6,26794658.019199967
2025-11-26 15:44:59.989000+00:00,2025-11-26 15:42:00+00:00,continuous,87034.7,87034.7,86816.2,86835.6,116305340.52009997
2025-11-26 15:47:59.999000+00:00,2025-11-26 15:45:00+00:00,continuous,86835.5,86835.6,86596.6,86792.8,122629206.37820023
2025-11-26 15:50:59.794000+00:00,2025-11-26 15:48:00+00:00,continuous,86792.8,86827.7,86715.5,86816.5,25984880.336
2025-11-26 15:53:59.895000+00:00,2025-11-26 15:51:00+00:00,continuous,86816.4,86949.2,86780.1,86905.2,52882602.16240001
2025-11-26 15:56:59.750000+00:00,2025-11-26 15:54:00+00:00,continuous,86905.2,86963.3,86845.6,86928.5,52963402.62299997
2025-11-26 15:59:59.854000+00:00,2025-11-26 15:57:00+00:00,continuous,86928.6,86957.9,86789.5,86926.2,80959686.47790018
2025-11-26 16:02:59.796000+00:00,2025-11-26 16:00:00+00:00,continuous,86926.3,87081.4,86914.3,87081.4,41100540.54339997
2025-11-26 16:05:59.857000+00:00,2025-11-26 16:03:00+00:00,continuous,87081.4,87299.9,87081.3,87290.0,54718926.92839998
2025-11-26 16:08:59.932000+00:00,2025-11-26 16:06:00+00:00,continuous,87290.0,87346.8,87260.4,87284.7,39548421.37289998
2025-11-26 16:11:59.891000+00:00,2025-11-26 16:09:00+00:00,continuous,87284.6,87474.6,87243.3,87463.9,47777983.3337999
2025-11-26 16:14:59.818000+00:00,2025-11-26 16:12:00+00:00,continuous,87463.8,87522.0,87429.8,87514.0,43671431.30399986
2025-11-26 16:17:59.807000+00:00,2025-11-26 16:15:00+00:00,continuous,87514.1,87811.2,87514.0,87609.3,124692049.27019969
2025-11-26 16:20:59.586000+00:00,2025-11-26 16:18:00+00:00,continuous,87609.3,87703.8,87545.8,87641.1,33938634.29280003
2025-11-26 16:23:59.488000+00:00,2025-11-26 16:21:00+00:00,continuous,87641.1,87683.4,87581.7,87624.1,24709695.91240006
2025-11-26 16:26:59.946000+00:00,2025-11-26 16:24:00+00:00,continuous,87624.1,87710.9,87548.6,87603.0,30970058.377300024
2025-11-26 16:29:59.846000+00:00,2025-11-26 16:27:00+00:00,continuous,87603.0,87630.1,87529.0,87538.1,21730403.45200004
2025-11-26 16:32:59.901000+00:00,2025-11-26 16:30:00+00:00,continuous,87538.1,87690.4,87525.6,87690.4,25720218.90179999
2025-11-26 16:35:59.789000+00:00,2025-11-26 16:33:00+00:00,continuous,87690.4,87777.0,87636.0,87776.9,31680192.229199998
2025-11-26 16:38:59.805000+00:00,2025-11-26 16:36:00+00:00,continuous,87776.9,87939.3,87763.3,87827.0,95053643.79150015
2025-11-26 16:41:59.934000+00:00,2025-11-26 16:39:00+00:00,continuous,87826.9,87827.0,87654.2,87673.9,33261856.711600035
2025-11-26 16:44:59.994000+00:00,2025-11-26 16:42:00+00:00,continuous,87674.0,87727.2,87454.1,87579.1,63712561.58850005
2025-11-26 16:47:59.994000+00:00,2025-11-26 16:45:00+00:00,continuous,87579.2,87697.6,87561.1,87602.4,33951424.40889991
2025-11-26 16:50:59.970000+00:00,2025-11-26 16:48:00+00:00,continuous,87602.3,87650.8,87586.6,87590.9,36454809.33760001
2025-11-26 16:53:59.856000+00:00,2025-11-26 16:51:00+00:00,continuous,87591.0,87591.1,87455.0,87455.0,39148523.605000004
2025-11-26 16:56:59.807000+00:00,2025-11-26 16:54:00+00:00,continuous,87455.0,87796.2,87455.0,87796.1,35172956.355099976
2025-11-26 16:59:59.996000+00:00,2025-11-26 16:57:00+00:00,continuous,87796.1,87816.0,87771.0,87778.9,18052103.62369998
2025-11-26 17:02:59.855000+00:00,2025-11-26 17:00:00+00:00,continuous,87779.0,87874.6,87779.0,87811.8,32947718.953900065
2025-11-26 17:05:59.882000+00:00,2025-11-26 17:03:00+00:00,continuous,87811.8,87850.0,87703.3,87850.0,21614896.77679997
2025-11-26 17:08:59.873000+00:00,2025-11-26 17:06:00+00:00,continuous,87850.0,87892.4,87783.4,87792.7,20076747.043799892
2025-11-26 17:11:59.930000+00:00,2025-11-26 17:09:00+00:00,continuous,87792.6,87874.8,87778.5,87855.8,16481909.956199996
2025-11-26 17:14:59.869000+00:00,2025-11-26 17:12:00+00:00,continuous,87855.7,87948.0,87813.0,87813.0,25076184.590199973
2025-11-26 17:17:59.978000+00:00,2025-11-26 17:15:00+00:00,continuous,87813.0,87854.5,87748.6,87814.2,32535235.90170005
2025-11-26 17:20:59.997000+00:00,2025-11-26 17:18:00+00:00,continuous,87814.2,87823.5,87663.4,87719.9,33718032.60729998
2025-11-26 17:23:59.998000+00:00,2025-11-26 17:21:00+00:00,continuous,87720.0,87819.5,87711.7,87817.1,17172589.0297
2025-11-26 17:26:59.999000+00:00,2025-11-26 17:24:00+00:00,continuous,87817.1,88440.5,87804.0,88420.7,213660620.21249968
2025-11-26 17:29:59.957000+00:00,2025-11-26 17:27:00+00:00,continuous,88421.2,88784.7,88361.9,88621.0,305198150.3184009
2025-11-26 17:32:59.952000+00:00,2025-11-26 17:30:00+00:00,continuous,88620.9,88800.0,88520.0,88656.4,113501305.57680003
2025-11-26 17:35:59.924000+00:00,2025-11-26 17:33:00+00:00,continuous,88656.5,89079.9,88656.4,89020.5,209151730.72339976
2025-11-26 17:38:59.967000+00:00,2025-11-26 17:36:00+00:00,continuous,89020.5,89176.4,88945.2,89056.2,123323834.27890004
2025-11-26 17:41:59.945000+00:00,2025-11-26 17:39:00+00:00,continuous,89056.1,89154.7,88999.9,89154.7,70863529.6443001
2025-11-26 17:44:59.985000+00:00,2025-11-26 17:42:00+00:00,continuous,89154.7,89479.3,89154.6,89473.2,169380920.85280037
2025-11-26 17:47:59.968000+00:00,2025-11-26 17:45:00+00:00,continuous,89473.1,89779.9,89452.7,89777.7,165140873.97749934
2025-11-26 17:50:59.889000+00:00,2025-11-26 17:48:00+00:00,continuous,89777.9,89850.0,89609.8,89647.4,146803683.10550007
2025-11-26 17:53:59.956000+00:00,2025-11-26 17:51:00+00:00,continuous,89647.4,89732.8,89465.4,89539.8,123590392.30830006
2025-11-26 17:56:59.968000+00:00,2025-11-26 17:54:00+00:00,continuous,89539.8,89830.3,89539.8,89789.6,75768969.37849979
2025-11-26 17:59:59.949000+00:00,2025-11-26 17:57:00+00:00,continuous,89789.7,89927.6,89775.3,89792.5,92429811.42389984
2025-11-26 18:02:59.999000+00:00,2025-11-26 18:00:00+00:00,continuous,89792.4,89937.2,89780.7,89866.8,88101486.58239982
2025-11-26 18:05:59.932000+00:00,2025-11-26 18:03:00+00:00,continuous,89866.9,89961.9,89710.5,89877.0,89702633.87529992
2025-11-26 18:08:59.966000+00:00,2025-11-26 18:06:00+00:00,continuous,89877.1,90090.2,89835.1,90039.9,154346518.7295994
2025-11-26 18:11:59.733000+00:00,2025-11-26 18:09:00+00:00,continuous,90040.0,90053.9,89630.3,89945.2,176291207.36790043
2025-11-26 18:14:59.918000+00:00,2025-11-26 18:12:00+00:00,continuous,89945.2,90028.6,89928.0,90001.0,54327647.40050001
2025-11-26 18:17:59.994000+00:00,2025-11-26 18:15:00+00:00,continuous,90001.1,90314.4,90001.0,90273.2,173717024.84410045
2025-11-26 18:20:59.898000+00:00,2025-11-26 18:18:00+00:00,continuous,90273.1,90273.2,90021.5,90063.5,54040262.81230001
2025-11-26 18:23:59.984000+00:00,2025-11-26 18:21:00+00:00,continuous,90063.4,90225.1,90041.5,90055.4,29739922.40300005
2025-11-26 18:26:59.871000+00:00,2025-11-26 18:24:00+00:00,continuous,90055.7,90343.2,90053.8,90274.6,53529705.54410002
2025-11-26 18:29:59.962000+00:00,2025-11-26 18:27:00+00:00,continuous,90274.6,90362.7,90222.3,90297.0,59953858.73879999
2025-11-26 18:32:59.883000+00:00,2025-11-26 18:30:00+00:00,continuous,90297.0,90320.8,90000.1,90010.7,73873611.11349988
2025-11-26 18:35:59.805000+00:00,2025-11-26 18:33:00+00:00,continuous,90010.6,90029.6,89890.5,89957.1,81147391.78250001
2025-11-26 18:38:59.801000+00:00,2025-11-26 18:36:00+00:00,continuous,89957.1,89998.1,89743.7,89783.8,72924146.45610002
2025-11-26 18:41:59.764000+00:00,2025-11-26 18:39:00+00:00,continuous,89783.8,89980.0,89751.0,89953.2,64519811.849600144
2025-11-26 18:44:59.989000+00:00,2025-11-26 18:42:00+00:00,continuous,89953.2,89999.7,89665.5,89680.0,61292344.16169999
2025-11-26 18:47:59.663000+00:00,2025-11-26 18:45:00+00:00,continuous,89679.9,89874.0,89676.3,89851.8,31532203.863000024
2025-11-26 18:50:59.957000+00:00,2025-11-26 18:48:00+00:00,continuous,89851.7,90022.9,89851.7,90020.1,28195481.63319994
2025-11-26 18:53:59.693000+00:00,2025-11-26 18:51:00+00:00,continuous,90020.0,90053.9,89932.3,90008.8,23675229.486500014
2025-11-26 18:56:59.855000+00:00,2025-11-26 18:54:00+00:00,continuous,90008.9,90034.9,89933.2,90022.3,15711636.561100028
2025-11-26 18:59:59.987000+00:00,2025-11-26 18:57:00+00:00,continuous,90022.3,90120.0,90004.5,90103.4,26024712.972000003
2025-11-26 19:02:59.955000+00:00,2025-11-26 19:00:00+00:00,continuous,90103.5,90150.1,90049.4,90116.6,35015196.710699916
2025-11-26 19:05:59.972000+00:00,2025-11-26 19:03:00+00:00,continuous,90116.6,90127.3,89880.6,89917.9,35610013.291200064
2025-11-26 19:08:59.434000+00:00,2025-11-26 19:06:00+00:00,continuous,89917.9,89954.2,89849.8,89850.0,20816949.094699915
2025-11-26 19:11:59.683000+00:00,2025-11-26 19:09:00+00:00,continuous,89850.0,90016.1,89832.8,89910.1,34126286.922400005
2025-11-26 19:14:59.807000+00:00,2025-11-26 19:12:00+00:00,continuous,89910.2,89924.2,89714.2,89789.9,71620405.77449994
2025-11-26 19:17:59.989000+00:00,2025-11-26 19:15:00+00:00,continuous,89789.8,89879.6,89697.2,89850.5,36259894.60390005
2025-11-26 19:20:59.694000+00:00,2025-11-26 19:18:00+00:00,continuous,89850.6,89964.8,89825.2,89940.8,20598757.39120003
2025-11-26 19:23:59.930000+00:00,2025-11-26 19:21:00+00:00,continuous,89940.8,89977.8,89787.8,89793.8,26769729.031899944
2025-11-26 19:26:59.814000+00:00,2025-11-26 19:24:00+00:00,continuous,89793.7,89810.0,89692.3,89790.1,39234388.3066
2025-11-26 19:29:59.883000+00:00,2025-11-26 19:27:00+00:00,continuous,89790.1,89800.0,89696.0,89749.9,16352342.184199998
2025-11-26 19:32:59.884000+00:00,2025-11-26 19:30:00+00:00,continuous,89750.0,89840.0,89734.4,89784.3,38240839.250800006
2025-11-26 19:35:59.893000+00:00,2025-11-26 19:33:00+00:00,continuous,89784.3,89868.9,89700.7,89788.0,23325456.474099997
2025-11-26 19:38:59.790000+00:00,2025-11-26 19:36:00+00:00,continuous,89788.0,89818.9,89723.6,89811.8,13963613.565099984
2025-11-26 19:41:59.660000+00:00,2025-11-26 19:39:00+00:00,continuous,89811.9,89995.6,89774.7,89928.4,30547616.756700024
2025-11-26 19:44:59.592000+00:00,2025-11-26 19:42:00+00:00,continuous,89928.5,89928.5,89812.0,89824.7,12671047.159000004
2025-11-26 19:47:59.647000+00:00,2025-11-26 19:45:00+00:00,continuous,89824.7,89854.7,89774.8,89843.9,11122341.898299977
2025-11-26 19:50:59.377000+00:00,2025-11-26 19:48:00+00:00,continuous,89844.0,89890.4,89750.0,89890.3,13122854.344800003
2025-11-26 19:53:59.799000+00:00,2025-11-26 19:51:00+00:00,continuous,89890.4,90000.0,89890.4,89919.5,25770687.250200044
2025-11-26 19:56:59.749000+00:00,2025-11-26 19:54:00+00:00,continuous,89919.4,90011.0,89905.4,89944.7,19241079.362199966
2025-11-26 19:59:59.795000+00:00,2025-11-26 19:57:00+00:00,continuous,89944.7,89963.2,89874.4,89923.3,18319066.895199984
2025-11-26 20:02:59.383000+00:00,2025-11-26 20:00:00+00:00,continuous,89923.3,89923.3,89811.5,89894.7,28765184.804199934
2025-11-26 20:05:59.906000+00:00,2025-11-26 20:03:00+00:00,continuous,89894.6,89894.7,89621.1,89621.2,36656018.00219996
2025-11-26 20:08:59.999000+00:00,2025-11-26 20:06:00+00:00,continuous,89621.2,89641.9,89458.7,89536.0,65374042.256800026
2025-11-26 20:11:59.847000+00:00,2025-11-26 20:09:00+00:00,continuous,89535.9,89812.0,89528.1,89779.7,31920504.323299956
2025-11-26 20:14:59.946000+00:00,2025-11-26 20:12:00+00:00,continuous,89779.6,89959.4,89779.6,89933.3,41116560.13810012
2025-11-26 20:17:59.891000+00:00,2025-11-26 20:15:00+00:00,continuous,89933.4,89985.4,89882.2,89917.8,21788454.211999945
2025-11-26 20:20:59.859000+00:00,2025-11-26 20:18:00+00:00,continuous,89917.7,89917.7,89777.0,89782.5,41578503.581800036
2025-11-26 20:23:59.988000+00:00,2025-11-26 20:21:00+00:00,continuous,89782.6,89941.0,89782.5,89906.6,23056568.9748
2025-11-26 20:26:59.995000+00:00,2025-11-26 20:24:00+00:00,continuous,89906.6,90069.2,89891.7,90001.8,39606453.98380002
2025-11-26 20:29:59.040000+00:00,2025-11-26 20:27:00+00:00,continuous,90002.4,90052.0,89906.9,89955.5,21579435.832000013
2025-11-26 20:32:59.415000+00:00,2025-11-26 20:30:00+00:00,continuous,89955.5,90019.0,89916.6,89987.7,27158084.810699977
2025-11-26 20:35:59.165000+00:00,2025-11-26 20:33:00+00:00,continuous,89987.7,89987.7,89789.1,89835.1,29645133.434899986
2025-11-26 20:38:58.677000+00:00,2025-11-26 20:36:00+00:00,continuous,89835.2,89907.4,89817.7,89865.5,12829843.70169999
2025-11-26 20:41:59.935000+00:00,2025-11-26 20:39:00+00:00,continuous,89865.5,89925.3,89788.2,89834.0,12140614.342999993
2025-11-26 20:44:59.704000+00:00,2025-11-26 20:42:00+00:00,continuous,89834.0,89871.0,89624.3,89626.0,31700155.870699994
2025-11-26 20:47:59.484000+00:00,2025-11-26 20:45:00+00:00,continuous,89626.0,89703.1,89600.4,89641.9,21450275.77240002
2025-11-26 20:50:59.784000+00:00,2025-11-26 20:48:00+00:00,continuous,89641.9,89732.2,89611.2,89716.9,17422315.41010005
2025-11-26 20:53:59.736000+00:00,2025-11-26 20:51:00+00:00,continuous,89716.9,89859.6,89716.4,89859.6,14490119.866799997
2025-11-26 20:56:59.580000+00:00,2025-11-26 20:54:00+00:00,continuous,89859.6,89883.3,89827.8,89853.6,15195441.83809997
2025-11-26 20:59:59.717000+00:00,2025-11-26 20:57:00+00:00,continuous,89853.5,89890.0,89793.2,89811.0,22352311.463299952
2025-11-26 21:02:59.901000+00:00,2025-11-26 21:00:00+00:00,continuous,89811.0,89950.0,89811.0,89900.0,29531717.290300008
2025-11-26 21:05:59.671000+00:00,2025-11-26 21:03:00+00:00,continuous,89900.0,89975.7,89824.7,89842.3,16242062.437499978
2025-11-26 21:08:59.567000+00:00,2025-11-26 21:06:00+00:00,continuous,89842.2,89889.8,89818.4,89846.9,10028708.779900007
2025-11-26 21:11:59.633000+00:00,2025-11-26 21:09:00+00:00,continuous,89846.8,89846.9,89778.5,89824.8,11809824.732299997
2025-11-26 21:14:59.910000+00:00,2025-11-26 21:12:00+00:00,continuous,89824.7,89846.9,89777.2,89777.3,7265097.9725000085
2025-11-26 21:17:59.543000+00:00,2025-11-26 21:15:00+00:00,continuous,89777.2,89890.1,89766.4,89865.5,13550442.853000011
2025-11-26 21:20:59.692000+00:00,2025-11-26 21:18:00+00:00,continuous,89865.5,89882.6,89759.0,89803.8,16024179.347200017
2025-11-26 21:23:59.406000+00:00,2025-11-26 21:21:00+00:00,continuous,89803.9,89885.5,89780.4,89885.5,12540896.448399993
2025-11-26 21:26:59.896000+00:00,2025-11-26 21:24:00+00:00,continuous,89885.4,90250.0,89885.4,90185.2,142068343.35740036
2025-11-26 21:29:59.735000+00:00,2025-11-26 21:27:00+00:00,continuous,90185.3,90242.3,90129.4,90213.9,29034230.127400007
2025-11-26 21:32:59.953000+00:00,2025-11-26 21:30:00+00:00,continuous,90213.8,90468.4,90189.6,90367.1,74916561.58180012
2025-11-26 21:35:59.454000+00:00,2025-11-26 21:33:00+00:00,continuous,90367.0,90367.1,90176.5,90231.3,32904037.92290007
2025-11-26 21:38:59.897000+00:00,2025-11-26 21:36:00+00:00,continuous,90231.2,90309.7,90091.9,90224.5,32329659.741899956
2025-11-26 21:41:59.976000+00:00,2025-11-26 21:39:00+00:00,continuous,90224.6,90225.4,90167.8,90167.8,15112433.027600003
2025-11-26 21:44:59.670000+00:00,2025-11-26 21:42:00+00:00,continuous,90167.8,90202.6,90107.5,90186.5,13042577.60300001
2025-11-26 21:47:59.986000+00:00,2025-11-26 21:45:00+00:00,continuous,90186.5,90321.0,90185.1,90303.6,16629082.680199994
2025-11-26 21:50:59.910000+00:00,2025-11-26 21:48:00+00:00,continuous,90303.9,90333.0,90290.2,90290.2,9717008.796500036
2025-11-26 21:53:59.976000+00:00,2025-11-26 21:51:00+00:00,continuous,90290.3,90320.9,90286.4,90300.6,8861979.16079999
2025-11-26 21:56:59.892000+00:00,2025-11-26 21:54:00+00:00,continuous,90300.6,90318.4,90120.4,90172.5,27911707.916700013
2025-11-26 21:59:59.977000+00:00,2025-11-26 21:57:00+00:00,continuous,90172.5,90172.5,90113.1,90142.8,13962956.07159999
2025-11-26 22:02:59.976000+00:00,2025-11-26 22:00:00+00:00,continuous,90142.8,90164.9,90074.6,90081.7,15935540.906500004
2025-11-26 22:05:59.726000+00:00,2025-11-26 22:03:00+00:00,continuous,90081.6,90142.0,90081.6,90121.5,10928980.996400015
2025-11-26 22:08:59.513000+00:00,2025-11-26 22:06:00+00:00,continuous,90121.4,90259.1,90121.4,90243.3,16776819.494199969
2025-11-26 22:11:59.789000+00:00,2025-11-26 22:09:00+00:00,continuous,90243.2,90655.4,90243.2,90483.6,79925460.93219975
2025-11-26 22:14:59.631000+00:00,2025-11-26 22:12:00+00:00,continuous,90483.5,90496.4,90256.5,90273.7,29301237.065700002
2025-11-26 22:17:59.572000+00:00,2025-11-26 22:15:00+00:00,continuous,90273.7,90347.9,90236.1,90321.9,17171737.902499977
2025-11-26 22:20:59.832000+00:00,2025-11-26 22:18:00+00:00,continuous,90321.9,90460.9,90291.0,90460.9,22633124.269800037
2025-11-26 22:23:59.833000+00:00,2025-11-26 22:21:00+00:00,continuous,90461.4,90491.4,90300.0,90309.8,29893387.13910002
2025-11-26 22:26:59.975000+00:00,2025-11-26 22:24:00+00:00,continuous,90309.9,90325.8,90127.3,90258.0,49604089.90439975
2025-11-26 22:29:59.508000+00:00,2025-11-26 22:27:00+00:00,continuous,90257.9,90335.0,90257.9,90277.8,8338943.325600006
2025-11-26 22:32:59.911000+00:00,2025-11-26 22:30:00+00:00,continuous,90277.8,90315.0,90188.0,90226.1,17259025.96940003
2025-11-26 22:35:59.972000+00:00,2025-11-26 22:33:00+00:00,continuous,90226.1,90293.8,90190.0,90226.5,16546365.850000009
2025-11-26 22:38:59.744000+00:00,2025-11-26 22:36:00+00:00,continuous,90227.0,90227.0,90130.3,90176.0,19061785.94679998
2025-11-26 22:41:59.510000+00:00,2025-11-26 22:39:00+00:00,continuous,90176.0,90257.2,90175.9,90194.9,16678307.0723
2025-11-26 22:44:59.453000+00:00,2025-11-26 22:42:00+00:00,continuous,90194.9,90229.1,90183.9,90187.8,5336547.90640001
2025-11-26 22:47:59.722000+00:00,2025-11-26 22:45:00+00:00,continuous,90187.8,90226.1,90155.0,90205.3,4886453.4137999965
2025-11-26 22:50:59.990000+00:00,2025-11-26 22:48:00+00:00,continuous,90205.2,90270.0,90204.0,90211.1,7629712.25709999
2025-11-26 22:53:59.039000+00:00,2025-11-26 22:51:00+00:00,continuous,90211.2,90221.4,90206.2,90218.1,4065650.8319999953
2025-11-26 22:56:59.773000+00:00,2025-11-26 22:54:00+00:00,continuous,90218.1,90218.1,90203.6,90213.1,3773577.3906000005
2025-11-26 22:59:59.830000+00:00,2025-11-26 22:57:00+00:00,continuous,90213.0,90414.8,90213.0,90330.5,26802565.777600028
2025-11-26 23:02:59.998000+00:00,2025-11-26 23:00:00+00:00,continuous,90330.5,90400.0,90295.6,90369.1,17757141.219800007
2025-11-26 23:05:59.884000+00:00,2025-11-26 23:03:00+00:00,continuous,90369.1,90488.1,90288.3,90471.0,22487946.112400025
2025-11-26 23:08:59.689000+00:00,2025-11-26 23:06:00+00:00,continuous,90471.0,90494.7,90423.1,90461.0,13113899.453299996
2025-11-26 23:11:59.779000+00:00,2025-11-26 23:09:00+00:00,continuous,90461.0,90555.0,90412.3,90540.7,18933603.00020002
2025-11-26 23:14:59.875000+00:00,2025-11-26 23:12:00+00:00,continuous,90540.7,90540.7,90440.8,90458.4,18685417.697699998
2025-11-26 23:17:59.077000+00:00,2025-11-26 23:15:00+00:00,continuous,90458.4,90458.4,90370.3,90371.7,19348243.824000005
2025-11-26 23:20:59.995000+00:00,2025-11-26 23:18:00+00:00,continuous,90371.6,90428.2,90350.0,90378.2,11674169.150299998
2025-11-26 23:23:59.586000+00:00,2025-11-26 23:21:00+00:00,continuous,90378.3,90468.0,90378.2,90430.0,14521385.87520001
2025-11-26 23:26:59.924000+00:00,2025-11-26 23:24:00+00:00,continuous,90430.0,90459.0,90333.5,90333.5,14086655.032000018
2025-11-26 23:29:59.560000+00:00,2025-11-26 23:27:00+00:00,continuous,90333.5,90356.0,90285.4,90287.6,17615314.140199944
2025-11-26 23:32:59.521000+00:00,2025-11-26 23:30:00+00:00,continuous,90287.7,90350.0,90263.0,90307.2,15199708.422899982
2025-11-26 23:35:59.980000+00:00,2025-11-26 23:33:00+00:00,continuous,90307.2,90343.8,90294.6,90343.7,8334458.520899982
2025-11-26 23:38:59.448000+00:00,2025-11-26 23:36:00+00:00,continuous,90343.7,90343.8,90285.2,90312.1,8903909.285500003
2025-11-26 23:41:59.985000+00:00,2025-11-26 23:39:00+00:00,continuous,90312.1,90400.0,90304.9,90400.0,11545739.627900012
2025-11-26 23:44:59.956000+00:00,2025-11-26 23:42:00+00:00,continuous,90400.0,90407.8,90342.2,90364.4,10652859.625700012
2025-11-26 23:47:59.932000+00:00,2025-11-26 23:45:00+00:00,continuous,90364.4,90465.4,90363.2,90454.4,16802901.274600003
2025-11-26 23:50:59.910000+00:00,2025-11-26 23:48:00+00:00,continuous,90454.4,90526.7,90454.4,90479.8,21464849.073300015
2025-11-26 23:53:59.816000+00:00,2025-11-26 23:51:00+00:00,continuous,90479.8,90535.0,90447.4,90511.6,15612872.891099967
2025-11-26 23:56:59.777000+00:00,2025-11-26 23:54:00+00:00,continuous,90511.6,90511.6,90447.4,90451.9,11379422.755899973
2025-11-26 23:59:59.962000+00:00,2025-11-26 23:57:00+00:00,continuous,90452.0,90477.9,90438.1,90438.1,8399099.791900003
2025-11-27 00:02:59.830000+00:00,2025-11-27 00:00:00+00:00,continuous,90438.0,90500.1,90355.0,90398.4,54518563.52560006
2025-11-27 00:05:59.803000+00:00,2025-11-27 00:03:00+00:00,continuous,90398.3,90428.7,90303.9,90318.6,19633663.57850001
2025-11-27 00:08:59.799000+00:00,2025-11-27 00:06:00+00:00,continuous,90318.6,90368.2,90250.1,90255.1,16445075.6156
2025-11-27 00:11:59.832000+00:00,2025-11-27 00:09:00+00:00,continuous,90255.0,90258.9,90168.8,90246.4,34467290.01569991
2025-11-27 00:14:59.575000+00:00,2025-11-27 00:12:00+00:00,continuous,90246.3,90246.4,90049.4,90122.8,51859112.656400084
2025-11-27 00:17:59.981000+00:00,2025-11-27 00:15:00+00:00,continuous,90122.9,90140.0,90024.4,90091.9,79318544.2552998
2025-11-27 00:20:59.938000+00:00,2025-11-27 00:18:00+00:00,continuous,90092.0,90193.5,90091.9,90134.4,15627501.802599993
2025-11-27 00:23:59.584000+00:00,2025-11-27 00:21:00+00:00,continuous,90134.4,90207.6,90134.4,90159.3,15301071.483999964
2025-11-27 00:26:59.269000+00:00,2025-11-27 00:24:00+00:00,continuous,90159.4,90208.8,90111.0,90164.9,23708306.034399915
2025-11-27 00:29:59.964000+00:00,2025-11-27 00:27:00+00:00,continuous,90165.4,90194.1,90146.0,90157.7,9609157.01530001
2025-11-27 00:32:59.924000+00:00,2025-11-27 00:30:00+00:00,continuous,90157.6,90197.6,90157.6,90182.2,11190467.0379
2025-11-27 00:35:59.532000+00:00,2025-11-27 00:33:00+00:00,continuous,90182.3,90283.5,90178.1,90244.0,13138889.44280002
2025-11-27 00:38:59.691000+00:00,2025-11-27 00:36:00+00:00,continuous,90244.1,90322.6,90244.0,90270.0,18896183.65570003
2025-11-27 00:41:59.832000+00:00,2025-11-27 00:39:00+00:00,continuous,90270.1,90338.1,90246.8,90311.7,7721199.2365999995
2025-11-27 00:44:59.649000+00:00,2025-11-27 00:42:00+00:00,continuous,90311.8,90331.0,90280.6,90301.7,8728608.682499982
2025-11-27 00:47:59.939000+00:00,2025-11-27 00:45:00+00:00,continuous,90301.8,90422.9,90291.8,90395.5,17465652.25009998
2025-11-27 00:50:59.978000+00:00,2025-11-27 00:48:00+00:00,continuous,90395.5,90533.0,90395.4,90529.9,58938219.25309993
2025-11-27 00:53:59.862000+00:00,2025-11-27 00:51:00+00:00,continuous,90529.8,90529.9,90350.0,90411.6,21247055.663700033
2025-11-27 00:56:59.945000+00:00,2025-11-27 00:54:00+00:00,continuous,90411.6,90488.4,90403.0,90470.0,8363476.91129999
2025-11-27 00:59:59.982000+00:00,2025-11-27 00:57:00+00:00,continuous,90469.9,90470.0,90403.0,90426.6,6352396.326299994
2025-11-27 01:02:59.971000+00:00,2025-11-27 01:00:00+00:00,continuous,90426.5,90493.8,90324.0,90493.7,22378046.74320001
2025-11-27 01:05:59.922000+00:00,2025-11-27 01:03:00+00:00,continuous,90493.8,90965.6,90479.6,90779.9,145242751.67980057
2025-11-27 01:08:59.803000+00:00,2025-11-27 01:06:00+00:00,continuous,90780.0,90798.9,90675.3,90689.1,40768608.090600155
2025-11-27 01:11:59.954000+00:00,2025-11-27 01:09:00+00:00,continuous,90689.2,90757.4,90588.0,90620.4,36410381.97330007
2025-11-27 01:14:59.985000+00:00,2025-11-27 01:12:00+00:00,continuous,90620.3,90666.3,90492.4,90630.8,41545478.47019992
2025-11-27 01:17:59.945000+00:00,2025-11-27 01:15:00+00:00,continuous,90630.9,90749.8,90554.6,90749.8,35376391.068499975
2025-11-27 01:20:59.747000+00:00,2025-11-27 01:18:00+00:00,continuous,90749.7,90775.2,90545.0,90546.0,24574348.328300007
2025-11-27 01:23:59.854000+00:00,2025-11-27 01:21:00+00:00,continuous,90545.9,90660.4,90545.9,90655.3,16414697.905399958
2025-11-27 01:26:59.973000+00:00,2025-11-27 01:24:00+00:00,continuous,90655.4,90655.4,90603.0,90631.9,8976318.883099996
2025-11-27 01:29:59.321000+00:00,2025-11-27 01:27:00+00:00,continuous,90631.8,90713.0,90623.1,90664.5,15622005.918000007
2025-11-27 01:32:59.917000+00:00,2025-11-27 01:30:00+00:00,continuous,90664.5,90664.5,90557.5,90557.5,9263889.703900006
2025-11-27 01:35:59.500000+00:00,2025-11-27 01:33:00+00:00,continuous,90557.5,90635.6,90541.1,90612.7,7751118.572899979
2025-11-27 01:38:59.954000+00:00,2025-11-27 01:36:00+00:00,continuous,90612.8,90654.1,90590.2,90598.9,9298655.238799991
2025-11-27 01:41:59.725000+00:00,2025-11-27 01:39:00+00:00,continuous,90599.0,90658.1,90590.3,90641.9,7577248.476300006
2025-11-27 01:44:58.378000+00:00,2025-11-27 01:42:00+00:00,continuous,90641.9,90688.0,90633.3,90663.3,10985028.062600018
2025-11-27 01:47:59.980000+00:00,2025-11-27 01:45:00+00:00,continuous,90663.2,90696.2,90600.0,90600.1,7910853.165199997
2025-11-27 01:50:59.738000+00:00,2025-11-27 01:48:00+00:00,continuous,90600.0,90682.7,90589.3,90682.7,15797263.814600008
2025-11-27 01:53:59.961000+00:00,2025-11-27 01:51:00+00:00,continuous,90682.7,90693.0,90611.5,90642.5,14895386.400500005
2025-11-27 01:56:59.767000+00:00,2025-11-27 01:54:00+00:00,continuous,90642.6,90859.9,90642.5,90803.1,39076722.26150009
2025-11-27 01:59:59.934000+00:00,2025-11-27 01:57:00+00:00,continuous,90803.1,91195.1,90766.3,91094.8,281238456.1597
2025-11-27 02:02:59.916000+00:00,2025-11-27 02:00:00+00:00,continuous,91094.7,91180.6,90877.8,90893.5,89036642.61360027
2025-11-27 02:05:59.863000+00:00,2025-11-27 02:03:00+00:00,continuous,90893.5,90908.6,90832.2,90873.1,27452021.326599937
2025-11-27 02:08:59.597000+00:00,2025-11-27 02:06:00+00:00,continuous,90873.1,91061.6,90873.1,91061.6,36568532.678599894
2025-11-27 02:11:59.961000+00:00,2025-11-27 02:09:00+00:00,continuous,91061.5,91088.3,90973.7,91002.4,28987115.22120004
2025-11-27 02:14:59.869000+00:00,2025-11-27 02:12:00+00:00,continuous,91002.4,91027.2,90922.0,90984.3,15569881.044700041
2025-11-27 02:17:59.664000+00:00,2025-11-27 02:15:00+00:00,continuous,90984.3,91079.3,90960.8,91045.6,18077564.118299995
2025-11-27 02:20:59.955000+00:00,2025-11-27 02:18:00+00:00,continuous,91045.7,91100.0,90975.0,91099.9,24041467.447699938
2025-11-27 02:23:58.825000+00:00,2025-11-27 02:21:00+00:00,continuous,91099.9,91273.9,91048.7,91049.7,79097754.78740036
2025-11-27 02:26:59.966000+00:00,2025-11-27 02:24:00+00:00,continuous,91049.6,91288.0,91049.6,91266.7,42028993.530200005
2025-11-27 02:29:59.994000+00:00,2025-11-27 02:27:00+00:00,continuous,91266.6,91431.9,91220.8,91425.7,86520111.32909977
2025-11-27 02:32:59.998000+00:00,2025-11-27 02:30:00+00:00,continuous,91425.6,91550.0,91352.8,91419.8,124540303.81029998
2025-11-27 02:35:59.935000+00:00,2025-11-27 02:33:00+00:00,continuous,91419.4,91434.9,91300.7,91402.9,44688848.36769997
2025-11-27 02:38:59.773000+00:00,2025-11-27 02:36:00+00:00,continuous,91402.8,91535.0,91330.1,91535.0,42455339.99759999
2025-11-27 02:41:59.937000+00:00,2025-11-27 02:39:00+00:00,continuous,91535.0,91597.8,91463.5,91590.1,50010599.36089976
2025-11-27 02:44:59.949000+00:00,2025-11-27 02:42:00+00:00,continuous,91590.1,91794.6,91585.8,91756.0,89185080.74180017
2025-11-27 02:47:59.894000+00:00,2025-11-27 02:45:00+00:00,continuous,91756.0,91822.0,91586.5,91791.3,87258940.37870005
2025-11-27 02:50:59.988000+00:00,2025-11-27 02:48:00+00:00,continuous,91791.3,91830.7,91600.0,91815.3,71267705.76899993
2025-11-27 02:53:59.643000+00:00,2025-11-27 02:51:00+00:00,continuous,91815.4,91850.0,91706.7,91782.7,70076198.58349995
2025-11-27 02:56:59.912000+00:00,2025-11-27 02:54:00+00:00,continuous,91782.7,91800.0,91350.8,91364.3,84310980.8926999
2025-11-27 02:59:59.922000+00:00,2025-11-27 02:57:00+00:00,continuous,91364.4,91427.6,91276.9,91335.4,64969137.722800046
2025-11-27 03:02:59.771000+00:00,2025-11-27 03:00:00+00:00,continuous,91335.3,91361.6,91238.2,91308.3,45799588.8482
2025-11-27 03:05:59.843000+00:00,2025-11-27 03:03:00+00:00,continuous,91308.3,91368.4,91275.1,91292.4,21564551.911699973
2025-11-27 03:08:59.979000+00:00,2025-11-27 03:06:00+00:00,continuous,91292.5,91557.0,91292.4,91538.1,39653861.335400105
2025-11-27 03:11:59.977000+00:00,2025-11-27 03:09:00+00:00,continuous,91538.2,91553.0,91364.3,91392.0,17082839.6716
2025-11-27 03:14:59.718000+00:00,2025-11-27 03:12:00+00:00,continuous,91391.9,91397.8,91275.4,91311.9,21254695.93750005
2025-11-27 03:17:59.733000+00:00,2025-11-27 03:15:00+00:00,continuous,91311.9,91404.2,91261.3,91403.2,23700120.356700048
2025-11-27 03:20:59.999000+00:00,2025-11-27 03:18:00+00:00,continuous,91403.3,91555.1,91403.2,91536.0,24588106.311800037
2025-11-27 03:23:59.762000+00:00,2025-11-27 03:21:00+00:00,continuous,91536.1,91555.0,91415.1,91415.1,15610213.25790002
2025-11-27 03:26:59.948000+00:00,2025-11-27 03:24:00+00:00,continuous,91415.1,91440.2,91300.3,91300.3,26497703.165700037
2025-11-27 03:29:59.974000+00:00,2025-11-27 03:27:00+00:00,continuous,91300.4,91330.1,91280.0,91286.8,20416505.73890002
2025-11-27 03:32:59.996000+00:00,2025-11-27 03:30:00+00:00,continuous,91286.8,91286.9,91118.0,91130.8,40430806.39790005
2025-11-27 03:35:59.923000+00:00,2025-11-27 03:33:00+00:00,continuous,91130.9,91167.0,91069.4,91161.9,59625805.99190011
2025-11-27 03:38:59.843000+00:00,2025-11-27 03:36:00+00:00,continuous,91162.0,91183.6,91093.3,91183.6,18398873.650000032
2025-11-27 03:41:59.988000+00:00,2025-11-27 03:39:00+00:00,continuous,91183.6,91212.2,91132.6,91197.4,16317722.984900024
2025-11-27 03:44:59.912000+00:00,2025-11-27 03:42:00+00:00,continuous,91197.4,91208.6,91046.6,91115.8,32981529.311099935
2025-11-27 03:47:59.928000+00:00,2025-11-27 03:45:00+00:00,continuous,91115.7,91154.2,91020.7,91030.2,29154594.49089992
2025-11-27 03:50:59.603000+00:00,2025-11-27 03:48:00+00:00,continuous,91030.2,91099.5,91000.0,91082.0,22156158.70199995
2025-11-27 03:53:59.950000+00:00,2025-11-27 03:51:00+00:00,continuous,91081.9,91111.0,91059.9,91087.3,10686268.928300003
2025-11-27 03:56:59.963000+00:00,2025-11-27 03:54:00+00:00,continuous,91087.4,91188.8,91083.6,91181.1,16639827.264799992
2025-11-27 03:59:59.827000+00:00,2025-11-27 03:57:00+00:00,continuous,91181.0,91181.1,91022.3,91049.3,18368640.314499967
2025-11-27 04:02:59.591000+00:00,2025-11-27 04:00:00+00:00,continuous,91049.3,91081.4,91013.1,91019.9,14181507.956500005
2025-11-27 04:05:59.847000+00:00,2025-11-27 04:03:00+00:00,continuous,91020.0,91073.9,91019.9,91058.9,9615657.050599987
2025-11-27 04:08:59.675000+00:00,2025-11-27 04:06:00+00:00,continuous,91059.0,91139.9,91050.3,91098.6,8533760.704100015
2025-11-27 04:11:59.987000+00:00,2025-11-27 04:09:00+00:00,continuous,91098.7,91314.8,91098.6,91296.2,48207713.55000019
2025-11-27 04:14:59.846000+00:00,2025-11-27 04:12:00+00:00,continuous,91296.3,91308.1,91228.0,91248.0,28264460.97010008
2025-11-27 04:17:59.663000+00:00,2025-11-27 04:15:00+00:00,continuous,91247.9,91297.6,91207.6,91241.6,15166157.994799996
2025-11-27 04:20:59.923000+00:00,2025-11-27 04:18:00+00:00,continuous,91241.5,91250.0,91155.8,91188.0,8090228.65210002
2025-11-27 04:23:59.990000+00:00,2025-11-27 04:21:00+00:00,continuous,91187.9,91188.0,91140.0,91184.9,6899617.193699998
2025-11-27 04:26:59.965000+00:00,2025-11-27 04:24:00+00:00,continuous,91185.0,91312.2,91153.2,91255.8,29110248.118299924
2025-11-27 04:29:59.456000+00:00,2025-11-27 04:27:00+00:00,continuous,91255.8,91273.0,91069.6,91083.9,11378453.698499966
2025-11-27 04:32:59.345000+00:00,2025-11-27 04:30:00+00:00,continuous,91083.9,91144.7,91042.0,91108.2,12463730.096200021
2025-11-27 04:35:59.447000+00:00,2025-11-27 04:33:00+00:00,continuous,91108.3,91140.0,91024.8,91088.2,11064837.080500009
2025-11-27 04:38:59.636000+00:00,2025-11-27 04:36:00+00:00,continuous,91088.2,91260.9,91086.3,91219.8,10240904.950200005
2025-11-27 04:41:59.961000+00:00,2025-11-27 04:39:00+00:00,continuous,91219.7,91219.7,91079.9,91080.0,12794687.507200003
2025-11-27 04:44:59.861000+00:00,2025-11-27 04:42:00+00:00,continuous,91080.0,91162.9,91079.8,91117.0,7189638.864199997
2025-11-27 04:47:59.671000+00:00,2025-11-27 04:45:00+00:00,continuous,91117.1,91215.8,91117.0,91209.8,6554579.856599997
2025-11-27 04:50:59.758000+00:00,2025-11-27 04:48:00+00:00,continuous,91209.8,91218.0,91157.8,91171.3,5556803.184300002
2025-11-27 04:53:59.931000+00:00,2025-11-27 04:51:00+00:00,continuous,91171.3,91229.0,91134.7,91221.0,8104826.9073999915
2025-11-27 04:56:59.723000+00:00,2025-11-27 04:54:00+00:00,continuous,91221.0,91259.9,91200.0,91259.9,5702451.328500002
2025-11-27 04:59:58.500000+00:00,2025-11-27 04:57:00+00:00,continuous,91259.9,91272.4,91232.9,91233.0,8137170.755200001
2025-11-27 05:02:59.976000+00:00,2025-11-27 05:00:00+00:00,continuous,91232.9,91232.9,91107.5,91168.5,12638713.957800036
2025-11-27 05:05:59.855000+00:00,2025-11-27 05:03:00+00:00,continuous,91168.5,91250.0,91168.4,91203.0,8372106.885599994
2025-11-27 05:08:59.785000+00:00,2025-11-27 05:06:00+00:00,continuous,91203.0,91297.5,91202.9,91213.3,9859084.287600001
2025-11-27 05:11:59.811000+00:00,2025-11-27 05:09:00+00:00,continuous,91213.2,91213.3,91143.8,91155.4,8552160.335599978
2025-11-27 05:14:59.631000+00:00,2025-11-27 05:12:00+00:00,continuous,91155.5,91275.7,91155.4,91260.0,8343578.120499992
2025-11-27 05:17:59.906000+00:00,2025-11-27 05:15:00+00:00,continuous,91259.9,91268.2,91192.6,91204.3,8977745.148500001
2025-11-27 05:20:59.961000+00:00,2025-11-27 05:18:00+00:00,continuous,91204.3,91278.4,91192.5,91229.8,8484354.2374
2025-11-27 05:23:59.784000+00:00,2025-11-27 05:21:00+00:00,continuous,91229.8,91420.0,91203.7,91400.8,49951178.717800155
2025-11-27 05:26:59.983000+00:00,2025-11-27 05:24:00+00:00,continuous,91400.8,91520.0,91389.3,91403.7,64900754.19600018
2025-11-27 05:29:59.803000+00:00,2025-11-27 05:27:00+00:00,continuous,91403.7,91485.8,91402.7,91447.3,20007584.448000018
2025-11-27 05:32:59.857000+00:00,2025-11-27 05:30:00+00:00,continuous,91447.2,91447.2,91320.6,91332.9,19360840.766100038
2025-11-27 05:35:59.623000+00:00,2025-11-27 05:33:00+00:00,continuous,91332.8,91353.6,91165.4,91178.1,27519136.836399987
2025-11-27 05:38:59.958000+00:00,2025-11-27 05:36:00+00:00,continuous,91178.1,91257.3,91084.5,91090.8,28904825.104099963
2025-11-27 05:41:59.996000+00:00,2025-11-27 05:39:00+00:00,continuous,91090.7,91130.1,90900.0,90936.0,89042709.24110004
2025-11-27 05:44:59.923000+00:00,2025-11-27 05:42:00+00:00,continuous,90936.1,90983.8,90843.8,90927.1,51374006.98869994
2025-11-27 05:47:59.906000+00:00,2025-11-27 05:45:00+00:00,continuous,90927.1,90980.0,90892.8,90930.3,18302086.33780001
2025-11-27 05:50:59.787000+00:00,2025-11-27 05:48:00+00:00,continuous,90930.3,91048.8,90904.1,90935.1,41055387.16170005
2025-11-27 05:53:59.950000+00:00,2025-11-27 05:51:00+00:00,continuous,90935.1,91000.7,90880.0,90950.5,31836922.092399996
2025-11-27 05:56:59.799000+00:00,2025-11-27 05:54:00+00:00,continuous,90950.4,90989.0,90897.4,90905.2,24504413.217300005
2025-11-27 05:59:59.706000+00:00,2025-11-27 05:57:00+00:00,continuous,90905.2,90948.0,90905.2,90932.0,9026864.278999988
2025-11-27 06:02:59.755000+00:00,2025-11-27 06:00:00+00:00,continuous,90932.0,91021.7,90928.8,90969.9,11014162.852799974
2025-11-27 06:05:59.855000+00:00,2025-11-27 06:03:00+00:00,continuous,90970.0,90981.9,90930.6,90971.1,7796082.126800014
2025-11-27 06:08:59.967000+00:00,2025-11-27 06:06:00+00:00,continuous,90971.1,91030.7,90950.8,91030.6,9816421.879099997
2025-11-27 06:11:59.779000+00:00,2025-11-27 06:09:00+00:00,continuous,91030.7,91213.7,91030.7,91200.1,32545593.594599918
2025-11-27 06:14:59.935000+00:00,2025-11-27 06:12:00+00:00,continuous,91200.1,91233.9,91160.0,91233.8,18162271.65510003
2025-11-27 06:17:59.935000+00:00,2025-11-27 06:15:00+00:00,continuous,91233.8,91321.8,91205.1,91210.5,28817378.171899956
2025-11-27 06:20:59.809000+00:00,2025-11-27 06:18:00+00:00,continuous,91210.5,91210.5,91167.5,91208.0,7711918.190900002
2025-11-27 06:23:59.996000+00:00,2025-11-27 06:21:00+00:00,continuous,91208.0,91293.0,91176.6,91275.0,9781284.094000015
2025-11-27 06:26:59.965000+00:00,2025-11-27 06:24:00+00:00,continuous,91274.9,91348.6,91258.6,91339.3,10736778.50259999
2025-11-27 06:29:59.924000+00:00,2025-11-27 06:27:00+00:00,continuous,91339.3,91369.0,91286.6,91336.5,11277858.55960001
2025-11-27 06:32:59.863000+00:00,2025-11-27 06:30:00+00:00,continuous,91336.4,91344.2,91300.0,91329.9,10323746.7018
2025-11-27 06:35:59.957000+00:00,2025-11-27 06:33:00+00:00,continuous,91329.8,91336.2,91289.8,91297.4,8888594.140900007
2025-11-27 06:38:59.991000+00:00,2025-11-27 06:36:00+00:00,continuous,91297.4,91378.1,91297.4,91375.8,14105394.647599995
2025-11-27 06:41:59.892000+00:00,2025-11-27 06:39:00+00:00,continuous,91375.8,91399.3,91213.6,91228.3,13714160.301699992
2025-11-27 06:44:59.989000+00:00,2025-11-27 06:42:00+00:00,continuous,91228.4,91289.4,91228.3,91283.4,8040466.418000004
2025-11-27 06:47:59.434000+00:00,2025-11-27 06:45:00+00:00,continuous,91283.4,91326.0,91247.1,91318.7,9822794.381000008
2025-11-27 06:50:59.987000+00:00,2025-11-27 06:48:00+00:00,continuous,91318.7,91318.8,91211.0,91215.7,14260169.200899996
2025-11-27 06:53:59.868000+00:00,2025-11-27 06:51:00+00:00,continuous,91215.7,91221.2,91137.9,91160.9,14140596.076500002
2025-11-27 06:56:59.713000+00:00,2025-11-27 06:54:00+00:00,continuous,91160.8,91233.9,91160.8,91214.3,8418886.552100012
2025-11-27 06:59:59.804000+00:00,2025-11-27 06:57:00+00:00,continuous,91214.3,91229.4,91168.5,91198.6,19339573.489400003
2025-11-27 07:02:59.601000+00:00,2025-11-27 07:00:00+00:00,continuous,91198.6,91246.2,91139.2,91139.2,10341823.245899983
2025-11-27 07:05:59.893000+00:00,2025-11-27 07:03:00+00:00,continuous,91139.2,91200.0,91091.6,91165.3,13859215.029300012
2025-11-27 07:08:59.542000+00:00,2025-11-27 07:06:00+00:00,continuous,91165.3,91213.2,91165.3,91195.2,8299654.549600001
2025-11-27 07:11:59.590000+00:00,2025-11-27 07:09:00+00:00,continuous,91195.3,91247.7,91178.6,91228.9,8668287.546900012
2025-11-27 07:14:59.796000+00:00,2025-11-27 07:12:00+00:00,continuous,91229.0,91286.9,91212.3,91235.6,8279244.307400002
2025-11-27 07:17:59.759000+00:00,2025-11-27 07:15:00+00:00,continuous,91235.7,91263.4,91200.0,91257.6,7324501.718600005
2025-11-27 07:20:59.893000+00:00,2025-11-27 07:18:00+00:00,continuous,91257.6,91319.3,91257.6,91313.0,8475258.61100001
2025-11-27 07:23:59.980000+00:00,2025-11-27 07:21:00+00:00,continuous,91313.0,91339.9,91285.4,91318.3,14429363.706499996
2025-11-27 07:26:59.934000+00:00,2025-11-27 07:24:00+00:00,continuous,91318.2,91388.0,91306.1,91378.6,10798264.909800025
2025-11-27 07:29:59.821000+00:00,2025-11-27 07:27:00+00:00,continuous,91378.6,91419.0,91378.6,91386.8,12395354.001700006
2025-11-27 07:32:59.652000+00:00,2025-11-27 07:30:00+00:00,continuous,91386.9,91386.9,91304.2,91335.4,15344367.878799994
2025-11-27 07:35:59.999000+00:00,2025-11-27 07:33:00+00:00,continuous,91335.4,91406.1,91335.4,91394.9,10719050.326400014
2025-11-27 07:38:59.925000+00:00,2025-11-27 07:36:00+00:00,continuous,91394.9,91394.9,91336.3,91369.9,7587272.426800016
2025-11-27 07:41:59.912000+00:00,2025-11-27 07:39:00+00:00,continuous,91369.9,91370.0,91305.1,91312.6,9983970.021199992
2025-11-27 07:44:59.741000+00:00,2025-11-27 07:42:00+00:00,continuous,91312.6,91351.0,91305.7,91322.7,6961098.991300001
2025-11-27 07:47:59.713000+00:00,2025-11-27 07:45:00+00:00,continuous,91322.7,91332.0,91286.1,91322.4,9718054.782799985
2025-11-27 07:50:59.935000+00:00,2025-11-27 07:48:00+00:00,continuous,91322.3,91400.0,91311.9,91399.9,10305794.5624
2025-11-27 07:53:59.592000+00:00,2025-11-27 07:51:00+00:00,continuous,91400.0,91461.9,91397.2,91416.5,20671432.871000014
2025-11-27 07:56:59.892000+00:00,2025-11-27 07:54:00+00:00,continuous,91416.4,91425.8,91341.4,91350.0,15568120.144399999
2025-11-27 07:59:59.676000+00:00,2025-11-27 07:57:00+00:00,continuous,91350.0,91381.8,91341.0,91361.5,6237332.069500003
2025-11-27 08:02:59.960000+00:00,2025-11-27 08:00:00+00:00,continuous,91361.4,91470.0,91359.3,91437.2,15194969.9011
2025-11-27 08:05:59.895000+00:00,2025-11-27 08:03:00+00:00,continuous,91437.2,91437.2,91323.4,91373.6,13041486.197599988
2025-11-27 08:08:59.667000+00:00,2025-11-27 08:06:00+00:00,continuous,91373.7,91412.2,91311.2,91311.4,9797608.07940001
2025-11-27 08:11:59.846000+00:00,2025-11-27 08:09:00+00:00,continuous,91311.4,91328.8,91211.9,91219.3,20936551.205700126
2025-11-27 08:14:59.808000+00:00,2025-11-27 08:12:00+00:00,continuous,91219.2,91266.7,91177.2,91204.4,23112486.36339999
2025-11-27 08:17:59.786000+00:00,2025-11-27 08:15:00+00:00,continuous,91204.5,91260.6,91204.4,91214.9,13619938.892200014
2025-11-27 08:20:59.873000+00:00,2025-11-27 08:18:00+00:00,continuous,91215.0,91270.0,91213.1,91270.0,10349562.069699982
2025-11-27 08:23:59.999000+00:00,2025-11-27 08:21:00+00:00,continuous,91269.9,91310.0,91213.2,91309.5,15942045.72980001
2025-11-27 08:26:59.884000+00:00,2025-11-27 08:24:00+00:00,continuous,91310.0,91342.0,91293.9,91316.1,13798134.811200049
2025-11-27 08:29:59.877000+00:00,2025-11-27 08:27:00+00:00,continuous,91316.1,91332.8,91281.0,91318.2,8042773.280300006
2025-11-27 08:32:59.762000+00:00,2025-11-27 08:30:00+00:00,continuous,91318.2,91318.2,91256.7,91281.0,9394786.803900007
2025-11-27 08:35:59.545000+00:00,2025-11-27 08:33:00+00:00,continuous,91281.0,91336.5,91237.0,91336.4,12766077.401400037
2025-11-27 08:38:59.698000+00:00,2025-11-27 08:36:00+00:00,continuous,91336.5,91404.0,91336.4,91385.1,12613678.747400025
2025-11-27 08:41:59.893000+00:00,2025-11-27 08:39:00+00:00,continuous,91385.2,91385.2,91324.0,91346.4,10526329.002000015
2025-11-27 08:44:59.993000+00:00,2025-11-27 08:42:00+00:00,continuous,91346.5,91349.4,91300.9,91349.3,11636642.738300005
2025-11-27 08:47:59.926000+00:00,2025-11-27 08:45:00+00:00,continuous,91349.3,91407.4,91331.6,91373.1,14729895.588299997
2025-11-27 08:50:59.976000+00:00,2025-11-27 08:48:00+00:00,continuous,91373.2,91386.2,91332.1,91367.2,11307062.207999988
2025-11-27 08:53:59.753000+00:00,2025-11-27 08:51:00+00:00,continuous,91367.3,91459.8,91361.0,91459.7,20456963.407499943
2025-11-27 08:56:59.862000+00:00,2025-11-27 08:54:00+00:00,continuous,91459.8,91477.1,91441.8,91460.9,16838291.65339997
2025-11-27 08:59:59.792000+00:00,2025-11-27 08:57:00+00:00,continuous,91460.8,91473.6,91440.2,91440.2,14137822.888899993
2025-11-27 09:02:58.892000+00:00,2025-11-27 09:00:00+00:00,continuous,91440.3,91445.0,91440.0,91444.9,43583769.85950008
2025-11-27 09:05:59.908000+00:00,2025-11-27 09:03:00+00:00,continuous,91445.0,91479.9,91440.0,91461.1,34342205.90459992
2025-11-27 09:08:59.759000+00:00,2025-11-27 09:06:00+00:00,continuous,91461.0,91479.8,91454.9,91475.0,19552933.14460002
2025-11-27 09:11:59.698000+00:00,2025-11-27 09:09:00+00:00,continuous,91475.0,91495.8,91450.2,91464.9,10643281.527299978
2025-11-27 09:14:59.760000+00:00,2025-11-27 09:12:00+00:00,continuous,91465.0,91475.7,91460.5,91463.3,11482592.658199979
2025-11-27 09:17:59.978000+00:00,2025-11-27 09:15:00+00:00,continuous,91463.3,91650.0,91463.3,91628.9,61474937.55099978
2025-11-27 09:20:59.929000+00:00,2025-11-27 09:18:00+00:00,continuous,91629.0,91739.5,91607.6,91702.0,60756204.58489996
2025-11-27 09:23:59.969000+00:00,2025-11-27 09:21:00+00:00,continuous,91701.9,91711.6,91603.7,91603.7,63070392.778000034
2025-11-27 09:26:59.997000+00:00,2025-11-27 09:24:00+00:00,continuous,91603.7,91667.4,91576.9,91634.8,25002944.834800035
2025-11-27 09:29:59.731000+00:00,2025-11-27 09:27:00+00:00,continuous,91634.7,91634.8,91541.2,91562.4,18143383.1124
2025-11-27 09:32:59.960000+00:00,2025-11-27 09:30:00+00:00,continuous,91562.5,91759.8,91562.4,91736.3,43092639.967300124
2025-11-27 09:35:59.928000+00:00,2025-11-27 09:33:00+00:00,continuous,91736.4,91839.9,91722.4,91775.0,57050356.663900144
2025-11-27 09:38:59.732000+00:00,2025-11-27 09:36:00+00:00,continuous,91775.0,91931.9,91757.5,91765.1,51630487.68490003
2025-11-27 09:41:59.914000+00:00,2025-11-27 09:39:00+00:00,continuous,91765.0,91807.6,91762.1,91778.4,26118003.994300026
2025-11-27 09:44:59.689000+00:00,2025-11-27 09:42:00+00:00,continuous,91778.4,91825.0,91749.9,91749.9,23659087.155700035
2025-11-27 09:47:59.992000+00:00,2025-11-27 09:45:00+00:00,continuous,91749.9,91758.4,91657.1,91664.8,45692823.04919969
2025-11-27 09:50:59.982000+00:00,2025-11-27 09:48:00+00:00,continuous,91664.7,91684.8,91558.0,91562.4,41645615.67389995
2025-11-27 09:53:59.948000+00:00,2025-11-27 09:51:00+00:00,continuous,91562.4,91580.0,91505.0,91555.4,37034145.049099915
2025-11-27 09:56:59.939000+00:00,2025-11-27 09:54:00+00:00,continuous,91555.4,91559.0,91523.8,91529.9,13349985.05559998
2025-11-27 09:59:59.904000+00:00,2025-11-27 09:57:00+00:00,continuous,91529.9,91530.0,91500.0,91523.6,16659966.749599982
2025-11-27 10:02:59.417000+00:00,2025-11-27 10:00:00+00:00,continuous,91523.7,91534.8,91500.8,91504.2,13744068.574399997
2025-11-27 10:05:59.520000+00:00,2025-11-27 10:03:00+00:00,continuous,91504.1,91613.3,91500.1,91613.3,28317065.901600003
2025-11-27 10:08:59.666000+00:00,2025-11-27 10:06:00+00:00,continuous,91613.3,91663.1,91591.0,91614.0,22088491.535199966
2025-11-27 10:11:59.809000+00:00,2025-11-27 10:09:00+00:00,continuous,91613.9,91638.6,91541.3,91543.2,16364415.881300028
2025-11-27 10:14:59.665000+00:00,2025-11-27 10:12:00+00:00,continuous,91543.2,91570.0,91542.4,91542.4,7644398.57779999
2025-11-27 10:17:59.751000+00:00,2025-11-27 10:15:00+00:00,continuous,91542.4,91567.8,91540.0,91549.8,6141631.729700008
2025-11-27 10:20:59.619000+00:00,2025-11-27 10:18:00+00:00,continuous,91549.8,91685.0,91549.8,91684.9,12404643.566700034
2025-11-27 10:23:59.867000+00:00,2025-11-27 10:21:00+00:00,continuous,91684.9,91704.0,91648.4,91675.3,12194781.605399994
2025-11-27 10:26:59.999000+00:00,2025-11-27 10:24:00+00:00,continuous,91675.4,91675.4,91640.5,91649.9,5453881.359800018
2025-11-27 10:29:59.582000+00:00,2025-11-27 10:27:00+00:00,continuous,91650.0,91650.0,91600.0,91608.8,11741428.581200015
2025-11-27 10:32:59.853000+00:00,2025-11-27 10:30:00+00:00,continuous,91608.7,91619.1,91351.3,91370.0,61739887.998500004
2025-11-27 10:35:59.922000+00:00,2025-11-27 10:33:00+00:00,continuous,91369.9,91397.9,91299.0,91361.0,89874483.94909993
2025-11-27 10:38:59.938000+00:00,2025-11-27 10:36:00+00:00,continuous,91361.1,91419.9,91332.2,91337.4,35534118.76700001
2025-11-27 10:41:59.892000+00:00,2025-11-27 10:39:00+00:00,continuous,91337.5,91449.1,91337.5,91449.0,14957595.127700008
2025-11-27 10:44:59.979000+00:00,2025-11-27 10:42:00+00:00,continuous,91449.1,91565.4,91449.0,91553.1,18327561.584899973
2025-11-27 10:47:59.137000+00:00,2025-11-27 10:45:00+00:00,continuous,91553.2,91556.4,91462.7,91475.1,16172925.82949998
2025-11-27 10:50:59.429000+00:00,2025-11-27 10:48:00+00:00,continuous,91475.1,91535.1,91440.0,91512.3,19162780.210900016
2025-11-27 10:53:59.263000+00:00,2025-11-27 10:51:00+00:00,continuous,91512.2,91547.3,91450.0,91538.8,12014922.685200013
2025-11-27 10:56:59.740000+00:00,2025-11-27 10:54:00+00:00,continuous,91538.8,91642.6,91528.0,91582.1,16591501.662200002
2025-11-27 10:59:59.871000+00:00,2025-11-27 10:57:00+00:00,continuous,91582.0,91592.6,91566.0,91566.0,8692616.2494
2025-11-27 11:02:59.187000+00:00,2025-11-27 11:00:00+00:00,continuous,91566.1,91566.1,91517.0,91540.2,11234626.300599998
2025-11-27 11:05:59.344000+00:00,2025-11-27 11:03:00+00:00,continuous,91540.2,91576.8,91535.8,91576.8,10206018.107300002
2025-11-27 11:08:59.948000+00:00,2025-11-27 11:06:00+00:00,continuous,91576.8,91577.2,91450.0,91455.4,13094916.981300006
2025-11-27 11:11:59.978000+00:00,2025-11-27 11:09:00+00:00,continuous,91455.4,91499.4,91455.3,91497.6,6309253.929099974
2025-11-27 11:14:59.884000+00:00,2025-11-27 11:12:00+00:00,continuous,91497.5,91511.3,91482.8,91489.3,8952019.472500008
2025-11-27 11:17:59.239000+00:00,2025-11-27 11:15:00+00:00,continuous,91489.3,91526.8,91478.5,91478.5,9818797.293000007
2025-11-27 11:20:59.919000+00:00,2025-11-27 11:18:00+00:00,continuous,91478.5,91491.4,91446.6,91456.2,10603619.659000007
2025-11-27 11:23:59.586000+00:00,2025-11-27 11:21:00+00:00,continuous,91456.2,91456.3,91358.2,91390.0,18542690.176000018
2025-11-27 11:26:59.840000+00:00,2025-11-27 11:24:00+00:00,continuous,91390.0,91440.9,91374.3,91403.9,16368061.081099996
2025-11-27 11:29:59.080000+00:00,2025-11-27 11:27:00+00:00,continuous,91403.8,91403.9,91324.3,91324.3,22643454.347799957
2025-11-27 11:32:59.981000+00:00,2025-11-27 11:30:00+00:00,continuous,91324.3,91407.8,91261.8,91396.8,40874538.2767
2025-11-27 11:35:59.810000+00:00,2025-11-27 11:33:00+00:00,continuous,91396.8,91397.7,91345.5,91359.6,7629920.858400003
2025-11-27 11:38:59.669000+00:00,2025-11-27 11:36:00+00:00,continuous,91359.6,91410.9,91359.6,91410.9,10329405.338599985
2025-11-27 11:41:59.902000+00:00,2025-11-27 11:39:00+00:00,continuous,91410.8,91420.5,91374.4,91374.4,5922646.683299999
2025-11-27 11:44:59.675000+00:00,2025-11-27 11:42:00+00:00,continuous,91374.5,91441.0,91374.5,91431.9,5919547.454400005
2025-11-27 11:47:59.476000+00:00,2025-11-27 11:45:00+00:00,continuous,91431.8,91438.8,91383.0,91411.0,7179473.6037
2025-11-27 11:50:59.681000+00:00,2025-11-27 11:48:00+00:00,continuous,91411.0,91411.0,91378.3,91384.6,6724575.487600003
2025-11-27 11:53:59.231000+00:00,2025-11-27 11:51:00+00:00,continuous,91384.7,91420.0,91375.0,91382.8,7580031.067499997
2025-11-27 11:56:59.401000+00:00,2025-11-27 11:54:00+00:00,continuous,91382.7,91404.0,91373.6,91373.6,7185039.613900006
2025-11-27 11:59:59.839000+00:00,2025-11-27 11:57:00+00:00,continuous,91373.7,91373.7,91318.3,91334.9,21350690.26529996
2025-11-27 12:02:59.657000+00:00,2025-11-27 12:00:00+00:00,continuous,91334.9,91399.8,91313.0,91336.8,13952580.762199998
2025-11-27 12:05:59.971000+00:00,2025-11-27 12:03:00+00:00,continuous,91336.8,91354.6,91277.1,91341.0,15371225.932599992
2025-11-27 12:08:59.735000+00:00,2025-11-27 12:06:00+00:00,continuous,91341.1,91367.4,91271.1,91271.1,9244047.231200002
2025-11-27 12:11:59.848000+00:00,2025-11-27 12:09:00+00:00,continuous,91271.1,91413.0,91253.1,91403.4,14912318.19230005
2025-11-27 12:14:59.992000+00:00,2025-11-27 12:12:00+00:00,continuous,91403.4,91418.4,91362.6,91367.2,8363518.894300007
2025-11-27 12:17:59.990000+00:00,2025-11-27 12:15:00+00:00,continuous,91367.2,91389.1,91266.9,91272.8,11252764.456200007
2025-11-27 12:20:59.547000+00:00,2025-11-27 12:18:00+00:00,continuous,91272.8,91283.4,91192.3,91243.1,55518423.89289989
2025-11-27 12:23:59.950000+00:00,2025-11-27 12:21:00+00:00,continuous,91243.1,91248.1,91149.4,91232.3,47424672.60579993
2025-11-27 12:26:59.569000+00:00,2025-11-27 12:24:00+00:00,continuous,91232.3,91295.7,91232.3,91279.3,13066727.674699953
2025-11-27 12:29:59.818000+00:00,2025-11-27 12:27:00+00:00,continuous,91279.3,91279.3,91234.1,91237.6,10327997.175399981
2025-11-27 12:32:59.858000+00:00,2025-11-27 12:30:00+00:00,continuous,91237.5,91321.1,91205.4,91268.2,23519510.295599967
2025-11-27 12:35:59.926000+00:00,2025-11-27 12:33:00+00:00,continuous,91268.3,91294.1,91196.9,91196.9,13074483.286999978
2025-11-27 12:38:59.811000+00:00,2025-11-27 12:36:00+00:00,continuous,91196.9,91197.0,91149.5,91149.5,23314561.26940001
2025-11-27 12:41:59.902000+00:00,2025-11-27 12:39:00+00:00,continuous,91149.5,91166.1,91097.3,91107.5,49539100.08399998
2025-11-27 12:44:59.888000+00:00,2025-11-27 12:42:00+00:00,continuous,91107.6,91123.9,91058.0,91072.3,34597599.05469991
2025-11-27 12:47:59.910000+00:00,2025-11-27 12:45:00+00:00,continuous,91072.3,91146.9,91051.8,91146.7,48482474.13199995
2025-11-27 12:50:59.979000+00:00,2025-11-27 12:48:00+00:00,continuous,91146.8,91181.6,91125.0,91125.0,20025717.862399925
2025-11-27 12:53:59.968000+00:00,2025-11-27 12:51:00+00:00,continuous,91124.9,91124.9,90946.9,91000.0,59253596.34659994
2025-11-27 12:56:59.808000+00:00,2025-11-27 12:54:00+00:00,continuous,91000.0,91018.3,90922.5,90950.4,59996991.9915
2025-11-27 12:59:59.951000+00:00,2025-11-27 12:57:00+00:00,continuous,90950.5,90995.1,90914.2,90954.6,40541534.752200015
2025-11-27 13:02:59.895000+00:00,2025-11-27 13:00:00+00:00,continuous,90954.7,91043.1,90921.0,91029.1,52135771.24179997
2025-11-27 13:05:59.833000+00:00,2025-11-27 13:03:00+00:00,continuous,91029.0,91035.9,90851.0,90913.0,26138929.278000027
2025-11-27 13:08:59.837000+00:00,2025-11-27 13:06:00+00:00,continuous,90913.0,90975.0,90856.8,90891.6,30881958.23619993
2025-11-27 13:11:59.981000+00:00,2025-11-27 13:09:00+00:00,continuous,90891.7,90914.1,90760.2,90770.7,51867338.23889988
2025-11-27 13:14:59.883000+00:00,2025-11-27 13:12:00+00:00,continuous,90770.8,90801.7,90710.0,90790.0,48011881.49479984
2025-11-27 13:17:59.830000+00:00,2025-11-27 13:15:00+00:00,continuous,90790.0,90850.0,90528.9,90537.5,127219547.16520008
2025-11-27 13:20:59.994000+00:00,2025-11-27 13:18:00+00:00,continuous,90537.6,90632.5,90425.0,90444.5,87149870.03629981
2025-11-27 13:23:59.933000+00:00,2025-11-27 13:21:00+00:00,continuous,90444.4,90541.4,90410.6,90515.7,50285383.63209988
2025-11-27 13:26:59.978000+00:00,2025-11-27 13:24:00+00:00,continuous,90515.7,90664.6,90470.5,90614.3,71054671.05570006
2025-11-27 13:29:59.847000+00:00,2025-11-27 13:27:00+00:00,continuous,90614.4,90737.9,90600.0,90678.5,53786095.73010006
2025-11-27 13:32:59.992000+00:00,2025-11-27 13:30:00+00:00,continuous,90678.4,90776.6,90568.1,90573.8,43159321.15069987
2025-11-27 13:35:59.995000+00:00,2025-11-27 13:33:00+00:00,continuous,90573.8,90616.0,90484.1,90484.1,23171505.984599955
2025-11-27 13:38:59.905000+00:00,2025-11-27 13:36:00+00:00,continuous,90484.1,90857.3,90459.0,90774.7,54971489.0237999
2025-11-27 13:41:59.991000+00:00,2025-11-27 13:39:00+00:00,continuous,90774.8,90836.4,90706.5,90807.4,50611095.80850023
2025-11-27 13:44:59.625000+00:00,2025-11-27 13:42:00+00:00,continuous,90807.5,90807.5,90750.0,90783.1,19260066.982899975
2025-11-27 13:47:59.988000+00:00,2025-11-27 13:45:00+00:00,continuous,90783.1,90877.7,90664.4,90686.6,27156858.61000007
2025-11-27 13:50:59.822000+00:00,2025-11-27 13:48:00+00:00,continuous,90686.6,90872.0,90686.5,90861.2,26682409.144700065
2025-11-27 13:53:59.729000+00:00,2025-11-27 13:51:00+00:00,continuous,90861.2,91000.0,90815.8,90939.7,52463970.182400025
2025-11-27 13:56:59.834000+00:00,2025-11-27 13:54:00+00:00,continuous,90939.7,90950.0,90844.6,90844.7,25529052.435100015
2025-11-27 13:59:59.831000+00:00,2025-11-27 13:57:00+00:00,continuous,90844.7,90920.1,90800.5,90813.7,23036258.522099975
2025-11-27 14:02:59.916000+00:00,2025-11-27 14:00:00+00:00,continuous,90813.6,90859.7,90750.0,90835.9,17681892.053000044
2025-11-27 14:05:59.843000+00:00,2025-11-27 14:03:00+00:00,continuous,90836.0,90841.5,90774.1,90774.1,10563694.680000016
2025-11-27 14:08:59.902000+00:00,2025-11-27 14:06:00+00:00,continuous,90774.1,90859.0,90733.9,90816.0,16703680.207999954
2025-11-27 14:11:59.918000+00:00,2025-11-27 14:09:00+00:00,continuous,90816.1,90838.9,90749.4,90753.6,10439656.578899989
2025-11-27 14:14:59.617000+00:00,2025-11-27 14:12:00+00:00,continuous,90753.7,90806.8,90722.1,90789.0,10281745.271599984
2025-11-27 14:17:59.906000+00:00,2025-11-27 14:15:00+00:00,continuous,90789.0,90789.0,90653.7,90653.7,16260216.793800006
2025-11-27 14:20:59.986000+00:00,2025-11-27 14:18:00+00:00,continuous,90653.7,90683.1,90610.0,90619.3,21778444.772300053
2025-11-27 14:23:59.985000+00:00,2025-11-27 14:21:00+00:00,continuous,90619.2,90707.6,90585.6,90707.6,16928413.5393
2025-11-27 14:26:59.895000+00:00,2025-11-27 14:24:00+00:00,continuous,90707.6,90858.5,90674.6,90857.8,17888831.340000015
2025-11-27 14:29:59.974000+00:00,2025-11-27 14:27:00+00:00,continuous,90857.8,90945.4,90833.3,90906.6,25379105.212300003
2025-11-27 14:32:59.885000+00:00,2025-11-27 14:30:00+00:00,continuous,90906.7,90934.3,90794.2,90820.1,18664373.677999962
2025-11-27 14:35:59.911000+00:00,2025-11-27 14:33:00+00:00,continuous,90820.0,90870.9,90777.0,90777.0,8914513.323799977
2025-11-27 14:38:59.744000+00:00,2025-11-27 14:36:00+00:00,continuous,90777.0,90777.1,90600.0,90711.7,51755863.64000004
2025-11-27 14:41:59.846000+00:00,2025-11-27 14:39:00+00:00,continuous,90711.8,90711.8,90531.1,90682.2,34599177.23649988
2025-11-27 14:44:59.805000+00:00,2025-11-27 14:42:00+00:00,continuous,90682.2,90730.6,90646.1,90697.3,18335168.337600004
2025-11-27 14:47:59.872000+00:00,2025-11-27 14:45:00+00:00,continuous,90697.3,90748.2,90623.4,90654.2,15682267.36029998
2025-11-27 14:50:59.108000+00:00,2025-11-27 14:48:00+00:00,continuous,90654.1,90678.6,90592.7,90623.8,12931945.91880003
2025-11-27 14:53:59.915000+00:00,2025-11-27 14:51:00+00:00,continuous,90623.7,90790.9,90623.7,90752.3,15986884.605000012
2025-11-27 14:56:59.978000+00:00,2025-11-27 14:54:00+00:00,continuous,90752.2,90767.9,90675.3,90728.3,8744997.19269999
2025-11-27 14:59:59.729000+00:00,2025-11-27 14:57:00+00:00,continuous,90728.4,90802.1,90728.4,90744.6,8701945.427300002
2025-11-27 15:02:59.855000+00:00,2025-11-27 15:00:00+00:00,continuous,90744.6,90798.0,90704.0,90798.0,10191222.90249999
2025-11-27 15:05:59.978000+00:00,2025-11-27 15:03:00+00:00,continuous,90798.0,90919.7,90788.5,90879.4,27280353.210399956
2025-11-27 15:08:59.940000+00:00,2025-11-27 15:06:00+00:00,continuous,90879.3,90879.3,90620.6,90642.2,23088157.287199996
2025-11-27 15:11:59.866000+00:00,2025-11-27 15:09:00+00:00,continuous,90642.2,90688.0,90586.1,90631.0,16945216.243300006
2025-11-27 15:14:59.947000+00:00,2025-11-27 15:12:00+00:00,continuous,90631.1,90675.0,90620.0,90648.0,11131177.95450002
2025-11-27 15:17:59.740000+00:00,2025-11-27 15:15:00+00:00,continuous,90648.0,90798.3,90648.0,90764.7,12118543.479199996
2025-11-27 15:20:59.333000+00:00,2025-11-27 15:18:00+00:00,continuous,90764.7,90852.9,90764.7,90769.5,11506142.19600002
2025-11-27 15:23:59.839000+00:00,2025-11-27 15:21:00+00:00,continuous,90769.4,90889.0,90769.4,90841.1,13794404.139400022
2025-11-27 15:26:59.808000+00:00,2025-11-27 15:24:00+00:00,continuous,90841.0,90911.5,90827.8,90905.5,16064227.481899964
2025-11-27 15:29:59.947000+00:00,2025-11-27 15:27:00+00:00,continuous,90905.5,90925.0,90840.0,90878.3,10903957.46850001
2025-11-27 15:32:59.964000+00:00,2025-11-27 15:30:00+00:00,continuous,90878.3,90900.7,90802.0,90827.0,19181107.44519997
2025-11-27 15:35:59.754000+00:00,2025-11-27 15:33:00+00:00,continuous,90827.0,90856.0,90766.6,90856.0,11849514.365200004
2025-11-27 15:38:59.449000+00:00,2025-11-27 15:36:00+00:00,continuous,90855.9,90942.1,90833.6,90874.9,13480224.233500015
2025-11-27 15:41:59.968000+00:00,2025-11-27 15:39:00+00:00,continuous,90874.8,90874.8,90729.8,90754.8,13039828.739599993
2025-11-27 15:44:59.529000+00:00,2025-11-27 15:42:00+00:00,continuous,90754.7,90849.9,90745.1,90839.4,15648239.819699978
2025-11-27 15:47:59.852000+00:00,2025-11-27 15:45:00+00:00,continuous,90839.5,90911.0,90823.6,90887.0,13786857.22490001
2025-11-27 15:50:59.972000+00:00,2025-11-27 15:48:00+00:00,continuous,90887.1,90934.8,90882.0,90892.2,18231537.039600022
2025-11-27 15:53:59.805000+00:00,2025-11-27 15:51:00+00:00,continuous,90892.1,90918.3,90800.0,90878.6,12831668.023199985
2025-11-27 15:56:59.928000+00:00,2025-11-27 15:54:00+00:00,continuous,90878.6,90943.5,90861.4,90900.5,23102778.00680001
2025-11-27 15:59:59.822000+00:00,2025-11-27 15:57:00+00:00,continuous,90900.5,90939.9,90864.7,90912.9,14223610.688399997
2025-11-27 16:02:59.958000+00:00,2025-11-27 16:00:00+00:00,continuous,90913.0,91036.0,90855.5,91003.9,51527514.214999944
2025-11-27 16:05:59.794000+00:00,2025-11-27 16:03:00+00:00,continuous,91003.9,91005.1,90813.4,90837.4,45351266.76749991
2025-11-27 16:08:59.557000+00:00,2025-11-27 16:06:00+00:00,continuous,90837.4,90931.5,90816.7,90845.2,20635747.5762
2025-11-27 16:11:59.531000+00:00,2025-11-27 16:09:00+00:00,continuous,90845.2,90942.0,90800.4,90902.6,30381746.600099966
2025-11-27 16:14:59.867000+00:00,2025-11-27 16:12:00+00:00,continuous,90902.7,91231.0,90887.1,91182.5,107917259.69230044
2025-11-27 16:17:59.869000+00:00,2025-11-27 16:15:00+00:00,continuous,91182.4,91351.3,91096.1,91121.4,101765751.42980024
2025-11-27 16:20:59.823000+00:00,2025-11-27 16:18:00+00:00,continuous,91121.5,91200.1,91057.4,91069.9,43584604.2764999
2025-11-27 16:23:59.574000+00:00,2025-11-27 16:21:00+00:00,continuous,91069.9,91250.0,91051.8,91195.0,28802172.117399964
2025-11-27 16:26:59.830000+00:00,2025-11-27 16:24:00+00:00,continuous,91195.1,91244.5,91100.0,91161.3,22567942.80179999
2025-11-27 16:29:59.806000+00:00,2025-11-27 16:27:00+00:00,continuous,91161.2,91181.8,91107.5,91148.2,11044919.976700008
2025-11-27 16:32:59.636000+00:00,2025-11-27 16:30:00+00:00,continuous,91148.2,91316.6,91116.1,91314.5,30810333.379200026
2025-11-27 16:35:59.472000+00:00,2025-11-27 16:33:00+00:00,continuous,91314.5,91314.5,91221.4,91264.5,19891768.770299997
2025-11-27 16:38:59.770000+00:00,2025-11-27 16:36:00+00:00,continuous,91264.4,91449.2,91251.0,91415.3,50748668.45300008
2025-11-27 16:41:59.919000+00:00,2025-11-27 16:39:00+00:00,continuous,91415.2,91520.0,91279.6,91279.6,61070829.62010017
2025-11-27 16:44:59.983000+00:00,2025-11-27 16:42:00+00:00,continuous,91279.6,91367.6,91246.1,91246.1,28847851.972300053
2025-11-27 16:47:59.571000+00:00,2025-11-27 16:45:00+00:00,continuous,91246.0,91285.2,91184.9,91280.2,27404917.00440005
2025-11-27 16:50:59.507000+00:00,2025-11-27 16:48:00+00:00,continuous,91280.2,91280.2,91177.0,91239.7,11512847.183099996
2025-11-27 16:53:59.995000+00:00,2025-11-27 16:51:00+00:00,continuous,91239.6,91370.5,91239.6,91370.4,12917216.939099988
2025-11-27 16:56:59.908000+00:00,2025-11-27 16:54:00+00:00,continuous,91370.5,91410.0,91356.0,91400.5,22319001.219499983
2025-11-27 16:59:59.802000+00:00,2025-11-27 16:57:00+00:00,continuous,91400.6,91438.6,91358.5,91410.1,17852690.427799962
2025-11-27 17:02:59.771000+00:00,2025-11-27 17:00:00+00:00,continuous,91410.0,91491.3,91380.6,91395.7,19605212.058500003
2025-11-27 17:05:59.889000+00:00,2025-11-27 17:03:00+00:00,continuous,91395.6,91459.8,91361.9,91392.2,16478197.367400013
2025-11-27 17:08:59.899000+00:00,2025-11-27 17:06:00+00:00,continuous,91392.1,91392.1,91310.2,91362.9,11851402.198300026
2025-11-27 17:11:59.999000+00:00,2025-11-27 17:09:00+00:00,continuous,91362.9,91458.1,91362.8,91458.1,8112490.893200003
2025-11-27 17:14:59.864000+00:00,2025-11-27 17:12:00+00:00,continuous,91458.0,91466.2,91410.3,91421.1,12961710.724200012
2025-11-27 17:17:59.894000+00:00,2025-11-27 17:15:00+00:00,continuous,91421.2,91484.8,91412.9,91461.1,15785842.691299994
2025-11-27 17:20:59.931000+00:00,2025-11-27 17:18:00+00:00,continuous,91461.1,91546.6,91426.7,91529.1,19590039.34450002
2025-11-27 17:23:59.850000+00:00,2025-11-27 17:21:00+00:00,continuous,91529.2,91597.8,91426.8,91497.1,27353148.17439998
2025-11-27 17:26:59.876000+00:00,2025-11-27 17:24:00+00:00,continuous,91497.1,91530.6,91469.8,91498.3,12653268.460000014
2025-11-27 17:29:59.767000+00:00,2025-11-27 17:27:00+00:00,continuous,91498.2,91516.3,91300.0,91321.8,24318688.882899992
2025-11-27 17:32:59.742000+00:00,2025-11-27 17:30:00+00:00,continuous,91321.9,91398.4,91252.0,91398.4,26428952.728000015
2025-11-27 17:35:59.893000+00:00,2025-11-27 17:33:00+00:00,continuous,91398.4,91488.2,91396.6,91488.2,8283960.409099995
2025-11-27 17:38:59.997000+00:00,2025-11-27 17:36:00+00:00,continuous,91488.3,91488.3,91316.8,91321.0,13292249.357099997
2025-11-27 17:41:59.990000+00:00,2025-11-27 17:39:00+00:00,continuous,91321.1,91362.5,91268.0,91352.7,13883796.166799989
2025-11-27 17:44:59.853000+00:00,2025-11-27 17:42:00+00:00,continuous,91352.9,91400.0,91349.2,91399.9,7033290.204499999
2025-11-27 17:47:59.759000+00:00,2025-11-27 17:45:00+00:00,continuous,91400.0,91434.4,91360.9,91378.4,8677808.074700003
2025-11-27 17:50:59.657000+00:00,2025-11-27 17:48:00+00:00,continuous,91378.3,91399.1,91340.0,91389.4,4826040.019100002
2025-11-27 17:53:59.599000+00:00,2025-11-27 17:51:00+00:00,continuous,91389.3,91434.4,91337.1,91417.0,10355787.636200009
2025-11-27 17:56:59.894000+00:00,2025-11-27 17:54:00+00:00,continuous,91416.9,91468.2,91410.0,91443.4,7424102.274800011
2025-11-27 17:59:59.206000+00:00,2025-11-27 17:57:00+00:00,continuous,91443.4,91453.6,91410.3,91431.0,7908273.54270001
2025-11-27 18:02:59.959000+00:00,2025-11-27 18:00:00+00:00,continuous,91430.9,91430.9,91368.6,91393.9,10805004.707799993
2025-11-27 18:05:59.795000+00:00,2025-11-27 18:03:00+00:00,continuous,91394.0,91400.0,91360.4,91360.4,8747398.798500024
2025-11-27 18:08:59.046000+00:00,2025-11-27 18:06:00+00:00,continuous,91360.5,91458.3,91360.4,91438.4,11655758.30450001
2025-11-27 18:11:59.597000+00:00,2025-11-27 18:09:00+00:00,continuous,91438.4,91452.0,91388.1,91395.7,5977325.76629999
2025-11-27 18:14:58.712000+00:00,2025-11-27 18:12:00+00:00,continuous,91395.7,91404.7,91340.0,91375.7,12676896.747500027
2025-11-27 18:17:59.995000+00:00,2025-11-27 18:15:00+00:00,continuous,91375.7,91432.1,91337.7,91396.2,29483097.642300013
2025-11-27 18:20:59.070000+00:00,2025-11-27 18:18:00+00:00,continuous,91396.3,91447.1,91372.3,91412.1,13879992.300900003
2025-11-27 18:23:59.912000+00:00,2025-11-27 18:21:00+00:00,continuous,91412.1,91422.8,91297.3,91347.4,14352658.959100023
2025-11-27 18:26:59.708000+00:00,2025-11-27 18:24:00+00:00,continuous,91347.3,91463.7,91341.8,91414.8,12788041.858400015
2025-11-27 18:29:59.378000+00:00,2025-11-27 18:27:00+00:00,continuous,91414.7,91419.3,91359.9,91370.2,4883388.359000004
2025-11-27 18:32:59.893000+00:00,2025-11-27 18:30:00+00:00,continuous,91370.2,91383.9,91326.0,91348.2,6518791.189999993
2025-11-27 18:35:58.863000+00:00,2025-11-27 18:33:00+00:00,continuous,91348.2,91438.7,91348.2,91425.0,9177634.103400026
2025-11-27 18:38:59.983000+00:00,2025-11-27 18:36:00+00:00,continuous,91426.1,91550.0,91426.1,91550.0,12599001.711700007
2025-11-27 18:41:59.925000+00:00,2025-11-27 18:39:00+00:00,continuous,91549.9,91700.1,91549.9,91670.7,58021860.55209994
2025-11-27 18:44:59.855000+00:00,2025-11-27 18:42:00+00:00,continuous,91670.7,91760.9,91670.7,91716.4,61819377.61570009
2025-11-27 18:47:59.762000+00:00,2025-11-27 18:45:00+00:00,continuous,91716.3,91797.7,91640.0,91695.3,30177494.1116001
2025-11-27 18:50:59.958000+00:00,2025-11-27 18:48:00+00:00,continuous,91695.3,91758.7,91667.6,91708.2,13822765.833100006
2025-11-27 18:53:59.517000+00:00,2025-11-27 18:51:00+00:00,continuous,91708.2,91748.5,91646.1,91735.3,15657036.587899972
2025-11-27 18:56:59.944000+00:00,2025-11-27 18:54:00+00:00,continuous,91735.3,91800.0,91735.2,91797.1,20608641.1233
2025-11-27 18:59:59.438000+00:00,2025-11-27 18:57:00+00:00,continuous,91797.0,91797.0,91740.0,91741.1,7511735.974200009
2025-11-27 19:02:59.578000+00:00,2025-11-27 19:00:00+00:00,continuous,91741.0,91741.0,91579.5,91579.5,22893508.233300015
2025-11-27 19:05:59.920000+00:00,2025-11-27 19:03:00+00:00,continuous,91579.5,91605.0,91554.0,91563.2,10977182.715499997
2025-11-27 19:08:59.977000+00:00,2025-11-27 19:06:00+00:00,continuous,91563.2,91569.5,91499.9,91550.0,14591774.086300025
2025-11-27 19:11:59.706000+00:00,2025-11-27 19:09:00+00:00,continuous,91550.0,91601.5,91545.0,91589.6,6457208.480800011
2025-11-27 19:14:59.881000+00:00,2025-11-27 19:12:00+00:00,continuous,91589.7,91605.1,91553.8,91580.0,4855314.445700004
2025-11-27 19:17:59.906000+00:00,2025-11-27 19:15:00+00:00,continuous,91580.0,91621.9,91511.0,91539.8,8661430.352499995
2025-11-27 19:20:59.455000+00:00,2025-11-27 19:18:00+00:00,continuous,91539.9,91606.9,91518.9,91605.4,6207002.874999991
2025-11-27 19:23:59.776000+00:00,2025-11-27 19:21:00+00:00,continuous,91605.3,91637.2,91518.9,91585.5,9716925.832400002
2025-11-27 19:26:59.289000+00:00,2025-11-27 19:24:00+00:00,continuous,91585.5,91610.9,91546.5,91559.2,6119174.897600003
2025-11-27 19:29:59.141000+00:00,2025-11-27 19:27:00+00:00,continuous,91559.2,91589.3,91559.2,91569.0,3874283.473399992
2025-11-27 19:32:59.106000+00:00,2025-11-27 19:30:00+00:00,continuous,91569.1,91605.4,91519.2,91549.4,10917395.489200002
2025-11-27 19:35:59.322000+00:00,2025-11-27 19:33:00+00:00,continuous,91548.9,91548.9,91456.6,91476.5,8763719.416399995
2025-11-27 19:38:59.959000+00:00,2025-11-27 19:36:00+00:00,continuous,91476.5,91555.7,91470.9,91543.0,8103538.284199997
2025-11-27 19:41:59.641000+00:00,2025-11-27 19:39:00+00:00,continuous,91543.0,91660.4,91536.0,91660.4,12829836.77850001
2025-11-27 19:44:59.941000+00:00,2025-11-27 19:42:00+00:00,continuous,91660.3,91697.9,91622.7,91665.3,11371752.0998
2025-11-27 19:47:59.633000+00:00,2025-11-27 19:45:00+00:00,continuous,91665.2,91674.0,91562.9,91562.9,9763818.929299999
2025-11-27 19:50:59.673000+00:00,2025-11-27 19:48:00+00:00,continuous,91563.0,91587.1,91535.7,91544.5,9724066.735400008
2025-11-27 19:53:59.323000+00:00,2025-11-27 19:51:00+00:00,continuous,91544.4,91550.0,91467.9,91513.6,12018061.709100002
2025-11-27 19:56:59.089000+00:00,2025-11-27 19:54:00+00:00,continuous,91513.5,91516.5,91493.0,91493.0,4542704.733399996
2025-11-27 19:59:59.614000+00:00,2025-11-27 19:57:00+00:00,continuous,91493.0,91494.9,91465.6,91489.0,3184927.6098999977
2025-11-27 20:02:59.945000+00:00,2025-11-27 20:00:00+00:00,continuous,91489.0,91500.0,91408.7,91496.4,21019734.536699984
2025-11-27 20:05:59.405000+00:00,2025-11-27 20:03:00+00:00,continuous,91496.4,91518.9,91413.9,91455.9,6739348.758400002
2025-11-27 20:08:58.719000+00:00,2025-11-27 20:06:00+00:00,continuous,91455.8,91492.4,91418.9,91492.4,5352621.587
2025-11-27 20:11:59.357000+00:00,2025-11-27 20:09:00+00:00,continuous,91492.4,91521.9,91479.3,91514.6,7623736.641500001
2025-11-27 20:14:59.893000+00:00,2025-11-27 20:12:00+00:00,continuous,91514.6,91533.3,91446.3,91446.3,4818423.4255000055
2025-11-27 20:17:59.346000+00:00,2025-11-27 20:15:00+00:00,continuous,91446.3,91446.4,91362.6,91372.7,15991299.951100037
2025-11-27 20:20:59.893000+00:00,2025-11-27 20:18:00+00:00,continuous,91372.7,91446.6,91372.7,91373.0,5348863.103399991
2025-11-27 20:23:59.072000+00:00,2025-11-27 20:21:00+00:00,continuous,91373.1,91407.4,91353.3,91357.3,8555927.534400001
2025-11-27 20:26:59.932000+00:00,2025-11-27 20:24:00+00:00,continuous,91357.2,91416.2,91353.0,91383.0,9419595.2145
2025-11-27 20:29:59.781000+00:00,2025-11-27 20:27:00+00:00,continuous,91383.0,91419.2,91377.8,91391.9,4048432.924700003
2025-11-27 20:32:59.542000+00:00,2025-11-27 20:30:00+00:00,continuous,91392.0,91444.0,91356.1,91444.0,6954935.613000006
2025-11-27 20:35:59.163000+00:00,2025-11-27 20:33:00+00:00,continuous,91444.0,91554.8,91444.0,91537.0,8433325.718399987
2025-11-27 20:38:58.976000+00:00,2025-11-27 20:36:00+00:00,continuous,91537.0,91537.0,91384.7,91384.8,9330603.533600016
2025-11-27 20:41:59.778000+00:00,2025-11-27 20:39:00+00:00,continuous,91384.8,91448.3,91383.0,91436.5,3834061.383199997
2025-11-27 20:44:59.534000+00:00,2025-11-27 20:42:00+00:00,continuous,91436.6,91462.6,91399.0,91419.8,3031331.9403999997
2025-11-27 20:47:59.709000+00:00,2025-11-27 20:45:00+00:00,continuous,91419.8,91448.4,91354.4,91448.4,6440873.831000007
2025-11-27 20:50:58.804000+00:00,2025-11-27 20:48:00+00:00,continuous,91448.3,91448.4,91360.4,91393.4,5568966.190099998
2025-11-27 20:53:59.599000+00:00,2025-11-27 20:51:00+00:00,continuous,91393.5,91444.0,91393.5,91443.8,5700773.006299999
2025-11-27 20:56:58.748000+00:00,2025-11-27 20:54:00+00:00,continuous,91443.9,91464.5,91419.5,91440.4,4405157.4942999985
2025-11-27 20:59:58.390000+00:00,2025-11-27 20:57:00+00:00,continuous,91440.3,91453.7,91386.4,91387.6,7733584.294599996
2025-11-27 21:02:59.876000+00:00,2025-11-27 21:00:00+00:00,continuous,91387.6,91387.6,91257.9,91296.7,28867810.466599986
2025-11-27 21:05:59.813000+00:00,2025-11-27 21:03:00+00:00,continuous,91296.6,91298.7,91250.1,91262.0,13128395.041500008
2025-11-27 21:08:59.820000+00:00,2025-11-27 21:06:00+00:00,continuous,91262.0,91335.6,91156.4,91330.5,26909629.926699925
2025-11-27 21:11:59.566000+00:00,2025-11-27 21:09:00+00:00,continuous,91330.5,91351.2,91273.4,91305.0,10691072.03829997
2025-11-27 21:14:59.805000+00:00,2025-11-27 21:12:00+00:00,continuous,91305.0,91394.9,91305.0,91380.3,5691623.128099998
2025-11-27 21:17:59.540000+00:00,2025-11-27 21:15:00+00:00,continuous,91380.3,91449.7,91340.5,91434.1,6067832.5146999955
2025-11-27 21:20:59.169000+00:00,2025-11-27 21:18:00+00:00,continuous,91434.2,91497.3,91434.1,91489.5,9389734.919000015
2025-11-27 21:23:59.704000+00:00,2025-11-27 21:21:00+00:00,continuous,91489.5,91505.8,91439.0,91463.3,7243906.393000006
2025-11-27 21:26:59.549000+00:00,2025-11-27 21:24:00+00:00,continuous,91463.3,91463.3,91411.1,91438.1,5069847.591199995
2025-11-27 21:29:59.694000+00:00,2025-11-27 21:27:00+00:00,continuous,91438.1,91504.7,91438.0,91478.9,5253994.104100002
2025-11-27 21:32:59.512000+00:00,2025-11-27 21:30:00+00:00,continuous,91478.8,91520.3,91446.9,91447.0,5365057.388399996
2025-11-27 21:35:59.596000+00:00,2025-11-27 21:33:00+00:00,continuous,91447.0,91510.5,91444.8,91509.5,3666553.8671999965
2025-11-27 21:38:59.927000+00:00,2025-11-27 21:36:00+00:00,continuous,91509.4,91520.0,91478.4,91513.4,4634565.7357000075
2025-11-27 21:41:59.757000+00:00,2025-11-27 21:39:00+00:00,continuous,91513.4,91562.8,91513.3,91518.2,6743442.326699994
2025-11-27 21:44:59.540000+00:00,2025-11-27 21:42:00+00:00,continuous,91518.2,91540.3,91496.7,91496.7,3839905.323199998
2025-11-27 21:47:59.906000+00:00,2025-11-27 21:45:00+00:00,continuous,91496.8,91537.3,91466.6,91523.3,4282492.098
2025-11-27 21:50:59.825000+00:00,2025-11-27 21:48:00+00:00,continuous,91523.3,91535.1,91413.8,91423.1,6061901.384599996
2025-11-27 21:53:59.779000+00:00,2025-11-27 21:51:00+00:00,continuous,91423.2,91457.8,91418.1,91451.9,3799947.4822
2025-11-27 21:56:59.767000+00:00,2025-11-27 21:54:00+00:00,continuous,91451.9,91451.9,91364.6,91376.7,4680668.358000003
2025-11-27 21:59:59.990000+00:00,2025-11-27 21:57:00+00:00,continuous,91376.7,91411.4,91351.8,91373.4,7816003.5385
2025-11-27 22:02:59.344000+00:00,2025-11-27 22:00:00+00:00,continuous,91373.5,91419.1,91330.0,91382.5,11669128.166799953
2025-11-27 22:05:59.540000+00:00,2025-11-27 22:03:00+00:00,continuous,91382.4,91398.2,91342.8,91352.7,5152655.304700004
2025-11-27 22:08:59.478000+00:00,2025-11-27 22:06:00+00:00,continuous,91352.7,91360.9,91295.2,91305.6,7664508.301600004
2025-11-27 22:11:59.592000+00:00,2025-11-27 22:09:00+00:00,continuous,91305.5,91335.6,91305.5,91327.0,5367255.685500001
2025-11-27 22:14:59.778000+00:00,2025-11-27 22:12:00+00:00,continuous,91327.0,91437.2,91327.0,91437.1,7260521.174200008
2025-11-27 22:17:58.988000+00:00,2025-11-27 22:15:00+00:00,continuous,91437.1,91532.1,91420.2,91516.7,7106228.981199995
2025-11-27 22:20:59.888000+00:00,2025-11-27 22:18:00+00:00,continuous,91516.6,91550.0,91492.5,91505.8,7325164.81879999
2025-11-27 22:23:59.010000+00:00,2025-11-27 22:21:00+00:00,continuous,91505.9,91516.6,91446.6,91464.9,3932019.5506000016
2025-11-27 22:26:59.525000+00:00,2025-11-27 22:24:00+00:00,continuous,91465.0,91521.3,91458.9,91520.4,3580298.5027
2025-11-27 22:29:59.574000+00:00,2025-11-27 22:27:00+00:00,continuous,91520.3,91542.8,91517.0,91527.8,4085307.1624999996
2025-11-27 22:32:59.602000+00:00,2025-11-27 22:30:00+00:00,continuous,91527.9,91546.5,91455.8,91456.0,10080479.882399999
2025-11-27 22:35:59.505000+00:00,2025-11-27 22:33:00+00:00,continuous,91456.0,91484.3,91456.0,91473.9,4734697.0128999995
2025-11-27 22:38:59.367000+00:00,2025-11-27 22:36:00+00:00,continuous,91473.8,91473.9,91401.8,91441.7,6678143.114400003
2025-11-27 22:41:59.433000+00:00,2025-11-27 22:39:00+00:00,continuous,91441.7,91447.8,91312.6,91312.6,10284536.33319998
2025-11-27 22:44:59.560000+00:00,2025-11-27 22:42:00+00:00,continuous,91312.6,91374.3,91180.0,91188.2,17609865.987699974
2025-11-27 22:47:59.969000+00:00,2025-11-27 22:45:00+00:00,continuous,91188.2,91350.0,91058.4,91340.0,35461147.84950006
2025-11-27 22:50:59.939000+00:00,2025-11-27 22:48:00+00:00,continuous,91339.9,91352.8,91221.2,91257.3,9401230.7479
2025-11-27 22:53:59.561000+00:00,2025-11-27 22:51:00+00:00,continuous,91257.4,91288.3,91150.0,91219.1,10542965.525900006
2025-11-27 22:56:59.955000+00:00,2025-11-27 22:54:00+00:00,continuous,91219.1,91250.3,91173.7,91250.2,7821449.0391000025
2025-11-27 22:59:59.874000+00:00,2025-11-27 22:57:00+00:00,continuous,91250.3,91327.6,91241.9,91285.0,9998512.70219998
2025-11-27 23:02:59.985000+00:00,2025-11-27 23:00:00+00:00,continuous,91285.0,91400.0,91270.6,91400.0,15645605.40029999
2025-11-27 23:05:59.872000+00:00,2025-11-27 23:03:00+00:00,continuous,91399.9,91466.9,91389.8,91437.4,17332697.206700034
2025-11-27 23:08:57.679000+00:00,2025-11-27 23:06:00+00:00,continuous,91437.3,91437.4,91331.3,91352.4,10257877.97410001
2025-11-27 23:11:59.058000+00:00,2025-11-27 23:09:00+00:00,continuous,91352.4,91380.1,91339.7,91340.4,5589144.55259999
2025-11-27 23:14:59.724000+00:00,2025-11-27 23:12:00+00:00,continuous,91340.4,91471.3,91331.3,91464.3,6391696.712800005
2025-11-27 23:17:59.893000+00:00,2025-11-27 23:15:00+00:00,continuous,91464.4,91524.0,91445.3,91458.9,15848849.082299981
2025-11-27 23:20:59.482000+00:00,2025-11-27 23:18:00+00:00,continuous,91459.0,91475.3,91413.2,91434.8,4609818.193600012
2025-11-27 23:23:59.912000+00:00,2025-11-27 23:21:00+00:00,continuous,91434.8,91443.2,91364.0,91364.0,5232981.1436999915
2025-11-27 23:26:59.603000+00:00,2025-11-27 23:24:00+00:00,continuous,91364.0,91377.9,91302.0,91364.5,6179610.502399993
2025-11-27 23:29:59.821000+00:00,2025-11-27 23:27:00+00:00,continuous,91364.5,91389.6,91343.7,91343.7,6483050.791999997
2025-11-27 23:32:59.890000+00:00,2025-11-27 23:30:00+00:00,continuous,91343.7,91343.7,91228.8,91228.8,11276835.251599988
2025-11-27 23:35:59.999000+00:00,2025-11-27 23:33:00+00:00,continuous,91228.8,91228.9,91173.9,91215.9,18142260.06490007
2025-11-27 23:38:59.524000+00:00,2025-11-27 23:36:00+00:00,continuous,91215.9,91305.5,91215.8,91287.2,7875890.190199994
2025-11-27 23:41:59.864000+00:00,2025-11-27 23:39:00+00:00,continuous,91287.1,91346.4,91287.1,91346.4,4553741.477899998
2025-11-27 23:44:59.696000+00:00,2025-11-27 23:42:00+00:00,continuous,91346.4,91352.9,91321.8,91348.2,3812752.1813999964
2025-11-27 23:47:59.893000+00:00,2025-11-27 23:45:00+00:00,continuous,91348.2,91353.6,91254.0,91261.3,7000091.244000014
2025-11-27 23:50:59.104000+00:00,2025-11-27 23:48:00+00:00,continuous,91261.3,91271.0,91247.3,91256.4,3879020.691199998
2025-11-27 23:53:59.927000+00:00,2025-11-27 23:51:00+00:00,continuous,91256.4,91300.5,91230.0,91300.5,5458682.041199999
2025-11-27 23:56:59.220000+00:00,2025-11-27 23:54:00+00:00,continuous,91300.4,91300.5,91236.7,91273.6,10515622.819000008
2025-11-27 23:59:57.479000+00:00,2025-11-27 23:57:00+00:00,continuous,91273.6,91292.3,91252.7,91292.2,4969306.189899996
2025-11-28 00:02:59.936000+00:00,2025-11-28 00:00:00+00:00,continuous,91292.2,91313.6,91192.5,91192.6,18244266.068600018
2025-11-28 00:05:59.958000+00:00,2025-11-28 00:03:00+00:00,continuous,91192.5,91192.6,91116.3,91125.3,22619562.198000044
2025-11-28 00:08:59.985000+00:00,2025-11-28 00:06:00+00:00,continuous,91125.3,91239.5,91125.3,91146.4,10437257.660199994
2025-11-28 00:11:59.770000+00:00,2025-11-28 00:09:00+00:00,continuous,91146.2,91164.2,91092.0,91116.0,9126350.253400024
2025-11-28 00:14:59.502000+00:00,2025-11-28 00:12:00+00:00,continuous,91116.1,91148.3,91116.0,91121.0,6206591.295900003
2025-11-28 00:17:59.806000+00:00,2025-11-28 00:15:00+00:00,continuous,91121.1,91147.6,91088.0,91093.6,8656065.231099997
2025-11-28 00:20:59.212000+00:00,2025-11-28 00:18:00+00:00,continuous,91093.6,91182.5,91023.4,91174.6,15187634.912499987
2025-11-28 00:23:58.617000+00:00,2025-11-28 00:21:00+00:00,continuous,91174.6,91229.0,91163.5,91172.2,10044624.747800002
2025-11-28 00:26:59.447000+00:00,2025-11-28 00:24:00+00:00,continuous,91172.2,91258.0,91172.1,91244.0,7416765.700000009
2025-11-28 00:29:59.803000+00:00,2025-11-28 00:27:00+00:00,continuous,91244.0,91244.1,91149.8,91193.0,8472380.537499998
2025-11-28 00:32:59.097000+00:00,2025-11-28 00:30:00+00:00,continuous,91193.1,91243.6,91190.1,91237.6,4423325.353299995
2025-11-28 00:35:59.615000+00:00,2025-11-28 00:33:00+00:00,continuous,91237.5,91365.8,91208.6,91358.1,10049187.389299994
2025-11-28 00:38:59.642000+00:00,2025-11-28 00:36:00+00:00,continuous,91358.1,91386.6,91228.6,91239.4,9392948.788499989
2025-11-28 00:41:58.975000+00:00,2025-11-28 00:39:00+00:00,continuous,91239.4,91270.1,91174.6,91176.7,6880073.832699995
2025-11-28 00:44:59.798000+00:00,2025-11-28 00:42:00+00:00,continuous,91176.6,91198.0,91162.5,91187.3,6034812.032200005
2025-11-28 00:47:58.383000+00:00,2025-11-28 00:45:00+00:00,continuous,91187.3,91226.2,91156.0,91220.4,5095582.508600004
2025-11-28 00:50:59.920000+00:00,2025-11-28 00:48:00+00:00,continuous,91220.4,91220.4,91100.9,91142.0,6724594.646900009
2025-11-28 00:53:59.603000+00:00,2025-11-28 00:51:00+00:00,continuous,91141.9,91173.0,91108.3,91154.1,4588701.652999996
2025-11-28 00:56:58.664000+00:00,2025-11-28 00:54:00+00:00,continuous,91154.1,91169.3,91125.0,91163.4,3649402.885799999
2025-11-28 00:59:58.475000+00:00,2025-11-28 00:57:00+00:00,continuous,91163.3,91173.3,91145.7,91173.3,3051717.4094
2025-11-28 01:02:59.850000+00:00,2025-11-28 01:00:00+00:00,continuous,91173.2,91173.3,91050.0,91061.9,12919333.072599977
2025-11-28 01:05:59.897000+00:00,2025-11-28 01:03:00+00:00,continuous,91062.0,91129.5,91033.3,91066.4,9579079.926899971
2025-11-28 01:08:59.030000+00:00,2025-11-28 01:06:00+00:00,continuous,91066.4,91154.2,91045.0,91045.0,7556006.172199997
2025-11-28 01:11:59.939000+00:00,2025-11-28 01:09:00+00:00,continuous,91045.0,91052.1,90863.9,90911.5,56108680.035599865
2025-11-28 01:14:59.842000+00:00,2025-11-28 01:12:00+00:00,continuous,90911.5,90920.6,90826.2,90849.9,27215760.269599948
2025-11-28 01:17:59.956000+00:00,2025-11-28 01:15:00+00:00,continuous,90849.9,90969.7,90829.6,90853.4,30591990.554300003
2025-11-28 01:20:59.815000+00:00,2025-11-28 01:18:00+00:00,continuous,90853.2,90855.3,90750.0,90838.0,42933326.33920003
2025-11-28 01:23:59.260000+00:00,2025-11-28 01:21:00+00:00,continuous,90837.9,90977.2,90837.9,90888.8,19689049.17769994
2025-11-28 01:26:59.967000+00:00,2025-11-28 01:24:00+00:00,continuous,90889.2,90974.1,90886.5,90965.9,9114223.176200006
2025-11-28 01:29:59.032000+00:00,2025-11-28 01:27:00+00:00,continuous,90965.9,90976.2,90895.0,90908.7,7425501.448299991
2025-11-28 01:32:59.113000+00:00,2025-11-28 01:30:00+00:00,continuous,90908.6,90946.9,90769.8,90825.1,14667380.78790001
2025-11-28 01:35:59.853000+00:00,2025-11-28 01:33:00+00:00,continuous,90825.2,91020.2,90825.1,91010.3,15388410.213699976
2025-11-28 01:38:59.998000+00:00,2025-11-28 01:36:00+00:00,continuous,91010.3,91017.2,90968.2,90981.9,9202865.574699974
2025-11-28 01:41:59.892000+00:00,2025-11-28 01:39:00+00:00,continuous,90982.0,91021.8,90950.2,90995.0,9752645.722299984
2025-11-28 01:44:59.537000+00:00,2025-11-28 01:42:00+00:00,continuous,90995.1,91040.3,90915.1,90997.2,11072199.46469999
2025-11-28 01:47:59.999000+00:00,2025-11-28 01:45:00+00:00,continuous,90997.2,91018.9,90925.0,90926.0,5418973.706599999
2025-11-28 01:50:59.593000+00:00,2025-11-28 01:48:00+00:00,continuous,90926.1,90953.2,90901.8,90901.8,5797471.1753
2025-11-28 01:53:59.696000+00:00,2025-11-28 01:51:00+00:00,continuous,90901.9,90922.5,90814.5,90842.6,13913254.063300014
2025-11-28 01:56:59.882000+00:00,2025-11-28 01:54:00+00:00,continuous,90842.5,90857.6,90778.5,90812.6,23025876.243700046
2025-11-28 01:59:59.893000+00:00,2025-11-28 01:57:00+00:00,continuous,90812.6,90848.4,90750.3,90754.3,30466388.07230007
2025-11-28 02:02:59.955000+00:00,2025-11-28 02:00:00+00:00,continuous,90754.3,90854.8,90754.3,90835.6,33990767.86049994
2025-11-28 02:05:59.910000+00:00,2025-11-28 02:03:00+00:00,continuous,90835.7,90859.9,90760.0,90806.5,25998495.991200037
2025-11-28 02:08:59.981000+00:00,2025-11-28 02:06:00+00:00,continuous,90806.6,90810.6,90693.9,90735.2,51413779.957800105
2025-11-28 02:11:59.969000+00:00,2025-11-28 02:09:00+00:00,continuous,90735.2,90810.4,90710.6,90743.4,31883214.470099956
2025-11-28 02:14:59.850000+00:00,2025-11-28 02:12:00+00:00,continuous,90743.5,90862.8,90705.5,90854.4,36374578.427199975
2025-11-28 02:17:59.396000+00:00,2025-11-28 02:15:00+00:00,continuous,90854.4,90946.4,90790.5,90790.5,41338837.77729998
2025-11-28 02:20:59.926000+00:00,2025-11-28 02:18:00+00:00,continuous,90790.2,90790.2,90693.9,90744.6,19085390.03129999
2025-11-28 02:23:59.432000+00:00,2025-11-28 02:21:00+00:00,continuous,90744.7,90768.6,90726.0,90732.0,13811082.858599983
2025-11-28 02:26:59.900000+00:00,2025-11-28 02:24:00+00:00,continuous,90732.0,90825.4,90732.0,90759.5,16495857.096800013
2025-11-28 02:29:59.885000+00:00,2025-11-28 02:27:00+00:00,continuous,90759.5,90760.5,90637.0,90643.0,21431507.48980002
2025-11-28 02:32:59.847000+00:00,2025-11-28 02:30:00+00:00,continuous,90643.1,90737.0,90612.2,90680.7,40110525.98260008
2025-11-28 02:35:59.981000+00:00,2025-11-28 02:33:00+00:00,continuous,90680.7,90805.0,90645.2,90793.8,21310619.071999993
2025-11-28 02:38:59.410000+00:00,2025-11-28 02:36:00+00:00,continuous,90793.9,90793.9,90719.0,90773.6,14533435.558200017
2025-11-28 02:41:59.646000+00:00,2025-11-28 02:39:00+00:00,continuous,90773.6,90808.1,90773.6,90779.7,8797908.291000022
2025-11-28 02:44:59.794000+00:00,2025-11-28 02:42:00+00:00,continuous,90779.6,90801.5,90738.3,90777.6,12613618.561600035
2025-11-28 02:47:59.892000+00:00,2025-11-28 02:45:00+00:00,continuous,90777.5,90838.3,90767.6,90823.4,9582422.007499984
2025-11-28 02:50:59.961000+00:00,2025-11-28 02:48:00+00:00,continuous,90823.5,90845.0,90804.1,90829.1,5138251.816500001
2025-11-28 02:53:59.748000+00:00,2025-11-28 02:51:00+00:00,continuous,90829.1,90882.2,90829.0,90882.2,7964376.738900004
2025-11-28 02:56:59.674000+00:00,2025-11-28 02:54:00+00:00,continuous,90882.2,91111.5,90882.1,91065.3,57781561.21200004
2025-11-28 02:59:59.546000+00:00,2025-11-28 02:57:00+00:00,continuous,91065.3,91090.0,91012.3,91035.7,17873363.215399984
2025-11-28 03:02:59.833000+00:00,2025-11-28 03:00:00+00:00,continuous,91035.8,91036.6,90963.2,91015.1,19201770.728199985
2025-11-28 03:05:59.855000+00:00,2025-11-28 03:03:00+00:00,continuous,91015.0,91036.5,90955.5,90955.7,16998516.4469
2025-11-28 03:08:59.356000+00:00,2025-11-28 03:06:00+00:00,continuous,90955.7,91052.4,90955.7,91009.7,7429933.618899997
2025-11-28 03:11:59.665000+00:00,2025-11-28 03:09:00+00:00,continuous,91009.7,91097.5,91001.6,91097.5,11174564.845100004
2025-11-28 03:14:59.899000+00:00,2025-11-28 03:12:00+00:00,continuous,91097.5,91119.8,91052.3,91053.2,12852703.240500016
2025-11-28 03:17:59.667000+00:00,2025-11-28 03:15:00+00:00,continuous,91053.3,91056.4,90993.9,91017.7,7235533.695699998
2025-11-28 03:20:59.720000+00:00,2025-11-28 03:18:00+00:00,continuous,91017.7,91206.1,91017.7,91177.7,34002699.29579997
2025-11-28 03:23:59.927000+00:00,2025-11-28 03:21:00+00:00,continuous,91177.8,91190.0,91138.5,91141.2,16260577.503699988
2025-11-28 03:26:59.460000+00:00,2025-11-28 03:24:00+00:00,continuous,91141.1,91172.3,91125.0,91172.3,9795279.076300003
2025-11-28 03:29:59.821000+00:00,2025-11-28 03:27:00+00:00,continuous,91172.3,91172.3,91129.9,91163.1,5788931.118199996
2025-11-28 03:32:59.754000+00:00,2025-11-28 03:30:00+00:00,continuous,91163.2,91249.8,91146.7,91217.9,16425308.601299984
2025-11-28 03:35:59.929000+00:00,2025-11-28 03:33:00+00:00,continuous,91217.8,91266.0,91217.0,91217.0,12209969.162100026
2025-11-28 03:38:59.048000+00:00,2025-11-28 03:36:00+00:00,continuous,91217.1,91229.4,91150.0,91178.7,8663414.831599992
2025-11-28 03:41:58.898000+00:00,2025-11-28 03:39:00+00:00,continuous,91178.8,91178.8,91077.0,91099.9,9035966.991099998
2025-11-28 03:44:59.393000+00:00,2025-11-28 03:42:00+00:00,continuous,91099.9,91100.0,91070.0,91092.0,12765058.974799998
2025-11-28 03:47:59.678000+00:00,2025-11-28 03:45:00+00:00,continuous,91092.0,91106.4,91073.1,91106.3,4480229.393299992
2025-11-28 03:50:59.295000+00:00,2025-11-28 03:48:00+00:00,continuous,91106.4,91130.1,91102.1,91102.2,3900012.954500003
2025-11-28 03:53:59.855000+00:00,2025-11-28 03:51:00+00:00,continuous,91102.1,91149.3,91102.1,91149.2,4584759.4476000015
2025-11-28 03:56:59.606000+00:00,2025-11-28 03:54:00+00:00,continuous,91149.2,91200.1,91130.0,91180.9,8923887.527300006
2025-11-28 03:59:59.728000+00:00,2025-11-28 03:57:00+00:00,continuous,91181.0,91181.0,91156.8,91168.0,3718577.4727000007
2025-11-28 04:02:59.111000+00:00,2025-11-28 04:00:00+00:00,continuous,91168.0,91168.0,91084.5,91109.1,8812578.409400003
2025-11-28 04:05:59.761000+00:00,2025-11-28 04:03:00+00:00,continuous,91109.1,91135.7,91086.2,91134.1,6015544.220200004
2025-11-28 04:08:59.777000+00:00,2025-11-28 04:06:00+00:00,continuous,91134.1,91181.2,91130.8,91181.2,5386260.789100004
2025-11-28 04:11:59.981000+00:00,2025-11-28 04:09:00+00:00,continuous,91181.1,91360.1,91171.2,91284.9,37280136.86930002
2025-11-28 04:14:59.939000+00:00,2025-11-28 04:12:00+00:00,continuous,91284.8,91328.7,91279.7,91315.8,12397068.206099998
2025-11-28 04:17:59.372000+00:00,2025-11-28 04:15:00+00:00,continuous,91315.9,91397.6,91284.1,91347.3,20726878.71050001
2025-11-28 04:20:58.793000+00:00,2025-11-28 04:18:00+00:00,continuous,91347.3,91347.4,91255.7,91271.3,9090239.006099999
2025-11-28 04:23:59.349000+00:00,2025-11-28 04:21:00+00:00,continuous,91271.4,91326.4,91263.5,91314.9,5049331.934299995
2025-11-28 04:26:59.673000+00:00,2025-11-28 04:24:00+00:00,continuous,91314.9,91356.5,91294.0,91348.1,5185052.200199997
2025-11-28 04:29:59.303000+00:00,2025-11-28 04:27:00+00:00,continuous,91348.0,91371.2,91345.8,91368.0,5662677.552900004
2025-11-28 04:32:58.540000+00:00,2025-11-28 04:30:00+00:00,continuous,91368.0,91422.0,91326.2,91395.2,18071232.58870001
2025-11-28 04:35:59.968000+00:00,2025-11-28 04:33:00+00:00,continuous,91395.2,91450.0,91367.5,91440.8,20703467.164699998
2025-11-28 04:38:59.949000+00:00,2025-11-28 04:36:00+00:00,continuous,91440.7,91440.7,91330.0,91393.3,11265828.752900014
2025-11-28 04:41:59.732000+00:00,2025-11-28 04:39:00+00:00,continuous,91393.3,91431.6,91369.9,91405.0,7487399.53679999
2025-11-28 04:44:59.478000+00:00,2025-11-28 04:42:00+00:00,continuous,91404.9,91430.7,91403.2,91408.7,6097902.180400004
2025-11-28 04:47:59.466000+00:00,2025-11-28 04:45:00+00:00,continuous,91408.7,91445.0,91390.0,91397.7,9716045.038599996
2025-11-28 04:50:59.899000+00:00,2025-11-28 04:48:00+00:00,continuous,91397.7,91412.0,91373.8,91412.0,7902480.145
2025-11-28 04:53:59.179000+00:00,2025-11-28 04:51:00+00:00,continuous,91412.0,91427.9,91394.3,91421.4,6743079.111899999
2025-11-28 04:56:59.892000+00:00,2025-11-28 04:54:00+00:00,continuous,91421.3,91428.9,91397.4,91417.5,4643363.744500004
2025-11-28 04:59:59.985000+00:00,2025-11-28 04:57:00+00:00,continuous,91417.5,91432.4,91381.4,91381.4,6169350.714799993
2025-11-28 05:02:59.840000+00:00,2025-11-28 05:00:00+00:00,continuous,91381.5,91385.4,91288.5,91327.5,16591482.247599997
2025-11-28 05:05:59.487000+00:00,2025-11-28 05:03:00+00:00,continuous,91327.6,91331.5,91258.9,91311.2,10966788.047400001
2025-11-28 05:08:59.739000+00:00,2025-11-28 05:06:00+00:00,continuous,91311.2,91370.0,91271.8,91370.0,10849243.492100019
2025-11-28 05:11:59.719000+00:00,2025-11-28 05:09:00+00:00,continuous,91369.9,91495.0,91369.9,91482.7,19295146.932400044
2025-11-28 05:14:59.987000+00:00,2025-11-28 05:12:00+00:00,continuous,91482.7,91532.1,91436.3,91459.2,20255174.046400025
2025-11-28 05:17:59.782000+00:00,2025-11-28 05:15:00+00:00,continuous,91459.1,91540.1,91414.0,91496.2,13163162.344299989
2025-11-28 05:20:59.760000+00:00,2025-11-28 05:18:00+00:00,continuous,91496.3,91496.3,91391.6,91418.6,10243845.653600007
2025-11-28 05:23:59.994000+00:00,2025-11-28 05:21:00+00:00,continuous,91418.7,91492.7,91394.3,91418.6,13130930.28189998
2025-11-28 05:26:59.626000+00:00,2025-11-28 05:24:00+00:00,continuous,91418.5,91446.6,91413.8,91446.5,5809441.628499996
2025-11-28 05:29:59.893000+00:00,2025-11-28 05:27:00+00:00,continuous,91446.5,91499.0,91430.0,91481.7,10771323.483199984
2025-11-28 05:32:59.855000+00:00,2025-11-28 05:30:00+00:00,continuous,91481.8,91562.9,91423.1,91453.7,23868553.07839994
2025-11-28 05:35:59.957000+00:00,2025-11-28 05:33:00+00:00,continuous,91453.6,91488.6,91451.5,91466.0,5806075.049100006
2025-11-28 05:38:59.792000+00:00,2025-11-28 05:36:00+00:00,continuous,91465.9,91506.7,91460.9,91469.9,4755719.617700002
2025-11-28 05:41:59.170000+00:00,2025-11-28 05:39:00+00:00,continuous,91469.8,91509.2,91445.7,91445.7,10715178.176900005
2025-11-28 05:44:59.868000+00:00,2025-11-28 05:42:00+00:00,continuous,91445.7,91530.5,91425.0,91523.3,12913642.886100003
2025-11-28 05:47:59.918000+00:00,2025-11-28 05:45:00+00:00,continuous,91523.4,91557.8,91509.6,91557.7,10680965.136999998
2025-11-28 05:50:59.837000+00:00,2025-11-28 05:48:00+00:00,continuous,91557.8,91632.8,91557.7,91614.3,25009451.45199998
2025-11-28 05:53:59.901000+00:00,2025-11-28 05:51:00+00:00,continuous,91614.3,91665.2,91602.8,91650.0,47108742.86639995
2025-11-28 05:56:59.677000+00:00,2025-11-28 05:54:00+00:00,continuous,91650.1,91690.0,91623.6,91623.6,33247428.199100103
2025-11-28 05:59:59.901000+00:00,2025-11-28 05:57:00+00:00,continuous,91623.7,91632.4,91573.2,91576.6,13094928.438700015
2025-11-28 06:02:59.937000+00:00,2025-11-28 06:00:00+00:00,continuous,91576.7,91576.7,91453.1,91471.2,20974643.123399995
2025-11-28 06:05:59.668000+00:00,2025-11-28 06:03:00+00:00,continuous,91471.1,91485.0,91365.6,91396.9,24140954.881700017
2025-11-28 06:08:59.761000+00:00,2025-11-28 06:06:00+00:00,continuous,91397.0,91480.5,91396.9,91438.7,13020503.384000001
2025-11-28 06:11:58.250000+00:00,2025-11-28 06:09:00+00:00,continuous,91438.7,91442.3,91410.1,91416.2,6672133.077299992
2025-11-28 06:14:59.746000+00:00,2025-11-28 06:12:00+00:00,continuous,91416.2,91416.2,91343.2,91356.6,15178331.68600001
2025-11-28 06:17:59.641000+00:00,2025-11-28 06:15:00+00:00,continuous,91356.6,91403.5,91346.4,91391.3,10028750.537099985
2025-11-28 06:20:59.976000+00:00,2025-11-28 06:18:00+00:00,continuous,91391.4,91391.4,91329.1,91329.8,9430338.549700009
2025-11-28 06:23:59.845000+00:00,2025-11-28 06:21:00+00:00,continuous,91329.9,91330.0,91298.4,91298.4,13894626.7039
2025-11-28 06:26:59.495000+00:00,2025-11-28 06:24:00+00:00,continuous,91298.5,91338.5,91293.0,91338.4,10706190.070399988
2025-11-28 06:29:59.953000+00:00,2025-11-28 06:27:00+00:00,continuous,91338.4,91338.5,91265.2,91267.1,16653492.455399964
2025-11-28 06:32:59.902000+00:00,2025-11-28 06:30:00+00:00,continuous,91267.1,91307.5,91250.0,91299.1,18261597.04800004
2025-11-28 06:35:59.892000+00:00,2025-11-28 06:33:00+00:00,continuous,91299.1,91299.2,91152.8,91162.4,29779027.056199975
2025-11-28 06:38:59.866000+00:00,2025-11-28 06:36:00+00:00,continuous,91162.4,91194.9,91117.1,91190.3,15582112.055900019
2025-11-28 06:41:59.971000+00:00,2025-11-28 06:39:00+00:00,continuous,91190.4,91367.5,91187.0,91340.1,25861122.60769997
2025-11-28 06:44:59.892000+00:00,2025-11-28 06:42:00+00:00,continuous,91340.0,91412.9,91340.0,91369.5,14048567.463800022
2025-11-28 06:47:59.940000+00:00,2025-11-28 06:45:00+00:00,continuous,91369.5,91394.7,91320.9,91341.0,6935213.593200018
2025-11-28 06:50:59.777000+00:00,2025-11-28 06:48:00+00:00,continuous,91341.0,91361.1,91337.8,91345.1,4385762.251000003
2025-11-28 06:53:59.976000+00:00,2025-11-28 06:51:00+00:00,continuous,91345.1,91356.0,91317.9,91324.0,12021431.21369998
2025-11-28 06:56:59.739000+00:00,2025-11-28 06:54:00+00:00,continuous,91323.9,91354.1,91323.9,91329.0,4244823.534099996
2025-11-28 06:59:59.636000+00:00,2025-11-28 06:57:00+00:00,continuous,91329.0,91329.0,91252.7,91255.3,15513122.816999983
2025-11-28 07:02:58.939000+00:00,2025-11-28 07:00:00+00:00,continuous,91255.3,91359.1,91252.9,91342.0,11474596.5263
2025-11-28 07:05:59.065000+00:00,2025-11-28 07:03:00+00:00,continuous,91342.0,91378.6,91341.9,91378.5,6075108.419600006
2025-11-28 07:08:59.742000+00:00,2025-11-28 07:06:00+00:00,continuous,91378.5,91380.0,91360.9,91379.9,5578290.690399991
2025-11-28 07:11:59.290000+00:00,2025-11-28 07:09:00+00:00,continuous,91380.0,91385.0,91379.9,91380.0,4457231.737299998
2025-11-28 07:14:59.375000+00:00,2025-11-28 07:12:00+00:00,continuous,91380.1,91380.1,91349.9,91359.9,5397037.2482
2025-11-28 07:17:59.713000+00:00,2025-11-28 07:15:00+00:00,continuous,91359.9,91385.0,91335.7,91363.1,10802322.63089999
2025-11-28 07:20:59.895000+00:00,2025-11-28 07:18:00+00:00,continuous,91363.0,91373.7,91350.3,91373.7,3913857.1693999977
2025-11-28 07:23:59.426000+00:00,2025-11-28 07:21:00+00:00,continuous,91373.7,91487.3,91373.6,91483.5,14569757.251999987
2025-11-28 07:26:59.888000+00:00,2025-11-28 07:24:00+00:00,continuous,91483.5,91529.9,91460.0,91470.2,21433417.886100043
2025-11-28 07:29:59.957000+00:00,2025-11-28 07:27:00+00:00,continuous,91470.2,91470.3,91420.3,91439.7,11507281.349000005
2025-11-28 07:32:59.933000+00:00,2025-11-28 07:30:00+00:00,continuous,91439.7,91439.7,91351.4,91355.0,12594493.053199986
2025-11-28 07:35:59.863000+00:00,2025-11-28 07:33:00+00:00,continuous,91354.8,91354.8,91191.6,91191.7,27273349.1587
2025-11-28 07:38:59.771000+00:00,2025-11-28 07:36:00+00:00,continuous,91191.7,91191.7,91084.5,91108.8,30571544.04520004
2025-11-28 07:41:59.295000+00:00,2025-11-28 07:39:00+00:00,continuous,91108.8,91140.1,91052.6,91082.1,32938698.61829996
2025-11-28 07:44:59.593000+00:00,2025-11-28 07:42:00+00:00,continuous,91082.0,91126.7,91012.7,91023.6,33581308.35700001
2025-11-28 07:47:59.932000+00:00,2025-11-28 07:45:00+00:00,continuous,91023.6,91049.5,90970.0,90970.0,26102780.047399957
2025-11-28 07:50:59.965000+00:00,2025-11-28 07:48:00+00:00,continuous,90970.0,90998.7,90873.0,90879.9,43526665.57239997
2025-11-28 07:53:59.975000+00:00,2025-11-28 07:51:00+00:00,continuous,90879.9,90967.4,90862.0,90871.1,38316406.84539999
2025-11-28 07:56:59.863000+00:00,2025-11-28 07:54:00+00:00,continuous,90871.1,90899.7,90838.0,90840.5,26069956.20080006
2025-11-28 07:59:59.740000+00:00,2025-11-28 07:57:00+00:00,continuous,90840.4,90936.0,90824.1,90870.2,47409191.59989995
2025-11-28 08:02:59.824000+00:00,2025-11-28 08:00:00+00:00,continuous,90870.2,90965.7,90863.6,90958.5,38526855.300699934
2025-11-28 08:05:59.870000+00:00,2025-11-28 08:03:00+00:00,continuous,90958.5,90997.3,90943.2,90953.7,26232554.029599983
2025-11-28 08:08:59.552000+00:00,2025-11-28 08:06:00+00:00,continuous,90953.8,91036.8,90913.2,90979.0,26965150.03860001
2025-11-28 08:11:59.877000+00:00,2025-11-28 08:09:00+00:00,continuous,90979.0,91156.1,90922.5,91152.0,26929205.067299996
2025-11-28 08:14:59.418000+00:00,2025-11-28 08:12:00+00:00,continuous,91152.1,91200.7,91064.5,91080.5,23284767.299200017
2025-11-28 08:17:59.964000+00:00,2025-11-28 08:15:00+00:00,continuous,91080.5,91191.6,91057.9,91111.6,15383804.827399943
2025-11-28 08:20:59.379000+00:00,2025-11-28 08:18:00+00:00,continuous,91111.6,91186.2,91066.7,91161.7,13183035.958900003
2025-11-28 08:23:59.876000+00:00,2025-11-28 08:21:00+00:00,continuous,91161.8,91198.6,91086.7,91089.0,19561814.669500012
2025-11-28 08:26:59.482000+00:00,2025-11-28 08:24:00+00:00,continuous,91089.0,91151.5,91089.0,91115.8,10086794.159800012
2025-11-28 08:29:59.282000+00:00,2025-11-28 08:27:00+00:00,continuous,91115.7,91119.9,91102.3,91105.7,6611398.869699995
2025-11-28 08:32:59.605000+00:00,2025-11-28 08:30:00+00:00,continuous,91105.7,91111.2,91006.3,91011.7,16600005.117700025
2025-11-28 08:35:59.830000+00:00,2025-11-28 08:33:00+00:00,continuous,91011.8,91139.9,90967.2,91139.2,16492045.519599987
2025-11-28 08:38:59.687000+00:00,2025-11-28 08:36:00+00:00,continuous,91139.2,91242.2,91139.2,91164.8,19563304.076999974
2025-11-28 08:41:59.181000+00:00,2025-11-28 08:39:00+00:00,continuous,91164.8,91171.2,91099.9,91100.0,9039875.683500003
2025-11-28 08:44:59.747000+00:00,2025-11-28 08:42:00+00:00,continuous,91100.0,91100.0,91073.5,91086.4,8725223.453899998
2025-11-28 08:47:59.168000+00:00,2025-11-28 08:45:00+00:00,continuous,91086.3,91155.8,91053.6,91135.1,8066853.333800008
2025-11-28 08:50:59.993000+00:00,2025-11-28 08:48:00+00:00,continuous,91135.1,91350.4,91135.0,91341.1,33424861.34649993
2025-11-28 08:53:59.749000+00:00,2025-11-28 08:51:00+00:00,continuous,91341.7,91680.0,91341.6,91435.0,166740106.8346985
2025-11-28 08:56:59.959000+00:00,2025-11-28 08:54:00+00:00,continuous,91435.0,91520.8,91340.3,91400.0,45366169.88559996
2025-11-28 08:59:59.941000+00:00,2025-11-28 08:57:00+00:00,continuous,91400.1,91650.0,91378.7,91649.9,53037545.9313999
2025-11-28 09:02:59.925000+00:00,2025-11-28 09:00:00+00:00,continuous,91649.9,91742.9,91503.5,91516.3,75121780.61790013
2025-11-28 09:05:59.949000+00:00,2025-11-28 09:03:00+00:00,continuous,91516.2,91563.1,91475.9,91556.9,26015225.5136
2025-11-28 09:08:59.997000+00:00,2025-11-28 09:06:00+00:00,continuous,91556.9,91557.0,91480.0,91503.2,12823490.541199982
2025-11-28 09:11:59.960000+00:00,2025-11-28 09:09:00+00:00,continuous,91503.3,91855.0,91503.3,91603.2,94814072.51809971
2025-11-28 09:14:59.663000+00:00,2025-11-28 09:12:00+00:00,continuous,91603.2,91632.1,91579.9,91626.8,15495131.114600003
2025-11-28 09:17:59.886000+00:00,2025-11-28 09:15:00+00:00,continuous,91626.8,91631.7,91524.9,91542.2,15740709.321200017
2025-11-28 09:20:59.517000+00:00,2025-11-28 09:18:00+00:00,continuous,91542.2,91562.0,91466.0,91519.8,25597243.83660001
2025-11-28 09:23:59.985000+00:00,2025-11-28 09:21:00+00:00,continuous,91519.9,91656.1,91519.8,91656.0,18207031.701799955
2025-11-28 09:26:59.942000+00:00,2025-11-28 09:24:00+00:00,continuous,91655.9,91656.0,91555.0,91564.0,17526297.643600006
2025-11-28 09:29:59.967000+00:00,2025-11-28 09:27:00+00:00,continuous,91564.0,91588.0,91534.3,91587.9,7987897.401800009
2025-11-28 09:32:59.972000+00:00,2025-11-28 09:30:00+00:00,continuous,91588.0,91606.2,91490.8,91541.8,19323206.953999974
2025-11-28 09:35:59.986000+00:00,2025-11-28 09:33:00+00:00,continuous,91541.9,91557.3,91480.0,91556.9,11150640.869600011
2025-11-28 09:38:59.480000+00:00,2025-11-28 09:36:00+00:00,continuous,91557.0,91582.1,91473.2,91479.9,9409192.491700016
2025-11-28 09:41:59.225000+00:00,2025-11-28 09:39:00+00:00,continuous,91479.9,91480.0,91400.0,91461.5,17344541.723800007
2025-11-28 09:44:59.894000+00:00,2025-11-28 09:42:00+00:00,continuous,91461.5,91486.7,91369.6,91441.1,28797034.137200054
2025-11-28 09:47:58.710000+00:00,2025-11-28 09:45:00+00:00,continuous,91441.2,91550.0,91441.1,91509.9,13473748.3701
2025-11-28 09:50:59.688000+00:00,2025-11-28 09:48:00+00:00,continuous,91509.9,91544.1,91500.3,91513.4,6542552.307500002
2025-11-28 09:53:59.894000+00:00,2025-11-28 09:51:00+00:00,continuous,91513.4,91548.0,91504.2,91547.9,6253104.822800011
2025-11-28 09:56:59.719000+00:00,2025-11-28 09:54:00+00:00,continuous,91547.9,91558.5,91504.3,91509.9,8097037.128299981
2025-11-28 09:59:59.856000+00:00,2025-11-28 09:57:00+00:00,continuous,91510.0,91560.9,91498.8,91560.8,7065985.812499985
2025-11-28 10:02:59.038000+00:00,2025-11-28 10:00:00+00:00,continuous,91560.9,91567.5,91491.2,91491.2,7480849.889999985
2025-11-28 10:05:59.620000+00:00,2025-11-28 10:03:00+00:00,continuous,91491.2,91499.9,91443.7,91456.9,8806410.934
2025-11-28 10:08:59.953000+00:00,2025-11-28 10:06:00+00:00,continuous,91456.9,91485.0,91437.8,91468.2,6821180.977300006
2025-11-28 10:11:59.477000+00:00,2025-11-28 10:09:00+00:00,continuous,91468.1,91494.2,91434.1,91459.3,6686597.031699996
2025-11-28 10:14:59.894000+00:00,2025-11-28 10:12:00+00:00,continuous,91459.4,91507.8,91459.4,91482.4,6415098.556899999
2025-11-28 10:17:59.953000+00:00,2025-11-28 10:15:00+00:00,continuous,91482.5,91497.5,91441.3,91446.8,9266508.274999993
2025-11-28 10:20:59.570000+00:00,2025-11-28 10:18:00+00:00,continuous,91446.7,91596.6,91446.7,91565.5,11168628.733099982
2025-11-28 10:23:59.908000+00:00,2025-11-28 10:21:00+00:00,continuous,91565.6,91566.6,91474.6,91552.5,9134098.940699998
2025-11-28 10:26:59.859000+00:00,2025-11-28 10:24:00+00:00,continuous,91552.5,91575.2,91529.5,91529.6,9185185.890800005
2025-11-28 10:29:59.387000+00:00,2025-11-28 10:27:00+00:00,continuous,91529.5,91529.6,91522.1,91522.1,1775526.6938999991
2025-11-28 10:32:59.044000+00:00,2025-11-28 10:30:00+00:00,continuous,91522.1,91574.5,91485.4,91572.1,6743701.3677999955
2025-11-28 10:35:59.144000+00:00,2025-11-28 10:33:00+00:00,continuous,91572.1,91637.1,91539.1,91550.0,18729351.117999986
2025-11-28 10:38:59.947000+00:00,2025-11-28 10:36:00+00:00,continuous,91550.1,91599.9,91510.6,91597.1,6768188.978400011
2025-11-28 10:41:59.793000+00:00,2025-11-28 10:39:00+00:00,continuous,91597.2,91629.9,91592.0,91592.1,8790085.197300004
2025-11-28 10:44:59.943000+00:00,2025-11-28 10:42:00+00:00,continuous,91592.1,91615.0,91581.3,91591.8,6247930.876799993
2025-11-28 10:47:59.623000+00:00,2025-11-28 10:45:00+00:00,continuous,91591.8,91601.0,91551.9,91563.8,7726264.009999993
2025-11-28 10:50:59.973000+00:00,2025-11-28 10:48:00+00:00,continuous,91563.8,91567.9,91543.3,91561.3,5173617.528899997
2025-11-28 10:53:59.997000+00:00,2025-11-28 10:51:00+00:00,continuous,91561.2,91798.7,91558.2,91776.5,57285077.19179993
2025-11-28 10:56:59.755000+00:00,2025-11-28 10:54:00+00:00,continuous,91776.5,91830.6,91731.5,91746.0,45560466.30989997
2025-11-28 10:59:59.945000+00:00,2025-11-28 10:57:00+00:00,continuous,91746.0,91802.8,91738.6,91802.8,14306319.419000003
2025-11-28 11:02:59.904000+00:00,2025-11-28 11:00:00+00:00,continuous,91802.7,92000.0,91753.9,91834.2,94793373.28470045
2025-11-28 11:05:59.939000+00:00,2025-11-28 11:03:00+00:00,continuous,91834.3,91881.4,91619.9,91625.7,56507929.09049997
2025-11-28 11:08:59.866000+00:00,2025-11-28 11:06:00+00:00,continuous,91625.8,91629.0,91540.0,91553.6,43781941.48709989
2025-11-28 11:11:59.750000+00:00,2025-11-28 11:09:00+00:00,continuous,91553.6,91591.4,91503.2,91542.4,27788641.186500028
2025-11-28 11:14:59.787000+00:00,2025-11-28 11:12:00+00:00,continuous,91542.3,91566.6,91311.3,91322.7,44931320.83629996
2025-11-28 11:17:59.871000+00:00,2025-11-28 11:15:00+00:00,continuous,91322.6,91328.7,91007.4,91099.7,161072235.5920003
2025-11-28 11:20:59.936000+00:00,2025-11-28 11:18:00+00:00,continuous,91099.6,91257.7,91052.3,91184.3,61246609.896799974
2025-11-28 11:23:59.671000+00:00,2025-11-28 11:21:00+00:00,continuous,91184.3,91238.4,91110.5,91232.7,25842120.41769988
2025-11-28 11:26:59.603000+00:00,2025-11-28 11:24:00+00:00,continuous,91232.7,91280.5,91193.3,91208.6,20220900.6581999
2025-11-28 11:29:59.787000+00:00,2025-11-28 11:27:00+00:00,continuous,91208.5,91294.9,91204.7,91230.9,14390674.842600003
2025-11-28 11:32:59.107000+00:00,2025-11-28 11:30:00+00:00,continuous,91230.8,91315.3,91215.1,91251.9,14279320.726099994
2025-11-28 11:35:59.947000+00:00,2025-11-28 11:33:00+00:00,continuous,91251.9,91281.4,91220.0,91254.6,16414754.968399983
2025-11-28 11:38:59.767000+00:00,2025-11-28 11:36:00+00:00,continuous,91254.5,91280.0,91230.6,91247.5,18621133.084599983
2025-11-28 11:41:59.591000+00:00,2025-11-28 11:39:00+00:00,continuous,91247.5,91247.5,91161.6,91232.8,14095834.900900003
2025-11-28 11:44:59.798000+00:00,2025-11-28 11:42:00+00:00,continuous,91232.8,91307.7,91232.0,91249.5,13344917.098199986
2025-11-28 11:47:59.847000+00:00,2025-11-28 11:45:00+00:00,continuous,91249.5,91353.5,91249.4,91325.3,16326826.142699977
2025-11-28 11:50:59.887000+00:00,2025-11-28 11:48:00+00:00,continuous,91325.3,91366.5,91303.3,91358.2,16930986.32090001
2025-11-28 11:53:59.695000+00:00,2025-11-28 11:51:00+00:00,continuous,91358.2,91365.0,91268.7,91299.2,13112127.184399968
2025-11-28 11:56:59.386000+00:00,2025-11-28 11:54:00+00:00,continuous,91299.1,91427.1,91296.8,91406.5,13359467.672599988
2025-11-28 11:59:59.723000+00:00,2025-11-28 11:57:00+00:00,continuous,91406.4,91429.1,91382.9,91382.9,12153967.444799995
2025-11-28 12:02:59.855000+00:00,2025-11-28 12:00:00+00:00,continuous,91383.0,91452.7,91356.6,91422.0,14683393.26479999
2025-11-28 12:05:59.697000+00:00,2025-11-28 12:03:00+00:00,continuous,91422.0,91522.2,91414.0,91439.0,22194193.156300027
2025-11-28 12:08:59.759000+00:00,2025-11-28 12:06:00+00:00,continuous,91438.9,91575.1,91410.8,91525.4,28988571.28670003
2025-11-28 12:11:59.826000+00:00,2025-11-28 12:09:00+00:00,continuous,91525.4,91539.6,91477.1,91495.6,15058560.273500025
2025-11-28 12:14:59.743000+00:00,2025-11-28 12:12:00+00:00,continuous,91495.7,91506.8,91452.1,91467.8,7861154.4416999975
2025-11-28 12:17:59.851000+00:00,2025-11-28 12:15:00+00:00,continuous,91467.8,91482.3,91359.9,91450.9,14924879.699799974
2025-11-28 12:20:59.590000+00:00,2025-11-28 12:18:00+00:00,continuous,91451.0,91539.6,91434.4,91533.9,12031558.399400003
2025-11-28 12:23:59.917000+00:00,2025-11-28 12:21:00+00:00,continuous,91534.0,91562.7,91482.2,91482.3,14932933.250599992
2025-11-28 12:26:59.955000+00:00,2025-11-28 12:24:00+00:00,continuous,91482.3,91508.7,91466.9,91504.2,8025936.00469999
2025-11-28 12:29:59.358000+00:00,2025-11-28 12:27:00+00:00,continuous,91504.2,91541.0,91489.4,91506.5,9600050.227299992
2025-11-28 12:32:59.912000+00:00,2025-11-28 12:30:00+00:00,continuous,91506.5,91506.6,91408.7,91461.9,14931194.614500027
2025-11-28 12:35:59.539000+00:00,2025-11-28 12:33:00+00:00,continuous,91461.9,91580.8,91461.9,91567.9,12157555.437500007
2025-11-28 12:38:59.846000+00:00,2025-11-28 12:36:00+00:00,continuous,91567.8,91647.5,91480.6,91480.6,29695260.210100107
2025-11-28 12:41:59.934000+00:00,2025-11-28 12:39:00+00:00,continuous,91480.6,91518.5,91443.3,91459.0,8732792.068199996
2025-11-28 12:44:59.839000+00:00,2025-11-28 12:42:00+00:00,continuous,91458.9,91463.7,91427.1,91428.7,5674229.987299996
2025-11-28 12:47:59.722000+00:00,2025-11-28 12:45:00+00:00,continuous,91428.6,91472.3,91351.4,91458.9,22359300.319200013
2025-11-28 12:50:59.813000+00:00,2025-11-28 12:48:00+00:00,continuous,91458.8,91474.9,91420.6,91420.7,4775504.7798
2025-11-28 12:53:59.038000+00:00,2025-11-28 12:51:00+00:00,continuous,91420.6,91475.0,91405.0,91468.6,6004972.581499998
2025-11-28 12:56:59.776000+00:00,2025-11-28 12:54:00+00:00,continuous,91468.6,91475.3,91432.7,91457.3,5948641.664899996
2025-11-28 12:59:59.985000+00:00,2025-11-28 12:57:00+00:00,continuous,91457.2,91472.1,91441.8,91468.4,4390165.198699997
2025-11-28 13:02:58.067000+00:00,2025-11-28 13:00:00+00:00,continuous,91468.6,91533.9,91460.6,91485.1,12205751.622400006
2025-11-28 13:05:59.945000+00:00,2025-11-28 13:03:00+00:00,continuous,91485.1,91546.4,91440.7,91546.3,10809986.380299991
2025-11-28 13:08:59.714000+00:00,2025-11-28 13:06:00+00:00,continuous,91546.4,91581.2,91336.0,91365.5,70653559.80160011
2025-11-28 13:11:59.215000+00:00,2025-11-28 13:09:00+00:00,continuous,91365.5,91434.1,91314.4,91434.0,15603544.298200028
2025-11-28 13:14:59.016000+00:00,2025-11-28 13:12:00+00:00,continuous,91434.0,91445.9,91381.9,91439.8,15623748.177999998
2025-11-28 13:17:59.835000+00:00,2025-11-28 13:15:00+00:00,continuous,91439.8,91439.8,91380.6,91400.5,7478681.549600003
2025-11-28 13:20:59.419000+00:00,2025-11-28 13:18:00+00:00,continuous,91400.4,91489.9,91400.4,91483.3,8427603.100300018
2025-11-28 13:23:59.806000+00:00,2025-11-28 13:21:00+00:00,continuous,91483.4,91553.9,91453.4,91453.4,18179095.69410004
2025-11-28 13:26:59.695000+00:00,2025-11-28 13:24:00+00:00,continuous,91453.5,91521.9,91437.3,91514.2,11004011.131699987
2025-11-28 13:29:59.727000+00:00,2025-11-28 13:27:00+00:00,continuous,91514.2,91517.1,91486.9,91501.9,6208453.687500006
2025-11-28 13:32:59.919000+00:00,2025-11-28 13:30:00+00:00,continuous,91502.0,91547.5,91433.8,91542.8,24484611.64610014
2025-11-28 13:35:59.868000+00:00,2025-11-28 13:33:00+00:00,continuous,91542.8,91652.7,91513.7,91625.8,22467911.910099972
2025-11-28 13:38:59.879000+00:00,2025-11-28 13:36:00+00:00,continuous,91625.8,91765.1,91625.8,91712.6,63706021.79199989
2025-11-28 13:41:59.843000+00:00,2025-11-28 13:39:00+00:00,continuous,91712.6,91896.4,91707.6,91769.9,147305129.91680005
2025-11-28 13:44:59.890000+00:00,2025-11-28 13:42:00+00:00,continuous,91770.0,91846.9,91750.0,91799.9,32873751.969300013
2025-11-28 13:47:59.953000+00:00,2025-11-28 13:45:00+00:00,continuous,91800.0,92491.0,91799.9,92396.8,297973465.69589823
2025-11-28 13:50:59.990000+00:00,2025-11-28 13:48:00+00:00,continuous,92396.8,92679.3,92042.0,92047.6,264805118.5196001
2025-11-28 13:53:59.896000+00:00,2025-11-28 13:51:00+00:00,continuous,92047.7,92142.0,91975.3,92056.0,91179988.2611999
2025-11-28 13:56:59.943000+00:00,2025-11-28 13:54:00+00:00,continuous,92056.0,92159.1,91974.5,92079.1,63522382.21809995
2025-11-28 13:59:59.995000+00:00,2025-11-28 13:57:00+00:00,continuous,92079.1,92329.3,92072.9,92329.2,61375939.11940001
2025-11-28 14:02:59.949000+00:00,2025-11-28 14:00:00+00:00,continuous,92329.3,92438.1,92210.4,92306.0,87442091.20809975
2025-11-28 14:05:59.933000+00:00,2025-11-28 14:03:00+00:00,continuous,92305.9,92476.6,92271.4,92404.3,65833456.894199975
2025-11-28 14:08:59.880000+00:00,2025-11-28 14:06:00+00:00,continuous,92404.3,92404.4,92274.4,92321.8,45700028.61659998
2025-11-28 14:11:59.930000+00:00,2025-11-28 14:09:00+00:00,continuous,92321.8,92388.0,92145.5,92272.9,59666162.38939986
2025-11-28 14:14:59.718000+00:00,2025-11-28 14:12:00+00:00,continuous,92272.8,92303.9,92188.0,92303.8,28398943.128499992
2025-11-28 14:17:59.960000+00:00,2025-11-28 14:15:00+00:00,continuous,92303.9,92479.4,92269.5,92431.4,44821963.62600001
2025-11-28 14:20:59.682000+00:00,2025-11-28 14:18:00+00:00,continuous,92431.5,92431.5,92302.2,92378.9,28483181.56379996
2025-11-28 14:23:59.888000+00:00,2025-11-28 14:21:00+00:00,continuous,92379.0,92537.2,92374.7,92534.4,46127945.67169995
2025-11-28 14:26:59.996000+00:00,2025-11-28 14:24:00+00:00,continuous,92534.4,92800.0,92470.2,92765.2,239656884.06280053
2025-11-28 14:29:59.935000+00:00,2025-11-28 14:27:00+00:00,continuous,92764.7,92942.9,92763.6,92916.3,173077783.36870024
2025-11-28 14:32:59.947000+00:00,2025-11-28 14:30:00+00:00,continuous,92916.3,93080.0,92500.0,92592.5,218813222.50559855
2025-11-28 14:35:59.895000+00:00,2025-11-28 14:33:00+00:00,continuous,92592.5,92629.3,92480.0,92569.6,75375388.07099992
2025-11-28 14:38:59.982000+00:00,2025-11-28 14:36:00+00:00,continuous,92569.6,92607.5,92326.3,92361.7,87544780.21630017
2025-11-28 14:41:59.956000+00:00,2025-11-28 14:39:00+00:00,continuous,92361.7,92413.1,91925.3,92043.3,199878205.27690056
2025-11-28 14:44:59.998000+00:00,2025-11-28 14:42:00+00:00,continuous,92043.2,92099.0,91921.9,91950.1,141881112.79980034
2025-11-28 14:47:59.918000+00:00,2025-11-28 14:45:00+00:00,continuous,91950.0,92070.2,91770.0,92067.9,168265524.0565009
2025-11-28 14:50:59.737000+00:00,2025-11-28 14:48:00+00:00,continuous,92067.8,92259.9,92043.1,92207.4,93553672.14860037
2025-11-28 14:53:59.937000+00:00,2025-11-28 14:51:00+00:00,continuous,92207.4,92249.9,92097.9,92249.8,49005885.93930004
2025-11-28 14:56:59.958000+00:00,2025-11-28 14:54:00+00:00,continuous,92249.9,92264.4,92152.3,92230.2,75531449.1682004
2025-11-28 14:59:59.970000+00:00,2025-11-28 14:57:00+00:00,continuous,92230.2,92240.0,92044.4,92202.1,47661185.85790004
2025-11-28 15:02:59.873000+00:00,2025-11-28 15:00:00+00:00,continuous,92202.0,92373.2,92186.3,92256.5,60082300.55469985
2025-11-28 15:05:59.967000+00:00,2025-11-28 15:03:00+00:00,continuous,92256.4,92256.5,92022.2,92069.5,40144191.61479996
2025-11-28 15:08:59.859000+00:00,2025-11-28 15:06:00+00:00,continuous,92069.6,92175.6,92000.1,92148.8,45086406.595499955
2025-11-28 15:11:59.729000+00:00,2025-11-28 15:09:00+00:00,continuous,92148.8,92165.5,91919.4,92071.3,69473730.96279988
2025-11-28 15:14:59.855000+00:00,2025-11-28 15:12:00+00:00,continuous,92071.2,92239.3,92030.8,92232.5,37885951.141600065
2025-11-28 15:17:59.871000+00:00,2025-11-28 15:15:00+00:00,continuous,92232.5,92469.7,92220.2,92469.7,69391222.1249
2025-11-28 15:20:59.857000+00:00,2025-11-28 15:18:00+00:00,continuous,92469.6,92682.0,92385.6,92674.6,105698108.01560023
2025-11-28 15:23:59.941000+00:00,2025-11-28 15:21:00+00:00,continuous,92674.5,92682.5,92476.5,92491.0,56281746.76419982
2025-11-28 15:26:59.913000+00:00,2025-11-28 15:24:00+00:00,continuous,92490.9,92639.4,92490.9,92580.5,50656908.97209982
2025-11-28 15:29:59.605000+00:00,2025-11-28 15:27:00+00:00,continuous,92580.6,92626.1,92470.8,92616.6,32377402.259699997
2025-11-28 15:32:59.916000+00:00,2025-11-28 15:30:00+00:00,continuous,92616.7,92723.0,92509.7,92556.3,50794801.50320008
2025-11-28 15:35:59.913000+00:00,2025-11-28 15:33:00+00:00,continuous,92556.4,92743.6,92553.2,92658.7,47935039.47079989
2025-11-28 15:38:59.998000+00:00,2025-11-28 15:36:00+00:00,continuous,92658.6,92717.3,92541.9,92593.0,51048186.5409
2025-11-28 15:41:59.879000+00:00,2025-11-28 15:39:00+00:00,continuous,92592.1,92598.5,92468.0,92536.3,38504180.3631
2025-11-28 15:44:59.997000+00:00,2025-11-28 15:42:00+00:00,continuous,92536.3,92544.8,92450.0,92479.6,25399325.1855
2025-11-28 15:47:59.969000+00:00,2025-11-28 15:45:00+00:00,continuous,92479.5,92494.1,92324.9,92368.9,47540942.45610005
2025-11-28 15:50:59.951000+00:00,2025-11-28 15:48:00+00:00,continuous,92368.9,92416.8,92282.9,92331.9,30310735.017199982
2025-11-28 15:53:59.613000+00:00,2025-11-28 15:51:00+00:00,continuous,92331.8,92355.4,92234.6,92328.0,34452649.87460001
2025-11-28 15:56:59.996000+00:00,2025-11-28 15:54:00+00:00,continuous,92328.0,92412.2,92290.0,92298.9,29347904.759500057
2025-11-28 15:59:59.969000+00:00,2025-11-28 15:57:00+00:00,continuous,92298.8,92325.3,92230.5,92299.9,30109386.913300104
2025-11-28 16:02:59.759000+00:00,2025-11-28 16:00:00+00:00,continuous,92299.8,92323.6,92067.6,92097.6,42913363.06570008
2025-11-28 16:05:59.929000+00:00,2025-11-28 16:03:00+00:00,continuous,92097.6,92196.7,91986.2,91986.5,57479052.43490009
2025-11-28 16:08:59.938000+00:00,2025-11-28 16:06:00+00:00,continuous,91986.4,92045.3,91956.4,91992.3,47724463.40210002
2025-11-28 16:11:59.933000+00:00,2025-11-28 16:09:00+00:00,continuous,91992.3,92003.9,91780.0,91797.2,86629386.38610014
2025-11-28 16:14:59.941000+00:00,2025-11-28 16:12:00+00:00,continuous,91797.2,91879.5,91791.3,91839.4,63232250.38979978
2025-11-28 16:17:59.753000+00:00,2025-11-28 16:15:00+00:00,continuous,91839.3,91976.8,91822.0,91901.7,39869599.58219995
2025-11-28 16:20:59.838000+00:00,2025-11-28 16:18:00+00:00,continuous,91901.6,91956.4,91790.0,91790.0,33830028.264400065
2025-11-28 16:23:59.998000+00:00,2025-11-28 16:21:00+00:00,continuous,91790.0,91790.1,91250.1,91335.8,227628647.9151991
2025-11-28 16:26:59.931000+00:00,2025-11-28 16:24:00+00:00,continuous,91335.9,91446.6,91255.9,91357.9,83070915.13339992
2025-11-28 16:29:59.985000+00:00,2025-11-28 16:27:00+00:00,continuous,91358.0,91358.0,91052.6,91140.8,126239880.31539991
2025-11-28 16:32:59.917000+00:00,2025-11-28 16:30:00+00:00,continuous,91140.7,91342.0,90878.1,91256.3,156881761.3142994
2025-11-28 16:35:59.920000+00:00,2025-11-28 16:33:00+00:00,continuous,91256.4,91419.9,91219.3,91394.5,52003167.54419984
2025-11-28 16:38:59.780000+00:00,2025-11-28 16:36:00+00:00,continuous,91394.5,91424.2,91290.9,91338.1,40161543.38309994
2025-11-28 16:41:59.966000+00:00,2025-11-28 16:39:00+00:00,continuous,91338.0,91408.4,91294.0,91312.7,29096677.797099937
2025-11-28 16:44:59.751000+00:00,2025-11-28 16:42:00+00:00,continuous,91312.7,91525.0,91226.5,91519.4,41050036.49060015
2025-11-28 16:47:59.807000+00:00,2025-11-28 16:45:00+00:00,continuous,91519.4,91531.8,91365.3,91470.2,33369992.848500002
2025-11-28 16:50:59.846000+00:00,2025-11-28 16:48:00+00:00,continuous,91470.1,91569.1,91226.5,91230.1,40144112.14869997
2025-11-28 16:53:59.713000+00:00,2025-11-28 16:51:00+00:00,continuous,91230.0,91319.8,91200.6,91275.3,26161990.51869995
2025-11-28 16:56:59.999000+00:00,2025-11-28 16:54:00+00:00,continuous,91275.3,91316.4,91056.6,91056.8,43572328.40350009
2025-11-28 16:59:59.823000+00:00,2025-11-28 16:57:00+00:00,continuous,91056.9,91075.3,90815.2,90880.1,121436021.72440019
2025-11-28 17:02:59.917000+00:00,2025-11-28 17:00:00+00:00,continuous,90880.1,90940.2,90772.0,90931.2,101803275.57249975
2025-11-28 17:05:59.932000+00:00,2025-11-28 17:03:00+00:00,continuous,90931.1,91067.2,90931.1,91050.0,54579143.58189993
2025-11-28 17:08:59.856000+00:00,2025-11-28 17:06:00+00:00,continuous,91050.0,91088.6,90963.6,90963.6,28121215.27309994
2025-11-28 17:11:59.838000+00:00,2025-11-28 17:09:00+00:00,continuous,90963.6,91162.9,90943.1,91087.0,57326199.25349992
2025-11-28 17:14:59.892000+00:00,2025-11-28 17:12:00+00:00,continuous,91087.0,91087.0,90824.8,90873.8,33363105.156399965
2025-11-28 17:17:59.896000+00:00,2025-11-28 17:15:00+00:00,continuous,90873.9,90873.9,90605.2,90771.4,145008295.85589984
2025-11-28 17:20:59.961000+00:00,2025-11-28 17:18:00+00:00,continuous,90771.4,90795.0,90546.0,90591.3,117207905.54840043
2025-11-28 17:23:59.840000+00:00,2025-11-28 17:21:00+00:00,continuous,90590.6,90626.1,90516.8,90606.1,61763864.14730014
2025-11-28 17:26:59.903000+00:00,2025-11-28 17:24:00+00:00,continuous,90606.0,90635.9,90540.0,90597.2,37991985.10079995
2025-11-28 17:29:59.978000+00:00,2025-11-28 17:27:00+00:00,continuous,90597.3,90597.3,90422.3,90451.3,77627179.75470014
2025-11-28 17:32:59.945000+00:00,2025-11-28 17:30:00+00:00,continuous,90451.2,90572.8,90305.4,90308.3,100327615.85179977
2025-11-28 17:35:59.985000+00:00,2025-11-28 17:33:00+00:00,continuous,90308.4,90360.9,90201.0,90250.0,98233871.11979991
2025-11-28 17:38:59.902000+00:00,2025-11-28 17:36:00+00:00,continuous,90249.0,90355.8,90181.4,90261.1,63278576.04980037
2025-11-28 17:41:59.861000+00:00,2025-11-28 17:39:00+00:00,continuous,90261.1,90355.8,90155.1,90215.9,59458071.23250014
2025-11-28 17:44:59.808000+00:00,2025-11-28 17:42:00+00:00,continuous,90215.9,90300.0,90155.0,90217.3,46867010.36810019
2025-11-28 17:47:59.980000+00:00,2025-11-28 17:45:00+00:00,continuous,90217.4,90537.2,90217.3,90485.8,94564801.74140029
2025-11-28 17:50:59.950000+00:00,2025-11-28 17:48:00+00:00,continuous,90485.7,90569.9,90425.6,90554.1,51473198.86039994
2025-11-28 17:53:59.816000+00:00,2025-11-28 17:51:00+00:00,continuous,90554.0,90689.9,90523.9,90630.0,65172974.198199995
2025-11-28 17:56:59.987000+00:00,2025-11-28 17:54:00+00:00,continuous,90630.0,90677.3,90562.5,90675.0,29116655.878299978
2025-11-28 17:59:59.988000+00:00,2025-11-28 17:57:00+00:00,continuous,90675.0,90775.1,90436.1,90620.5,77042916.77529994
2025-11-28 18:02:59.901000+00:00,2025-11-28 18:00:00+00:00,continuous,90621.2,90721.6,90418.2,90581.7,89460190.58689986
2025-11-28 18:05:59.839000+00:00,2025-11-28 18:03:00+00:00,continuous,90581.7,90599.0,90368.9,90444.6,55344865.48150004
2025-11-28 18:08:59.811000+00:00,2025-11-28 18:06:00+00:00,continuous,90444.6,90539.8,90390.0,90523.9,28969696.967299946
2025-11-28 18:11:59.919000+00:00,2025-11-28 18:09:00+00:00,continuous,90523.8,90831.3,90516.6,90781.5,94333816.83660012
2025-11-28 18:14:59.897000+00:00,2025-11-28 18:12:00+00:00,continuous,90781.6,90870.0,90757.8,90850.0,66157526.82570019
2025-11-28 18:17:59.974000+00:00,2025-11-28 18:15:00+00:00,continuous,90850.0,90852.4,90658.0,90677.0,38618708.964500085
2025-11-28 18:20:59.257000+00:00,2025-11-28 18:18:00+00:00,continuous,90676.9,90725.6,90624.8,90706.2,17310922.890000023
2025-11-28 18:23:59.895000+00:00,2025-11-28 18:21:00+00:00,continuous,90706.1,90720.1,90668.6,90692.9,15245162.472299991
2025-11-28 18:26:59.916000+00:00,2025-11-28 18:24:00+00:00,continuous,90692.8,90749.9,90555.0,90749.9,73223908.97389984
2025-11-28 18:29:59.892000+00:00,2025-11-28 18:27:00+00:00,continuous,90749.9,90762.0,90707.9,90750.4,10951267.19310001
2025-11-28 18:32:59.397000+00:00,2025-11-28 18:30:00+00:00,continuous,90750.4,90817.4,90630.0,90715.5,21601832.25090002
2025-11-28 18:35:59.575000+00:00,2025-11-28 18:33:00+00:00,continuous,90715.5,90720.7,90650.0,90685.3,10912589.006300008
2025-11-28 18:38:59.740000+00:00,2025-11-28 18:36:00+00:00,continuous,90685.3,90794.5,90637.8,90794.5,10491496.982199997
2025-11-28 18:41:59.622000+00:00,2025-11-28 18:39:00+00:00,continuous,90794.4,90836.1,90711.9,90760.5,14715794.78910001
2025-11-28 18:44:59.840000+00:00,2025-11-28 18:42:00+00:00,continuous,90760.5,90817.9,90743.0,90773.2,11797699.90830002
2025-11-28 18:47:59.707000+00:00,2025-11-28 18:45:00+00:00,continuous,90773.1,90900.0,90742.2,90830.8,23538176.14750004
2025-11-28 18:50:59.922000+00:00,2025-11-28 18:48:00+00:00,continuous,90830.8,90935.0,90800.0,90800.0,15107045.316299992
2025-11-28 18:53:59.651000+00:00,2025-11-28 18:51:00+00:00,continuous,90799.9,90799.9,90710.0,90750.1,18371325.38989995
2025-11-28 18:56:59.876000+00:00,2025-11-28 18:54:00+00:00,continuous,90750.1,90766.5,90655.7,90655.7,19098017.178799957
2025-11-28 18:59:59.896000+00:00,2025-11-28 18:57:00+00:00,continuous,90655.7,90795.8,90644.1,90787.8,14232831.786799992
2025-11-28 19:02:59.989000+00:00,2025-11-28 19:00:00+00:00,continuous,90787.8,90913.7,90778.2,90885.3,22503479.404299986
2025-11-28 19:05:59.946000+00:00,2025-11-28 19:03:00+00:00,continuous,90885.3,90910.9,90837.2,90898.8,8290815.463900008
2025-11-28 19:08:59.915000+00:00,2025-11-28 19:06:00+00:00,continuous,90898.8,90933.3,90837.7,90844.8,11688977.66040002
2025-11-28 19:11:59.722000+00:00,2025-11-28 19:09:00+00:00,continuous,90845.1,90879.7,90796.2,90860.5,8725341.440700002
2025-11-28 19:14:59.990000+00:00,2025-11-28 19:12:00+00:00,continuous,90860.4,90946.7,90860.4,90937.5,12567333.778500011
2025-11-28 19:17:59.990000+00:00,2025-11-28 19:15:00+00:00,continuous,90937.5,90943.0,90875.6,90915.7,12846602.655999996
2025-11-28 19:20:59.996000+00:00,2025-11-28 19:18:00+00:00,continuous,90915.7,91022.9,90858.9,91022.9,38392770.90400004
2025-11-28 19:23:59.809000+00:00,2025-11-28 19:21:00+00:00,continuous,91023.0,91126.7,91009.5,91075.6,37489459.24649995
2025-11-28 19:26:59.865000+00:00,2025-11-28 19:24:00+00:00,continuous,91075.6,91123.2,91050.6,91059.6,20270845.784600023
2025-11-28 19:29:59.709000+00:00,2025-11-28 19:27:00+00:00,continuous,91059.7,91075.0,91000.0,91046.4,19261611.95460001
2025-11-28 19:32:59.999000+00:00,2025-11-28 19:30:00+00:00,continuous,91046.5,91056.0,90956.7,90969.2,16324001.74980001
2025-11-28 19:35:59.966000+00:00,2025-11-28 19:33:00+00:00,continuous,90969.2,91016.3,90950.0,91011.5,13897081.10170002
2025-11-28 19:38:59.863000+00:00,2025-11-28 19:36:00+00:00,continuous,91011.5,91149.3,90997.9,91145.3,18600672.07739998
2025-11-28 19:41:59.642000+00:00,2025-11-28 19:39:00+00:00,continuous,91145.2,91163.5,91125.7,91126.3,14261138.5521
2025-11-28 19:44:59.723000+00:00,2025-11-28 19:42:00+00:00,continuous,91126.3,91133.1,91074.6,91083.3,8462010.713299993
2025-11-28 19:47:59.955000+00:00,2025-11-28 19:45:00+00:00,continuous,91083.4,91125.8,91053.7,91084.4,14680874.630600037
2025-11-28 19:50:59.893000+00:00,2025-11-28 19:48:00+00:00,continuous,91084.5,91100.6,91008.9,91008.9,11915366.220900007
2025-11-28 19:53:59.980000+00:00,2025-11-28 19:51:00+00:00,continuous,91009.0,91066.8,91008.9,91065.0,5883304.137199994
2025-11-28 19:56:59.690000+00:00,2025-11-28 19:54:00+00:00,continuous,91065.1,91148.9,91065.1,91140.7,8739806.269300025
2025-11-28 19:59:59.796000+00:00,2025-11-28 19:57:00+00:00,continuous,91140.7,91140.8,91101.1,91106.1,4389409.824400009
2025-11-28 20:02:59.956000+00:00,2025-11-28 20:00:00+00:00,continuous,91106.0,91106.1,90909.4,90931.6,22988713.1677
2025-11-28 20:05:59.967000+00:00,2025-11-28 20:03:00+00:00,continuous,90931.6,90960.6,90826.9,90845.6,26383937.076599997
2025-11-28 20:08:59.927000+00:00,2025-11-28 20:06:00+00:00,continuous,90845.6,90932.3,90816.0,90926.5,14984711.982100017
2025-11-28 20:11:59.742000+00:00,2025-11-28 20:09:00+00:00,continuous,90926.5,90958.5,90909.3,90938.6,9640832.256799975
2025-11-28 20:14:59.496000+00:00,2025-11-28 20:12:00+00:00,continuous,90938.6,90980.2,90938.6,90978.4,7030774.831800011
2025-11-28 20:17:59.375000+00:00,2025-11-28 20:15:00+00:00,continuous,90978.5,90992.5,90896.6,90991.0,9089709.818599977
2025-11-28 20:20:59.987000+00:00,2025-11-28 20:18:00+00:00,continuous,90991.1,91139.0,90991.0,91079.8,18881410.211799983
2025-11-28 20:23:59.810000+00:00,2025-11-28 20:21:00+00:00,continuous,91079.8,91125.2,91062.4,91117.6,14577217.11
2025-11-28 20:26:59.989000+00:00,2025-11-28 20:24:00+00:00,continuous,91117.7,91149.0,91065.7,91083.1,14173357.819299981
2025-11-28 20:29:59.798000+00:00,2025-11-28 20:27:00+00:00,continuous,91083.1,91132.0,91083.0,91109.8,10467661.463699995
2025-11-28 20:32:59.833000+00:00,2025-11-28 20:30:00+00:00,continuous,91109.8,91176.7,91096.2,91096.3,9255119.648899991
2025-11-28 20:35:59.970000+00:00,2025-11-28 20:33:00+00:00,continuous,91096.2,91110.7,91052.2,91068.1,6769705.174400005
2025-11-28 20:38:59.700000+00:00,2025-11-28 20:36:00+00:00,continuous,91068.1,91091.3,91050.0,91085.3,9428917.9459
2025-11-28 20:41:59.465000+00:00,2025-11-28 20:39:00+00:00,continuous,91085.4,91100.2,91017.1,91058.7,5633604.887499998
2025-11-28 20:44:59.067000+00:00,2025-11-28 20:42:00+00:00,continuous,91058.7,91084.4,91050.1,91071.0,4643985.184199998
2025-11-28 20:47:59.372000+00:00,2025-11-28 20:45:00+00:00,continuous,91071.1,91082.2,90996.6,91072.8,10059197.8243
2025-11-28 20:50:59.431000+00:00,2025-11-28 20:48:00+00:00,continuous,91072.8,91132.7,91028.2,91115.8,15737466.495599983
2025-11-28 20:53:59.906000+00:00,2025-11-28 20:51:00+00:00,continuous,91115.8,91125.7,91096.0,91102.0,5655100.342499991
2025-11-28 20:56:59.144000+00:00,2025-11-28 20:54:00+00:00,continuous,91102.1,91102.1,91059.3,91090.9,4552667.685200007
2025-11-28 20:59:59.875000+00:00,2025-11-28 20:57:00+00:00,continuous,91090.9,91153.3,91090.9,91147.6,11722232.380600002
2025-11-28 21:02:59.602000+00:00,2025-11-28 21:00:00+00:00,continuous,91147.5,91188.5,91147.5,91165.3,16180022.486099942
2025-11-28 21:05:59.657000+00:00,2025-11-28 21:03:00+00:00,continuous,91165.2,91183.5,91115.6,91183.4,5313574.703600004
2025-11-28 21:08:59.811000+00:00,2025-11-28 21:06:00+00:00,continuous,91183.4,91209.0,91115.7,91132.4,10131682.040400004
2025-11-28 21:11:59.967000+00:00,2025-11-28 21:09:00+00:00,continuous,91132.4,91140.6,91115.7,91130.0,3355349.307999992
2025-11-28 21:14:59.235000+00:00,2025-11-28 21:12:00+00:00,continuous,91130.0,91138.7,91084.0,91100.9,3646296.422699998
2025-11-28 21:17:59.811000+00:00,2025-11-28 21:15:00+00:00,continuous,91100.8,91116.6,91022.6,91022.6,10249408.267600013
2025-11-28 21:20:59.992000+00:00,2025-11-28 21:18:00+00:00,continuous,91022.6,91022.6,90969.4,91003.5,11519987.695200017
2025-11-28 21:23:59.894000+00:00,2025-11-28 21:21:00+00:00,continuous,91003.5,91029.2,90968.3,91000.1,5386060.306700005
2025-11-28 21:26:59.583000+00:00,2025-11-28 21:24:00+00:00,continuous,91000.0,91061.3,91000.0,91061.3,6176601.723999999
2025-11-28 21:29:59.425000+00:00,2025-11-28 21:27:00+00:00,continuous,91061.3,91086.4,91043.5,91086.4,3050026.680899997
2025-11-28 21:32:59.898000+00:00,2025-11-28 21:30:00+00:00,continuous,91086.3,91100.6,91054.6,91064.6,4203349.846000003
2025-11-28 21:35:59.808000+00:00,2025-11-28 21:33:00+00:00,continuous,91064.6,91134.0,91046.7,91086.0,4841909.5919999955
2025-11-28 21:38:59.935000+00:00,2025-11-28 21:36:00+00:00,continuous,91086.1,91127.4,91069.5,91127.4,4016100.6462999997
2025-11-28 21:41:59.769000+00:00,2025-11-28 21:39:00+00:00,continuous,91127.4,91157.9,91105.6,91157.9,3433388.939199996
2025-11-28 21:44:59.862000+00:00,2025-11-28 21:42:00+00:00,continuous,91157.8,91198.2,91157.8,91188.0,7578613.066599996
2025-11-28 21:47:59.878000+00:00,2025-11-28 21:45:00+00:00,continuous,91188.0,91197.2,91111.1,91128.9,6532607.45809999
2025-11-28 21:50:59.984000+00:00,2025-11-28 21:48:00+00:00,continuous,91129.0,91129.1,91079.7,91107.3,5148880.492199999
2025-11-28 21:53:59.773000+00:00,2025-11-28 21:51:00+00:00,continuous,91107.2,91124.4,90927.9,90930.0,26317228.77819996
2025-11-28 21:56:59.884000+00:00,2025-11-28 21:54:00+00:00,continuous,90930.0,90954.3,90918.6,90950.0,7530794.331199998
2025-11-28 21:59:59.732000+00:00,2025-11-28 21:57:00+00:00,continuous,90949.9,90977.2,90831.6,90831.8,20504303.859800007
2025-11-28 22:02:59.808000+00:00,2025-11-28 22:00:00+00:00,continuous,90831.7,90877.4,90817.9,90820.8,14387900.620199991
2025-11-28 22:05:59.844000+00:00,2025-11-28 22:03:00+00:00,continuous,90820.8,90970.4,90700.0,90906.3,47212477.310700156
2025-11-28 22:08:59.693000+00:00,2025-11-28 22:06:00+00:00,continuous,90906.4,90927.9,90841.5,90903.6,6873161.5052
2025-11-28 22:11:59.650000+00:00,2025-11-28 22:09:00+00:00,continuous,90903.6,90907.1,90870.5,90870.5,7953914.350400011
2025-11-28 22:14:59.925000+00:00,2025-11-28 22:12:00+00:00,continuous,90870.6,90929.6,90768.1,90768.1,15403638.763300007
2025-11-28 22:17:59.932000+00:00,2025-11-28 22:15:00+00:00,continuous,90768.1,90843.9,90657.6,90819.0,30920838.764999937
2025-11-28 22:20:59.171000+00:00,2025-11-28 22:18:00+00:00,continuous,90819.0,90863.9,90763.0,90800.9,9052460.316600014
2025-11-28 22:23:59.906000+00:00,2025-11-28 22:21:00+00:00,continuous,90801.0,90823.7,90726.7,90726.7,7042016.797200001
2025-11-28 22:26:59.985000+00:00,2025-11-28 22:24:00+00:00,continuous,90727.9,90913.6,90727.9,90879.4,11051016.64549999
2025-11-28 22:29:58.603000+00:00,2025-11-28 22:27:00+00:00,continuous,90879.4,90885.6,90791.4,90823.7,5658568.4447000045
2025-11-28 22:32:59.862000+00:00,2025-11-28 22:30:00+00:00,continuous,90823.8,90886.5,90823.8,90886.5,6209723.460700004
2025-11-28 22:35:59.845000+00:00,2025-11-28 22:33:00+00:00,continuous,90886.4,90959.2,90885.8,90939.1,13181299.179599987
2025-11-28 22:38:59.264000+00:00,2025-11-28 22:36:00+00:00,continuous,90939.2,90980.0,90910.0,90955.0,10893138.55339997
2025-11-28 22:41:59.916000+00:00,2025-11-28 22:39:00+00:00,continuous,90955.0,90962.5,90907.6,90960.9,7342302.142600008
2025-11-28 22:44:59.738000+00:00,2025-11-28 22:42:00+00:00,continuous,90960.8,90960.9,90891.0,90957.3,5868963.394599985
2025-11-28 22:47:59.484000+00:00,2025-11-28 22:45:00+00:00,continuous,90957.3,91015.3,90957.2,90964.4,12618096.920400001
2025-11-28 22:50:59.780000+00:00,2025-11-28 22:48:00+00:00,continuous,90964.3,90997.2,90957.5,90996.5,3799955.056999997
2025-11-28 22:53:59.840000+00:00,2025-11-28 22:51:00+00:00,continuous,90996.5,91106.9,90992.6,91034.9,12351962.699999986
2025-11-28 22:56:59.993000+00:00,2025-11-28 22:54:00+00:00,continuous,91034.8,91049.9,91000.0,91049.9,9186579.294000003
2025-11-28 22:59:59.871000+00:00,2025-11-28 22:57:00+00:00,continuous,91049.9,91073.6,90961.6,91073.5,18193431.437699962
2025-11-28 23:02:59.861000+00:00,2025-11-28 23:00:00+00:00,continuous,91073.5,91145.0,91040.5,91121.1,16318066.660899987
2025-11-28 23:05:59.569000+00:00,2025-11-28 23:03:00+00:00,continuous,91121.0,91145.0,91057.5,91070.0,20742945.056599952
2025-11-28 23:08:59.954000+00:00,2025-11-28 23:06:00+00:00,continuous,91070.1,91075.0,90955.2,90985.5,10789825.77009999
2025-11-28 23:11:59.838000+00:00,2025-11-28 23:09:00+00:00,continuous,90985.6,91093.1,90967.3,91093.1,5120418.306600009
2025-11-28 23:14:58.179000+00:00,2025-11-28 23:12:00+00:00,continuous,91093.1,91110.0,91055.8,91055.9,4311997.002600001
2025-11-28 23:17:59.397000+00:00,2025-11-28 23:15:00+00:00,continuous,91055.9,91076.0,91008.3,91008.3,4071897.7904000008
2025-11-28 23:20:58.898000+00:00,2025-11-28 23:18:00+00:00,continuous,91008.4,91039.7,90978.4,91024.2,4921075.220599999
2025-11-28 23:23:58.617000+00:00,2025-11-28 23:21:00+00:00,continuous,91024.2,91033.8,90989.8,90990.1,6819376.709399999
2025-11-28 23:26:59.654000+00:00,2025-11-28 23:24:00+00:00,continuous,90990.0,91005.9,90956.1,90956.1,4314545.013099998
2025-11-28 23:29:59.932000+00:00,2025-11-28 23:27:00+00:00,continuous,90956.1,90959.1,90922.8,90926.1,4924685.469100001
2025-11-28 23:32:59.974000+00:00,2025-11-28 23:30:00+00:00,continuous,90926.2,90935.5,90866.6,90919.8,11878061.410899993
2025-11-28 23:35:59.743000+00:00,2025-11-28 23:33:00+00:00,continuous,90919.7,90946.5,90913.8,90937.1,5318955.318499996
2025-11-28 23:38:59.574000+00:00,2025-11-28 23:36:00+00:00,continuous,90937.0,90991.6,90937.0,90950.1,7587339.0317000095
2025-11-28 23:41:59.891000+00:00,2025-11-28 23:39:00+00:00,continuous,90950.1,90968.8,90926.8,90942.8,4956713.35830001
2025-11-28 23:44:59.510000+00:00,2025-11-28 23:42:00+00:00,continuous,90942.8,90977.8,90942.7,90950.4,2892373.693699999
2025-11-28 23:47:59.721000+00:00,2025-11-28 23:45:00+00:00,continuous,90950.4,90950.4,90876.8,90885.9,4950029.658099994
2025-11-28 23:50:59.971000+00:00,2025-11-28 23:48:00+00:00,continuous,90885.9,90920.9,90865.6,90918.2,4605037.302899995
2025-11-28 23:53:59.868000+00:00,2025-11-28 23:51:00+00:00,continuous,90918.2,90925.2,90898.2,90900.0,3725206.9596999935
2025-11-28 23:56:59.905000+00:00,2025-11-28 23:54:00+00:00,continuous,90900.1,90913.6,90841.9,90857.7,7209294.299499998
2025-11-28 23:59:59.996000+00:00,2025-11-28 23:57:00+00:00,continuous,90857.6,90864.1,90840.0,90847.8,3490639.944399997
2025-11-29 00:02:59.854000+00:00,2025-11-29 00:00:00+00:00,continuous,90847.8,90905.9,90826.0,90879.7,10843739.958699971
2025-11-29 00:05:59.040000+00:00,2025-11-29 00:03:00+00:00,continuous,90879.9,90920.0,90879.8,90899.0,5224154.9241999965
2025-11-29 00:08:59.956000+00:00,2025-11-29 00:06:00+00:00,continuous,90899.1,90917.4,90870.1,90881.9,4148086.3560999963
2025-11-29 00:11:59.986000+00:00,2025-11-29 00:09:00+00:00,continuous,90881.9,90882.0,90822.0,90826.5,5857935.463099998
2025-11-29 00:14:59.308000+00:00,2025-11-29 00:12:00+00:00,continuous,90826.5,90847.1,90815.4,90815.5,6631798.985699994
2025-11-29 00:17:59.530000+00:00,2025-11-29 00:15:00+00:00,continuous,90815.6,90859.9,90763.1,90794.4,10193348.964700004
2025-11-29 00:20:59.901000+00:00,2025-11-29 00:18:00+00:00,continuous,90794.5,90794.5,90720.6,90783.8,9781400.8578
2025-11-29 00:23:59.997000+00:00,2025-11-29 00:21:00+00:00,continuous,90783.9,90886.0,90783.8,90885.9,10157105.8347
2025-11-29 00:26:59.648000+00:00,2025-11-29 00:24:00+00:00,continuous,90886.0,90907.3,90778.8,90778.8,10494631.918699998
2025-11-29 00:29:59.524000+00:00,2025-11-29 00:27:00+00:00,continuous,90778.6,90852.9,90752.5,90852.8,8566467.51599999
2025-11-29 00:32:59.552000+00:00,2025-11-29 00:30:00+00:00,continuous,90852.9,90879.4,90778.3,90790.8,8186496.3147000065
2025-11-29 00:35:59.891000+00:00,2025-11-29 00:33:00+00:00,continuous,90790.8,90816.0,90783.7,90784.2,4070241.7520000027
2025-11-29 00:38:59.345000+00:00,2025-11-29 00:36:00+00:00,continuous,90784.1,90884.6,90768.4,90884.6,6259299.192500008
2025-11-29 00:41:59.958000+00:00,2025-11-29 00:39:00+00:00,continuous,90884.5,90884.6,90793.0,90866.1,4620142.258700006
2025-11-29 00:44:58.643000+00:00,2025-11-29 00:42:00+00:00,continuous,90866.4,90930.3,90866.4,90898.4,10319019.342399988
2025-11-29 00:47:59.559000+00:00,2025-11-29 00:45:00+00:00,continuous,90898.4,90898.4,90826.3,90834.5,8574712.510200003
2025-11-29 00:50:59.810000+00:00,2025-11-29 00:48:00+00:00,continuous,90834.5,90878.6,90810.5,90810.5,3595213.485499999
2025-11-29 00:53:58.436000+00:00,2025-11-29 00:51:00+00:00,continuous,90810.6,90830.9,90806.9,90830.9,4511506.153499999
2025-11-29 00:56:59.433000+00:00,2025-11-29 00:54:00+00:00,continuous,90830.9,90853.7,90801.0,90801.0,2777189.0295999986
2025-11-29 00:59:59.385000+00:00,2025-11-29 00:57:00+00:00,continuous,90801.0,90846.3,90799.1,90837.5,6712390.72330001
2025-11-29 01:02:59.890000+00:00,2025-11-29 01:00:00+00:00,continuous,90837.4,90890.6,90808.3,90890.6,7514206.500199998
2025-11-29 01:05:59.043000+00:00,2025-11-29 01:03:00+00:00,continuous,90890.7,90893.8,90841.2,90841.2,4436244.5309000015
2025-11-29 01:08:59.996000+00:00,2025-11-29 01:06:00+00:00,continuous,90841.3,90913.4,90816.9,90888.3,5409206.132200008
2025-11-29 01:11:58.820000+00:00,2025-11-29 01:09:00+00:00,continuous,90888.4,90920.5,90888.3,90919.9,3673206.154399998
2025-11-29 01:14:59.893000+00:00,2025-11-29 01:12:00+00:00,continuous,90919.9,91000.1,90900.0,91000.1,13969344.490200015
2025-11-29 01:17:59.809000+00:00,2025-11-29 01:15:00+00:00,continuous,91000.0,91057.0,90974.5,91028.3,12006843.713900007
2025-11-29 01:20:59.932000+00:00,2025-11-29 01:18:00+00:00,continuous,91028.3,91078.4,90901.0,90950.0,14720944.063599994
2025-11-29 01:23:59.825000+00:00,2025-11-29 01:21:00+00:00,continuous,90950.0,90977.8,90928.4,90944.3,5924823.733499994
2025-11-29 01:26:59.215000+00:00,2025-11-29 01:24:00+00:00,continuous,90944.2,90958.8,90908.5,90918.9,3682154.9686999996
2025-11-29 01:29:59.049000+00:00,2025-11-29 01:27:00+00:00,continuous,90918.8,90941.9,90905.1,90920.7,2949387.784400001
2025-11-29 01:32:59.063000+00:00,2025-11-29 01:30:00+00:00,continuous,90920.7,90922.1,90852.4,90879.3,5180374.989000002
2025-11-29 01:35:59.799000+00:00,2025-11-29 01:33:00+00:00,continuous,90879.4,90890.7,90833.6,90855.7,6327474.787000003
2025-11-29 01:38:59.956000+00:00,2025-11-29 01:36:00+00:00,continuous,90855.7,90855.7,90819.7,90821.4,4661169.998799999
2025-11-29 01:41:59.937000+00:00,2025-11-29 01:39:00+00:00,continuous,90821.4,90837.0,90750.1,90782.4,10809503.540900016
2025-11-29 01:44:59.331000+00:00,2025-11-29 01:42:00+00:00,continuous,90782.4,90826.6,90778.1,90813.5,3958862.490999998
2025-11-29 01:47:59.956000+00:00,2025-11-29 01:45:00+00:00,continuous,90813.4,90847.9,90792.0,90792.1,6149984.103400001
2025-11-29 01:50:59.788000+00:00,2025-11-29 01:48:00+00:00,continuous,90792.1,90820.0,90768.6,90768.6,4148343.3293000027
2025-11-29 01:53:59.286000+00:00,2025-11-29 01:51:00+00:00,continuous,90768.4,90826.2,90757.2,90825.2,4052861.2500000056
2025-11-29 01:56:59.426000+00:00,2025-11-29 01:54:00+00:00,continuous,90825.3,90872.7,90816.8,90872.6,3537733.192100001
2025-11-29 01:59:59.463000+00:00,2025-11-29 01:57:00+00:00,continuous,90872.7,90877.3,90837.4,90839.2,3017468.815799997
2025-11-29 02:02:59.399000+00:00,2025-11-29 02:00:00+00:00,continuous,90839.3,90855.6,90810.3,90821.8,4767273.007800005
2025-11-29 02:05:59.884000+00:00,2025-11-29 02:03:00+00:00,continuous,90821.8,90846.1,90765.1,90772.3,7567383.387900001
2025-11-29 02:08:59.344000+00:00,2025-11-29 02:06:00+00:00,continuous,90772.4,90810.5,90765.0,90765.1,7857327.681599997
2025-11-29 02:11:59.652000+00:00,2025-11-29 02:09:00+00:00,continuous,90765.1,90792.0,90753.7,90774.0,4836776.877999996
2025-11-29 02:14:59.082000+00:00,2025-11-29 02:12:00+00:00,continuous,90774.1,90815.9,90763.7,90814.8,4257672.581499996
2025-11-29 02:17:59.248000+00:00,2025-11-29 02:15:00+00:00,continuous,90814.9,90851.4,90814.9,90841.8,5069420.01249999
2025-11-29 02:20:59.184000+00:00,2025-11-29 02:18:00+00:00,continuous,90841.8,90887.4,90841.7,90852.2,3602190.9309
2025-11-29 02:23:59.790000+00:00,2025-11-29 02:21:00+00:00,continuous,90852.2,90876.2,90849.9,90858.9,3293693.9998999997
2025-11-29 02:26:59.344000+00:00,2025-11-29 02:24:00+00:00,continuous,90858.9,90888.4,90845.0,90845.1,2811958.7917999974
2025-11-29 02:29:59.714000+00:00,2025-11-29 02:27:00+00:00,continuous,90845.0,90877.1,90801.4,90801.5,5836869.491999989
2025-11-29 02:32:59.368000+00:00,2025-11-29 02:30:00+00:00,continuous,90801.4,90801.6,90565.0,90593.3,85786466.06500016
2025-11-29 02:35:59.811000+00:00,2025-11-29 02:33:00+00:00,continuous,90593.3,90599.0,90504.7,90508.2,41463358.97919995
2025-11-29 02:38:59.746000+00:00,2025-11-29 02:36:00+00:00,continuous,90508.3,90587.0,90500.0,90587.0,24998182.75179996
2025-11-29 02:41:59.801000+00:00,2025-11-29 02:39:00+00:00,continuous,90587.0,90631.0,90586.9,90631.0,21791358.872600015
2025-11-29 02:44:59.865000+00:00,2025-11-29 02:42:00+00:00,continuous,90631.0,90631.0,90604.7,90629.0,6368131.238299996
2025-11-29 02:47:59.640000+00:00,2025-11-29 02:45:00+00:00,continuous,90629.0,90629.0,90552.6,90603.2,6884836.740799991
2025-11-29 02:50:59.552000+00:00,2025-11-29 02:48:00+00:00,continuous,90603.2,90620.7,90582.7,90620.6,5492370.961799997
2025-11-29 02:53:59.807000+00:00,2025-11-29 02:51:00+00:00,continuous,90620.6,90674.6,90619.9,90655.2,14589180.449299991
2025-11-29 02:56:59.846000+00:00,2025-11-29 02:54:00+00:00,continuous,90655.1,90720.3,90655.1,90719.3,6612725.213300003
2025-11-29 02:59:59.914000+00:00,2025-11-29 02:57:00+00:00,continuous,90719.2,90764.2,90719.2,90751.4,6568775.094100003
2025-11-29 03:02:59.614000+00:00,2025-11-29 03:00:00+00:00,continuous,90751.4,90778.0,90737.5,90766.6,7779453.478199994
2025-11-29 03:05:59.218000+00:00,2025-11-29 03:03:00+00:00,continuous,90766.6,90829.0,90766.6,90800.1,7850069.79429999
2025-11-29 03:08:59.366000+00:00,2025-11-29 03:06:00+00:00,continuous,90800.1,90807.7,90787.0,90787.1,5231000.3925
2025-11-29 03:11:59.998000+00:00,2025-11-29 03:09:00+00:00,continuous,90787.0,90817.3,90766.0,90766.0,6062443.105099991
2025-11-29 03:14:59.155000+00:00,2025-11-29 03:12:00+00:00,continuous,90766.1,90783.8,90766.0,90774.4,2643830.6436
2025-11-29 03:17:59.912000+00:00,2025-11-29 03:15:00+00:00,continuous,90774.4,90805.1,90729.7,90729.8,5016528.549199999
2025-11-29 03:20:59.865000+00:00,2025-11-29 03:18:00+00:00,continuous,90729.8,90780.9,90718.0,90780.8,8675154.051200006
2025-11-29 03:23:58.937000+00:00,2025-11-29 03:21:00+00:00,continuous,90780.8,90780.9,90744.8,90762.9,2468878.650400003
2025-11-29 03:26:59.618000+00:00,2025-11-29 03:24:00+00:00,continuous,90762.9,90763.0,90689.8,90700.1,7814277.263999997
2025-11-29 03:29:59.328000+00:00,2025-11-29 03:27:00+00:00,continuous,90700.1,90700.1,90673.5,90673.6,3746003.6440999974
2025-11-29 03:32:59.888000+00:00,2025-11-29 03:30:00+00:00,continuous,90673.5,90682.4,90635.7,90649.3,6976825.728100003
2025-11-29 03:35:59.522000+00:00,2025-11-29 03:33:00+00:00,continuous,90649.3,90674.2,90647.1,90674.2,4977830.615199991
2025-11-29 03:38:58.257000+00:00,2025-11-29 03:36:00+00:00,continuous,90674.2,90707.5,90624.0,90703.1,6844486.9473000085
2025-11-29 03:41:59.918000+00:00,2025-11-29 03:39:00+00:00,continuous,90703.0,90721.7,90692.1,90711.8,3450664.8915999993
2025-11-29 03:44:59.883000+00:00,2025-11-29 03:42:00+00:00,continuous,90711.8,90729.4,90644.4,90644.4,4970148.521900003
2025-11-29 03:47:59.957000+00:00,2025-11-29 03:45:00+00:00,continuous,90644.4,90653.2,90616.8,90637.1,6173925.162500004
2025-11-29 03:50:59.982000+00:00,2025-11-29 03:48:00+00:00,continuous,90637.1,90657.0,90630.0,90634.9,1951431.057399999
2025-11-29 03:53:59.930000+00:00,2025-11-29 03:51:00+00:00,continuous,90634.9,90656.0,90630.0,90652.2,3967295.733799999
2025-11-29 03:56:57.138000+00:00,2025-11-29 03:54:00+00:00,continuous,90652.3,90658.7,90633.9,90634.0,2319925.5976
2025-11-29 03:59:59.711000+00:00,2025-11-29 03:57:00+00:00,continuous,90634.0,90649.7,90632.6,90638.0,3114031.037500001
2025-11-29 04:02:59.859000+00:00,2025-11-29 04:00:00+00:00,continuous,90638.1,90656.2,90621.0,90647.9,4949844.430400002
2025-11-29 04:05:59.970000+00:00,2025-11-29 04:03:00+00:00,continuous,90647.8,90647.9,90623.5,90638.0,2106852.1922999993
2025-11-29 04:08:59.793000+00:00,2025-11-29 04:06:00+00:00,continuous,90637.9,90638.2,90577.0,90590.0,8600724.341099996
2025-11-29 04:11:59.985000+00:00,2025-11-29 04:09:00+00:00,continuous,90590.0,90599.6,90581.5,90584.5,4222279.258999998
2025-11-29 04:14:59.747000+00:00,2025-11-29 04:12:00+00:00,continuous,90584.5,90584.6,90569.0,90574.7,3894779.0187999983
2025-11-29 04:17:59.867000+00:00,2025-11-29 04:15:00+00:00,continuous,90574.7,90611.0,90551.8,90551.8,5208852.203799992
2025-11-29 04:20:59.832000+00:00,2025-11-29 04:18:00+00:00,continuous,90551.9,90569.7,90509.3,90509.4,6604559.825599987
2025-11-29 04:23:59.353000+00:00,2025-11-29 04:21:00+00:00,continuous,90509.4,90585.0,90505.3,90550.5,12132038.86949999
2025-11-29 04:26:59.888000+00:00,2025-11-29 04:24:00+00:00,continuous,90550.4,90620.0,90550.4,90603.4,5045710.290699992
2025-11-29 04:29:59.775000+00:00,2025-11-29 04:27:00+00:00,continuous,90603.5,90661.9,90603.4,90650.1,6991224.552399998
2025-11-29 04:32:59.127000+00:00,2025-11-29 04:30:00+00:00,continuous,90650.0,90696.8,90629.7,90683.3,9851782.283400005
2025-11-29 04:35:59.455000+00:00,2025-11-29 04:33:00+00:00,continuous,90683.3,90743.0,90683.2,90731.4,8823381.338899985
2025-11-29 04:38:59.936000+00:00,2025-11-29 04:36:00+00:00,continuous,90731.4,90759.0,90713.1,90729.2,13904470.089599995
2025-11-29 04:41:59.904000+00:00,2025-11-29 04:39:00+00:00,continuous,90729.3,90743.5,90721.7,90743.5,4231528.961400004
2025-11-29 04:44:59.852000+00:00,2025-11-29 04:42:00+00:00,continuous,90743.5,90765.6,90737.6,90743.3,6625172.295900013
2025-11-29 04:47:59.636000+00:00,2025-11-29 04:45:00+00:00,continuous,90743.3,90765.6,90743.2,90765.1,3660609.4468999933
2025-11-29 04:50:58.885000+00:00,2025-11-29 04:48:00+00:00,continuous,90765.0,90790.8,90763.7,90790.7,3739875.8605000023
2025-11-29 04:53:59.438000+00:00,2025-11-29 04:51:00+00:00,continuous,90790.8,90799.7,90783.6,90796.3,5206943.639699998
2025-11-29 04:56:59.883000+00:00,2025-11-29 04:54:00+00:00,continuous,90796.4,90796.5,90757.0,90761.5,6070807.745600009
2025-11-29 04:59:59.503000+00:00,2025-11-29 04:57:00+00:00,continuous,90761.6,90877.0,90756.9,90859.6,16656378.395100042
2025-11-29 05:02:59.822000+00:00,2025-11-29 05:00:00+00:00,continuous,90859.5,90862.0,90800.0,90800.0,7694410.856200003
2025-11-29 05:05:59.159000+00:00,2025-11-29 05:03:00+00:00,continuous,90800.0,90800.1,90756.5,90766.5,9255374.608799998
2025-11-29 05:08:59.858000+00:00,2025-11-29 05:06:00+00:00,continuous,90766.6,90791.3,90766.5,90791.3,4085774.0442000018
2025-11-29 05:11:59.992000+00:00,2025-11-29 05:09:00+00:00,continuous,90791.2,90791.3,90734.6,90760.5,3922327.6683999985
2025-11-29 05:14:59.297000+00:00,2025-11-29 05:12:00+00:00,continuous,90760.6,90760.6,90750.2,90750.2,2979060.1187000014
2025-11-29 05:17:59.981000+00:00,2025-11-29 05:15:00+00:00,continuous,90750.0,90787.7,90732.8,90787.7,3579169.6369999987
2025-11-29 05:20:59.947000+00:00,2025-11-29 05:18:00+00:00,continuous,90787.8,90884.8,90760.2,90877.1,18716319.038199995
2025-11-29 05:23:59.326000+00:00,2025-11-29 05:21:00+00:00,continuous,90877.0,90884.8,90852.4,90865.6,8158701.275900013
2025-11-29 05:26:59.500000+00:00,2025-11-29 05:24:00+00:00,continuous,90865.6,90871.4,90860.2,90862.1,3519782.2184000053
2025-11-29 05:29:59.847000+00:00,2025-11-29 05:27:00+00:00,continuous,90862.1,90862.1,90837.8,90859.9,4400320.700500004
2025-11-29 05:32:59.077000+00:00,2025-11-29 05:30:00+00:00,continuous,90860.0,90864.0,90853.6,90860.0,2786087.067700004
2025-11-29 05:35:59.955000+00:00,2025-11-29 05:33:00+00:00,continuous,90860.0,90881.0,90809.2,90870.6,9462864.790199997
2025-11-29 05:38:59.599000+00:00,2025-11-29 05:36:00+00:00,continuous,90870.7,90870.7,90850.1,90851.5,2000987.357300003
2025-11-29 05:41:59.570000+00:00,2025-11-29 05:39:00+00:00,continuous,90851.5,90851.6,90803.2,90803.2,2284107.225500002
2025-11-29 05:44:59.871000+00:00,2025-11-29 05:42:00+00:00,continuous,90803.2,90818.0,90801.2,90817.9,2945564.9402000066
2025-11-29 05:47:59.894000+00:00,2025-11-29 05:45:00+00:00,continuous,90818.0,90833.1,90813.4,90814.8,4022555.5434000045
2025-11-29 05:50:59.915000+00:00,2025-11-29 05:48:00+00:00,continuous,90814.8,90814.9,90765.5,90765.6,3749671.3506000033
2025-11-29 05:53:59.885000+00:00,2025-11-29 05:51:00+00:00,continuous,90765.5,90765.6,90721.1,90725.6,4994819.866500003
2025-11-29 05:56:59.465000+00:00,2025-11-29 05:54:00+00:00,continuous,90725.5,90746.2,90683.9,90741.5,9330131.259400006
2025-11-29 05:59:59.330000+00:00,2025-11-29 05:57:00+00:00,continuous,90741.6,90741.6,90700.1,90712.5,6686079.991600003
2025-11-29 06:02:59.722000+00:00,2025-11-29 06:00:00+00:00,continuous,90712.5,90721.0,90683.3,90709.4,7231306.197599996
2025-11-29 06:05:59.558000+00:00,2025-11-29 06:03:00+00:00,continuous,90709.5,90709.6,90675.7,90707.5,6083774.1707999995
2025-11-29 06:08:57.770000+00:00,2025-11-29 06:06:00+00:00,continuous,90707.4,90707.5,90692.7,90700.1,2643099.7191000064
2025-11-29 06:11:59.426000+00:00,2025-11-29 06:09:00+00:00,continuous,90700.2,90747.4,90700.1,90747.4,3555369.555699999
2025-11-29 06:14:59.179000+00:00,2025-11-29 06:12:00+00:00,continuous,90747.3,90790.4,90747.3,90784.1,5077114.044700008
2025-11-29 06:17:59.374000+00:00,2025-11-29 06:15:00+00:00,continuous,90784.1,90787.1,90702.4,90719.3,2952233.837799993
2025-11-29 06:20:59.934000+00:00,2025-11-29 06:18:00+00:00,continuous,90719.4,90743.2,90567.9,90567.9,40168150.42230006
2025-11-29 06:23:59.961000+00:00,2025-11-29 06:21:00+00:00,continuous,90567.9,90567.9,90272.6,90455.4,135550216.71170014
2025-11-29 06:26:59.983000+00:00,2025-11-29 06:24:00+00:00,continuous,90455.5,90572.3,90405.5,90501.8,56525648.69150016
2025-11-29 06:29:59.966000+00:00,2025-11-29 06:27:00+00:00,continuous,90501.8,90559.0,90501.8,90506.4,21888421.20370007
2025-11-29 06:32:59.808000+00:00,2025-11-29 06:30:00+00:00,continuous,90506.3,90538.8,90434.4,90481.0,13820152.858799998
2025-11-29 06:35:59.718000+00:00,2025-11-29 06:33:00+00:00,continuous,90481.0,90498.2,90265.2,90364.1,41358486.33580004
2025-11-29 06:38:59.987000+00:00,2025-11-29 06:36:00+00:00,continuous,90364.0,90500.0,90355.3,90464.3,15547547.741999967
2025-11-29 06:41:59.987000+00:00,2025-11-29 06:39:00+00:00,continuous,90464.3,90515.8,90437.6,90488.4,8939564.6791
2025-11-29 06:44:59.909000+00:00,2025-11-29 06:42:00+00:00,continuous,90488.3,90515.7,90471.3,90503.0,7475297.756800001
2025-11-29 06:47:59.995000+00:00,2025-11-29 06:45:00+00:00,continuous,90503.1,90543.1,90483.7,90530.7,7281128.324400007
2025-11-29 06:50:59.780000+00:00,2025-11-29 06:48:00+00:00,continuous,90530.6,90550.0,90503.3,90516.7,6240741.097899999
2025-11-29 06:53:59.948000+00:00,2025-11-29 06:51:00+00:00,continuous,90516.7,90516.7,90429.8,90469.4,12464704.863699999
2025-11-29 06:56:59.274000+00:00,2025-11-29 06:54:00+00:00,continuous,90469.3,90496.6,90443.6,90482.8,10026907.955100005
2025-11-29 06:59:59.775000+00:00,2025-11-29 06:57:00+00:00,continuous,90482.9,90539.9,90466.0,90513.3,10763337.367200013
2025-11-29 07:02:59.950000+00:00,2025-11-29 07:00:00+00:00,continuous,90513.3,90610.8,90506.7,90603.2,12255878.48830002
2025-11-29 07:05:59.965000+00:00,2025-11-29 07:03:00+00:00,continuous,90603.3,90625.0,90600.0,90625.0,8912411.075200034
2025-11-29 07:08:59.820000+00:00,2025-11-29 07:06:00+00:00,continuous,90625.0,90625.0,90532.2,90532.2,6378148.074899998
2025-11-29 07:11:59.930000+00:00,2025-11-29 07:09:00+00:00,continuous,90532.2,90532.2,90453.9,90456.3,8124797.989799997
2025-11-29 07:14:59.705000+00:00,2025-11-29 07:12:00+00:00,continuous,90456.2,90539.4,90445.6,90513.6,7787323.136500006
2025-11-29 07:17:58.137000+00:00,2025-11-29 07:15:00+00:00,continuous,90513.7,90588.0,90513.6,90538.8,4998374.121899995
2025-11-29 07:20:59.822000+00:00,2025-11-29 07:18:00+00:00,continuous,90538.9,90563.1,90480.0,90491.2,5691886.282399998
2025-11-29 07:23:59.726000+00:00,2025-11-29 07:21:00+00:00,continuous,90491.3,90506.7,90457.3,90457.3,7100808.173200006
2025-11-29 07:26:59.482000+00:00,2025-11-29 07:24:00+00:00,continuous,90457.3,90500.9,90445.5,90466.2,4411741.017599989
2025-11-29 07:29:59.740000+00:00,2025-11-29 07:27:00+00:00,continuous,90466.2,90479.1,90418.0,90444.0,6033093.761300004
2025-11-29 07:32:59.795000+00:00,2025-11-29 07:30:00+00:00,continuous,90444.0,90484.0,90412.3,90417.8,8224498.059199991
2025-11-29 07:35:59.389000+00:00,2025-11-29 07:33:00+00:00,continuous,90417.7,90417.8,90355.7,90388.0,13418063.519200003
2025-11-29 07:38:59.878000+00:00,2025-11-29 07:36:00+00:00,continuous,90388.0,90393.7,90327.0,90373.3,12196736.002500022
2025-11-29 07:41:59.826000+00:00,2025-11-29 07:39:00+00:00,continuous,90373.3,90390.0,90332.0,90389.9,13064030.428299984
2025-11-29 07:44:59.897000+00:00,2025-11-29 07:42:00+00:00,continuous,90390.0,90407.7,90380.1,90392.8,8045102.87429999
2025-11-29 07:47:59.911000+00:00,2025-11-29 07:45:00+00:00,continuous,90392.8,90454.8,90392.8,90405.0,6053004.959500003
2025-11-29 07:50:59.730000+00:00,2025-11-29 07:48:00+00:00,continuous,90405.0,90435.2,90378.6,90379.2,9261754.789900001
2025-11-29 07:53:59.248000+00:00,2025-11-29 07:51:00+00:00,continuous,90379.2,90448.1,90379.2,90400.3,6461226.535800003
2025-11-29 07:56:59.832000+00:00,2025-11-29 07:54:00+00:00,continuous,90400.4,90523.9,90400.1,90520.1,11073484.833499983
2025-11-29 07:59:59.415000+00:00,2025-11-29 07:57:00+00:00,continuous,90520.1,90543.8,90485.4,90523.5,12192602.26410001
2025-11-29 08:02:59.891000+00:00,2025-11-29 08:00:00+00:00,continuous,90523.4,90523.5,90431.2,90431.2,7639266.265499996
2025-11-29 08:05:59.896000+00:00,2025-11-29 08:03:00+00:00,continuous,90431.2,90491.5,90430.5,90491.4,6636887.712200004
2025-11-29 08:08:59.738000+00:00,2025-11-29 08:06:00+00:00,continuous,90491.5,90603.0,90491.4,90576.1,18467172.581199992
2025-11-29 08:11:59.897000+00:00,2025-11-29 08:09:00+00:00,continuous,90576.1,90625.0,90548.4,90610.1,9163756.381100012
2025-11-29 08:14:59.669000+00:00,2025-11-29 08:12:00+00:00,continuous,90610.2,90614.3,90569.6,90586.0,8272649.128599986
2025-11-29 08:17:59.851000+00:00,2025-11-29 08:15:00+00:00,continuous,90586.0,90639.8,90576.7,90638.1,7274749.247899989
2025-11-29 08:20:59.859000+00:00,2025-11-29 08:18:00+00:00,continuous,90638.2,90691.5,90594.6,90605.1,18004804.89110001
2025-11-29 08:23:59.809000+00:00,2025-11-29 08:21:00+00:00,continuous,90605.1,90688.8,90603.3,90684.1,15437502.41440001
2025-11-29 08:26:59.520000+00:00,2025-11-29 08:24:00+00:00,continuous,90684.1,90687.8,90621.5,90649.9,9225772.20379999
2025-11-29 08:29:59.526000+00:00,2025-11-29 08:27:00+00:00,continuous,90649.8,90649.8,90569.9,90574.3,7118641.901699991
2025-11-29 08:32:59.900000+00:00,2025-11-29 08:30:00+00:00,continuous,90574.3,90591.4,90513.5,90567.2,15117091.414100006
2025-11-29 08:35:59.026000+00:00,2025-11-29 08:33:00+00:00,continuous,90567.5,90671.0,90567.5,90611.5,18601583.818200037
2025-11-29 08:38:59.248000+00:00,2025-11-29 08:36:00+00:00,continuous,90611.4,90637.5,90573.3,90622.7,5751660.223099995
2025-11-29 08:41:59.064000+00:00,2025-11-29 08:39:00+00:00,continuous,90622.7,90622.8,90577.3,90608.9,4697632.105200004
2025-11-29 08:44:59.885000+00:00,2025-11-29 08:42:00+00:00,continuous,90608.8,90640.0,90584.6,90584.6,5689276.147000002
2025-11-29 08:47:59.345000+00:00,2025-11-29 08:45:00+00:00,continuous,90584.7,90594.9,90545.2,90545.3,5954279.180800009
2025-11-29 08:50:59.661000+00:00,2025-11-29 08:48:00+00:00,continuous,90545.2,90568.2,90529.0,90554.3,4396248.5674
2025-11-29 08:53:59.977000+00:00,2025-11-29 08:51:00+00:00,continuous,90554.4,90573.4,90518.7,90521.0,2881090.2819000008
2025-11-29 08:56:59.368000+00:00,2025-11-29 08:54:00+00:00,continuous,90521.0,90533.6,90513.5,90522.0,5688101.094699995
2025-11-29 08:59:59.575000+00:00,2025-11-29 08:57:00+00:00,continuous,90521.9,90594.8,90521.9,90592.6,4733003.239899995
2025-11-29 09:02:59.989000+00:00,2025-11-29 09:00:00+00:00,continuous,90592.6,90612.5,90566.4,90590.2,7673076.822500001
2025-11-29 09:05:59.989000+00:00,2025-11-29 09:03:00+00:00,continuous,90590.2,90631.8,90580.0,90590.4,6454027.542700008
2025-11-29 09:08:59.541000+00:00,2025-11-29 09:06:00+00:00,continuous,90590.3,90622.7,90481.1,90481.1,7678978.11339999
2025-11-29 09:11:59.952000+00:00,2025-11-29 09:09:00+00:00,continuous,90481.1,90568.9,90467.9,90562.1,9663770.106000008
2025-11-29 09:14:58.901000+00:00,2025-11-29 09:12:00+00:00,continuous,90562.0,90562.0,90528.1,90549.9,4673009.680899998
2025-11-29 09:17:59.735000+00:00,2025-11-29 09:15:00+00:00,continuous,90549.9,90593.5,90521.1,90570.2,6999734.6757999975
2025-11-29 09:20:59.631000+00:00,2025-11-29 09:18:00+00:00,continuous,90570.2,90570.2,90496.6,90496.7,4168015.876800001
2025-11-29 09:23:58.365000+00:00,2025-11-29 09:21:00+00:00,continuous,90496.6,90526.5,90484.1,90516.1,3723067.240099998
2025-11-29 09:26:59.354000+00:00,2025-11-29 09:24:00+00:00,continuous,90516.0,90558.4,90516.0,90558.4,2843221.681800002
2025-11-29 09:29:59.861000+00:00,2025-11-29 09:27:00+00:00,continuous,90558.4,90571.6,90484.0,90484.0,5226872.223600005
2025-11-29 09:32:59.910000+00:00,2025-11-29 09:30:00+00:00,continuous,90484.1,90507.6,90461.6,90507.6,6790339.537899993
2025-11-29 09:35:59.583000+00:00,2025-11-29 09:33:00+00:00,continuous,90507.5,90526.8,90455.5,90475.6,6974110.425599996
2025-11-29 09:38:59.513000+00:00,2025-11-29 09:36:00+00:00,continuous,90475.7,90535.6,90475.5,90535.2,3870968.727399999
2025-11-29 09:41:59.829000+00:00,2025-11-29 09:39:00+00:00,continuous,90535.2,90543.3,90485.9,90523.6,2512589.0890999986
2025-11-29 09:44:59.864000+00:00,2025-11-29 09:42:00+00:00,continuous,90523.7,90550.8,90523.7,90540.5,3428056.5934999934
2025-11-29 09:47:59.845000+00:00,2025-11-29 09:45:00+00:00,continuous,90540.6,90557.7,90514.0,90533.4,5470271.162499994
2025-11-29 09:50:59.985000+00:00,2025-11-29 09:48:00+00:00,continuous,90533.4,90579.9,90533.4,90551.8,8668546.6446
2025-11-29 09:53:58.829000+00:00,2025-11-29 09:51:00+00:00,continuous,90551.9,90573.8,90546.0,90561.2,3841271.4097000062
2025-11-29 09:56:58.326000+00:00,2025-11-29 09:54:00+00:00,continuous,90561.1,90561.2,90523.7,90523.7,4960920.6139
2025-11-29 09:59:59.543000+00:00,2025-11-29 09:57:00+00:00,continuous,90523.8,90523.8,90513.4,90518.1,2876204.179399995
2025-11-29 10:02:59.895000+00:00,2025-11-29 10:00:00+00:00,continuous,90518.1,90518.4,90495.0,90505.1,2873205.053399998
2025-11-29 10:05:59.619000+00:00,2025-11-29 10:03:00+00:00,continuous,90505.2,90543.6,90489.1,90533.2,3870083.801800004
2025-11-29 10:08:59.717000+00:00,2025-11-29 10:06:00+00:00,continuous,90533.2,90548.0,90455.0,90469.8,13489891.165600013
2025-11-29 10:11:59.729000+00:00,2025-11-29 10:09:00+00:00,continuous,90469.8,90592.1,90469.8,90592.0,8938338.216499994
2025-11-29 10:14:59.888000+00:00,2025-11-29 10:12:00+00:00,continuous,90592.1,90592.1,90525.5,90531.8,4045472.7921000016
2025-11-29 10:17:59.961000+00:00,2025-11-29 10:15:00+00:00,continuous,90531.7,90561.3,90501.5,90501.5,3202975.8296000026
2025-11-29 10:20:59.630000+00:00,2025-11-29 10:18:00+00:00,continuous,90501.5,90509.7,90335.2,90400.9,39690923.49739974
2025-11-29 10:23:59.794000+00:00,2025-11-29 10:21:00+00:00,continuous,90400.9,90457.5,90387.6,90457.5,6894515.831100018
2025-11-29 10:26:59.753000+00:00,2025-11-29 10:24:00+00:00,continuous,90457.4,90539.9,90457.4,90539.8,9296933.55
2025-11-29 10:29:59.909000+00:00,2025-11-29 10:27:00+00:00,continuous,90539.8,90573.5,90530.0,90532.0,10588567.880000003
2025-11-29 10:32:59.678000+00:00,2025-11-29 10:30:00+00:00,continuous,90531.9,90591.4,90531.9,90565.7,8726337.421999998
2025-11-29 10:35:58.656000+00:00,2025-11-29 10:33:00+00:00,continuous,90565.7,90573.0,90537.5,90559.9,2543773.3890999984
2025-11-29 10:38:59.855000+00:00,2025-11-29 10:36:00+00:00,continuous,90559.8,90567.4,90537.1,90549.0,3194428.016499999
2025-11-29 10:41:59.961000+00:00,2025-11-29 10:39:00+00:00,continuous,90549.0,90565.2,90544.5,90554.9,3872661.7809000025
2025-11-29 10:44:59.786000+00:00,2025-11-29 10:42:00+00:00,continuous,90554.9,90579.0,90552.0,90564.0,4725237.200299998
2025-11-29 10:47:59.931000+00:00,2025-11-29 10:45:00+00:00,continuous,90563.8,90610.0,90528.5,90530.3,8222829.4363
2025-11-29 10:50:59.831000+00:00,2025-11-29 10:48:00+00:00,continuous,90530.2,90539.0,90517.1,90517.1,4699313.641299996
2025-11-29 10:53:59.886000+00:00,2025-11-29 10:51:00+00:00,continuous,90517.1,90555.3,90517.1,90524.0,3029601.386200001
2025-11-29 10:56:59.823000+00:00,2025-11-29 10:54:00+00:00,continuous,90524.0,90524.1,90486.4,90519.0,5529570.979200002
2025-11-29 10:59:59.757000+00:00,2025-11-29 10:57:00+00:00,continuous,90518.9,90541.4,90510.2,90510.2,3547640.238400003
2025-11-29 11:02:58.933000+00:00,2025-11-29 11:00:00+00:00,continuous,90510.2,90526.4,90486.2,90507.0,5752620.4381
2025-11-29 11:05:59.793000+00:00,2025-11-29 11:03:00+00:00,continuous,90506.8,90518.7,90453.1,90457.1,5978393.377800002
2025-11-29 11:08:59.787000+00:00,2025-11-29 11:06:00+00:00,continuous,90457.0,90481.2,90414.0,90418.6,8884583.944299994
2025-11-29 11:11:59.783000+00:00,2025-11-29 11:09:00+00:00,continuous,90418.6,90565.6,90418.5,90557.8,8693977.334399998
2025-11-29 11:14:59.654000+00:00,2025-11-29 11:12:00+00:00,continuous,90557.8,90575.3,90543.8,90558.7,5330945.475600007
2025-11-29 11:17:59.716000+00:00,2025-11-29 11:15:00+00:00,continuous,90558.7,90575.9,90507.6,90512.1,4823086.983700004
2025-11-29 11:20:59.904000+00:00,2025-11-29 11:18:00+00:00,continuous,90512.2,90529.8,90487.0,90487.1,3685479.2131999987
2025-11-29 11:23:59.725000+00:00,2025-11-29 11:21:00+00:00,continuous,90487.1,90525.1,90487.0,90518.5,3520601.973500001
2025-11-29 11:26:59.819000+00:00,2025-11-29 11:24:00+00:00,continuous,90518.4,90530.6,90463.0,90496.9,4691872.872399992
2025-11-29 11:29:58.699000+00:00,2025-11-29 11:27:00+00:00,continuous,90497.0,90502.0,90481.0,90502.0,3379568.409500003
2025-11-29 11:32:59.967000+00:00,2025-11-29 11:30:00+00:00,continuous,90502.0,90509.2,90451.1,90469.8,6858751.068400001
2025-11-29 11:35:59.393000+00:00,2025-11-29 11:33:00+00:00,continuous,90469.8,90506.3,90469.8,90470.0,3059244.937299999
2025-11-29 11:38:58.892000+00:00,2025-11-29 11:36:00+00:00,continuous,90470.1,90499.0,90470.0,90489.9,3316074.9614999956
2025-11-29 11:41:59.582000+00:00,2025-11-29 11:39:00+00:00,continuous,90490.0,90573.0,90489.9,90527.2,11837271.941900004
2025-11-29 11:44:59.357000+00:00,2025-11-29 11:42:00+00:00,continuous,90527.2,90588.1,90527.2,90558.3,9560036.297399996
2025-11-29 11:47:59.733000+00:00,2025-11-29 11:45:00+00:00,continuous,90558.3,90587.7,90546.0,90576.7,7189705.985899997
2025-11-29 11:50:59.516000+00:00,2025-11-29 11:48:00+00:00,continuous,90576.7,90581.0,90548.1,90576.7,5492011.185099987
2025-11-29 11:53:59.813000+00:00,2025-11-29 11:51:00+00:00,continuous,90576.7,90600.0,90575.9,90599.9,5491475.630699992
2025-11-29 11:56:59.499000+00:00,2025-11-29 11:54:00+00:00,continuous,90599.9,90638.1,90599.8,90632.9,13567252.333400035
2025-11-29 11:59:59.783000+00:00,2025-11-29 11:57:00+00:00,continuous,90632.9,90645.6,90624.6,90633.7,7724420.133300015
2025-11-29 12:02:59.170000+00:00,2025-11-29 12:00:00+00:00,continuous,90633.8,90669.4,90597.8,90646.6,13406245.553399995
2025-11-29 12:05:59.844000+00:00,2025-11-29 12:03:00+00:00,continuous,90646.6,90672.7,90633.8,90666.1,7403138.8713000035
2025-11-29 12:08:59.846000+00:00,2025-11-29 12:06:00+00:00,continuous,90666.1,90747.3,90666.0,90701.5,22412110.91989999
2025-11-29 12:11:59.605000+00:00,2025-11-29 12:09:00+00:00,continuous,90701.5,90769.3,90701.5,90712.7,14231298.371500002
2025-11-29 12:14:59.983000+00:00,2025-11-29 12:12:00+00:00,continuous,90712.7,90712.7,90608.5,90608.5,12115207.266599968
2025-11-29 12:17:58.722000+00:00,2025-11-29 12:15:00+00:00,continuous,90608.5,90625.7,90562.1,90585.0,12328423.431299992
2025-11-29 12:20:59.977000+00:00,2025-11-29 12:18:00+00:00,continuous,90585.0,90600.0,90550.0,90599.9,6134723.361800002
2025-11-29 12:23:59.358000+00:00,2025-11-29 12:21:00+00:00,continuous,90599.9,90599.9,90526.2,90531.0,7368269.030899989
2025-11-29 12:26:58.801000+00:00,2025-11-29 12:24:00+00:00,continuous,90531.0,90538.3,90515.0,90515.0,5323582.506399994
2025-11-29 12:29:59.414000+00:00,2025-11-29 12:27:00+00:00,continuous,90515.0,90538.2,90503.9,90508.5,9400484.502299992
2025-11-29 12:32:59.901000+00:00,2025-11-29 12:30:00+00:00,continuous,90508.5,90550.0,90484.3,90538.1,8462727.367899988
2025-11-29 12:35:59.958000+00:00,2025-11-29 12:33:00+00:00,continuous,90538.2,90576.5,90538.1,90544.0,5761505.8129999945
2025-11-29 12:38:59.383000+00:00,2025-11-29 12:36:00+00:00,continuous,90543.7,90556.1,90503.7,90555.3,4937352.558100003
2025-11-29 12:41:58.623000+00:00,2025-11-29 12:39:00+00:00,continuous,90555.3,90575.9,90546.2,90566.2,3251377.4086000035
2025-11-29 12:44:58.475000+00:00,2025-11-29 12:42:00+00:00,continuous,90566.1,90583.3,90546.8,90582.5,2331933.804000002
2025-11-29 12:47:59.982000+00:00,2025-11-29 12:45:00+00:00,continuous,90582.5,90638.1,90567.0,90634.9,5498299.6803
2025-11-29 12:50:59.671000+00:00,2025-11-29 12:48:00+00:00,continuous,90634.9,90643.3,90589.6,90606.2,5559998.163900012
2025-11-29 12:53:59.696000+00:00,2025-11-29 12:51:00+00:00,continuous,90606.1,90676.3,90606.1,90651.8,5915435.480099997
2025-11-29 12:56:59.472000+00:00,2025-11-29 12:54:00+00:00,continuous,90651.8,90651.8,90601.4,90601.4,3573109.2492000004
2025-11-29 12:59:59.421000+00:00,2025-11-29 12:57:00+00:00,continuous,90601.4,90601.5,90572.5,90572.5,2269223.3611000013
2025-11-29 13:02:59.638000+00:00,2025-11-29 13:00:00+00:00,continuous,90572.6,90601.6,90548.0,90594.0,7764865.567600008
2025-11-29 13:05:59.739000+00:00,2025-11-29 13:03:00+00:00,continuous,90594.0,90650.0,90593.9,90638.3,5791105.038400003
2025-11-29 13:08:59.916000+00:00,2025-11-29 13:06:00+00:00,continuous,90638.4,90638.4,90581.0,90605.1,4388324.368199999
2025-11-29 13:11:59.835000+00:00,2025-11-29 13:09:00+00:00,continuous,90605.2,90605.2,90574.1,90597.7,3827973.836500002
2025-11-29 13:14:59.979000+00:00,2025-11-29 13:12:00+00:00,continuous,90597.7,90597.7,90567.7,90573.6,3853943.4502999983
2025-11-29 13:17:59.930000+00:00,2025-11-29 13:15:00+00:00,continuous,90573.7,90582.9,90543.8,90567.6,5855517.830400022
2025-11-29 13:20:59.775000+00:00,2025-11-29 13:18:00+00:00,continuous,90567.6,90690.8,90567.6,90690.1,22177571.949199993
2025-11-29 13:23:59.543000+00:00,2025-11-29 13:21:00+00:00,continuous,90690.1,90719.8,90653.0,90653.0,8430037.887299996
2025-11-29 13:26:59.247000+00:00,2025-11-29 13:24:00+00:00,continuous,90653.1,90689.8,90641.7,90668.7,4092335.226000006
2025-11-29 13:29:59.609000+00:00,2025-11-29 13:27:00+00:00,continuous,90668.8,90750.6,90666.3,90726.9,18052010.47340001
2025-11-29 13:32:59.732000+00:00,2025-11-29 13:30:00+00:00,continuous,90726.9,90769.8,90681.4,90688.7,18982641.368299995
2025-11-29 13:35:59.860000+00:00,2025-11-29 13:33:00+00:00,continuous,90688.8,90724.7,90657.1,90657.2,7488455.692400011
2025-11-29 13:38:59.353000+00:00,2025-11-29 13:36:00+00:00,continuous,90657.2,90677.9,90634.8,90665.0,4001366.3572999993
2025-11-29 13:41:59.982000+00:00,2025-11-29 13:39:00+00:00,continuous,90665.0,90677.8,90657.0,90668.3,3025631.2367
2025-11-29 13:44:59.861000+00:00,2025-11-29 13:42:00+00:00,continuous,90668.2,90713.5,90668.2,90697.7,7303465.517000003
2025-11-29 13:47:59.872000+00:00,2025-11-29 13:45:00+00:00,continuous,90697.7,90734.6,90697.7,90709.7,11790022.656300023
2025-11-29 13:50:59.889000+00:00,2025-11-29 13:48:00+00:00,continuous,90709.8,90758.1,90709.8,90751.4,8065202.399299999
2025-11-29 13:53:59.947000+00:00,2025-11-29 13:51:00+00:00,continuous,90751.3,90768.5,90729.4,90747.4,9605995.596799968
2025-11-29 13:56:59.917000+00:00,2025-11-29 13:54:00+00:00,continuous,90747.4,90757.9,90740.0,90747.4,5581172.404900009
2025-11-29 13:59:59.210000+00:00,2025-11-29 13:57:00+00:00,continuous,90747.5,90755.1,90717.4,90738.5,6034551.498299993
2025-11-29 14:02:59.650000+00:00,2025-11-29 14:00:00+00:00,continuous,90738.5,90738.5,90682.2,90685.8,7252325.510100007
2025-11-29 14:05:59.288000+00:00,2025-11-29 14:03:00+00:00,continuous,90685.9,90714.0,90681.3,90714.0,6067030.152600001
2025-11-29 14:08:59.735000+00:00,2025-11-29 14:06:00+00:00,continuous,90714.0,90714.0,90651.0,90684.0,7304034.244800006
2025-11-29 14:11:59.650000+00:00,2025-11-29 14:09:00+00:00,continuous,90684.0,90693.0,90633.2,90640.1,5172672.269899998
2025-11-29 14:14:59.301000+00:00,2025-11-29 14:12:00+00:00,continuous,90640.0,90695.6,90640.0,90695.6,4080851.901899994
2025-11-29 14:17:59.643000+00:00,2025-11-29 14:15:00+00:00,continuous,90695.5,90708.7,90641.6,90641.6,3576403.3566999994
2025-11-29 14:20:59.764000+00:00,2025-11-29 14:18:00+00:00,continuous,90641.7,90650.0,90613.2,90638.9,7829517.503100002
2025-11-29 14:23:59.943000+00:00,2025-11-29 14:21:00+00:00,continuous,90638.9,90647.5,90612.4,90612.4,3611575.1851999937
2025-11-29 14:26:59.865000+00:00,2025-11-29 14:24:00+00:00,continuous,90612.4,90632.3,90612.3,90617.4,6796931.267200004
2025-11-29 14:29:59.659000+00:00,2025-11-29 14:27:00+00:00,continuous,90617.3,90635.2,90614.0,90626.0,3343853.6419999995
2025-11-29 14:32:59.966000+00:00,2025-11-29 14:30:00+00:00,continuous,90626.0,90665.5,90625.9,90655.3,4957854.475400003
2025-11-29 14:35:59.923000+00:00,2025-11-29 14:33:00+00:00,continuous,90655.4,90673.4,90604.8,90615.0,7639425.867999993
2025-11-29 14:38:59.515000+00:00,2025-11-29 14:36:00+00:00,continuous,90615.0,90638.7,90600.0,90618.6,5726006.145000003
2025-11-29 14:41:59.853000+00:00,2025-11-29 14:39:00+00:00,continuous,90618.7,90634.6,90600.7,90600.7,4946480.1674999995
2025-11-29 14:44:59.878000+00:00,2025-11-29 14:42:00+00:00,continuous,90600.7,90644.4,90590.0,90626.6,5754641.693300005
2025-11-29 14:47:59.654000+00:00,2025-11-29 14:45:00+00:00,continuous,90626.5,90626.6,90584.8,90611.4,5681635.3572999975
2025-11-29 14:50:59.651000+00:00,2025-11-29 14:48:00+00:00,continuous,90611.5,90659.0,90611.5,90643.9,5173252.5653999895
2025-11-29 14:53:59.795000+00:00,2025-11-29 14:51:00+00:00,continuous,90644.0,90644.9,90596.3,90603.2,5296153.192999994
2025-11-29 14:56:59.952000+00:00,2025-11-29 14:54:00+00:00,continuous,90603.3,90624.3,90585.1,90588.2,5429923.645000001
2025-11-29 14:59:59.700000+00:00,2025-11-29 14:57:00+00:00,continuous,90588.1,90588.3,90572.8,90582.2,7789393.08819999
2025-11-29 15:02:59.660000+00:00,2025-11-29 15:00:00+00:00,continuous,90582.2,90632.9,90582.2,90632.8,5397551.936199994
2025-11-29 15:05:59.588000+00:00,2025-11-29 15:03:00+00:00,continuous,90632.9,90642.2,90595.7,90639.9,4998818.158000006
2025-11-29 15:08:59.450000+00:00,2025-11-29 15:06:00+00:00,continuous,90640.0,90650.6,90630.4,90632.4,4261707.418199997
2025-11-29 15:11:59.839000+00:00,2025-11-29 15:09:00+00:00,continuous,90632.4,90678.6,90632.4,90671.7,4042978.254999995
2025-11-29 15:14:59.519000+00:00,2025-11-29 15:12:00+00:00,continuous,90671.7,90722.2,90645.5,90714.1,6309606.071400005
2025-11-29 15:17:59.903000+00:00,2025-11-29 15:15:00+00:00,continuous,90714.0,90974.1,90714.0,90900.0,74820485.45350015
2025-11-29 15:20:59.750000+00:00,2025-11-29 15:18:00+00:00,continuous,90900.1,90923.8,90836.0,90898.9,26644117.796899978
2025-11-29 15:23:59.857000+00:00,2025-11-29 15:21:00+00:00,continuous,90899.0,91068.1,90898.9,90968.6,70538815.85940012
2025-11-29 15:26:59.627000+00:00,2025-11-29 15:24:00+00:00,continuous,90968.6,90968.7,90843.7,90843.7,27627653.06020005
2025-11-29 15:29:58.352000+00:00,2025-11-29 15:27:00+00:00,continuous,90843.7,90848.0,90816.5,90835.1,11016144.118400013
2025-11-29 15:32:59.558000+00:00,2025-11-29 15:30:00+00:00,continuous,90835.1,90893.3,90824.1,90857.4,12674383.3114
2025-11-29 15:35:59.541000+00:00,2025-11-29 15:33:00+00:00,continuous,90857.4,90903.6,90834.4,90849.9,15275339.963299973
2025-11-29 15:38:59.177000+00:00,2025-11-29 15:36:00+00:00,continuous,90849.9,90849.9,90796.0,90846.4,8797845.022499999
2025-11-29 15:41:59.958000+00:00,2025-11-29 15:39:00+00:00,continuous,90846.5,90867.2,90832.6,90835.6,6390512.239299995
2025-11-29 15:44:59.440000+00:00,2025-11-29 15:42:00+00:00,continuous,90835.6,90851.1,90828.5,90828.6,3615943.0677000014
2025-11-29 15:47:59.927000+00:00,2025-11-29 15:45:00+00:00,continuous,90828.6,90979.7,90828.5,90960.3,24800963.103700005
2025-11-29 15:50:59.892000+00:00,2025-11-29 15:48:00+00:00,continuous,90960.3,90990.1,90944.2,90967.0,11362150.636299992
2025-11-29 15:53:59.753000+00:00,2025-11-29 15:51:00+00:00,continuous,90966.9,90981.9,90951.0,90977.7,7421023.344499998
2025-11-29 15:56:59.981000+00:00,2025-11-29 15:54:00+00:00,continuous,90977.7,91008.8,90967.4,91008.2,17965838.418499965
2025-11-29 15:59:59.785000+00:00,2025-11-29 15:57:00+00:00,continuous,91008.2,91030.0,91006.9,91030.0,13496336.632299976
2025-11-29 16:02:59.710000+00:00,2025-11-29 16:00:00+00:00,continuous,91030.0,91034.7,90936.8,90990.1,12745015.886000006
2025-11-29 16:05:59.999000+00:00,2025-11-29 16:03:00+00:00,continuous,90990.1,91027.5,90960.0,91027.5,9453908.119899983
2025-11-29 16:08:59.925000+00:00,2025-11-29 16:06:00+00:00,continuous,91027.4,91045.8,90907.7,90907.7,12961424.225099992
2025-11-29 16:11:59.376000+00:00,2025-11-29 16:09:00+00:00,continuous,90907.8,90987.3,90907.7,90987.2,12846753.387800006
2025-11-29 16:14:59.337000+00:00,2025-11-29 16:12:00+00:00,continuous,90987.3,91025.7,90957.5,90964.2,8819771.383699987
2025-11-29 16:17:59.823000+00:00,2025-11-29 16:15:00+00:00,continuous,90964.2,91044.7,90942.3,91044.3,9283338.989900023
2025-11-29 16:20:59.936000+00:00,2025-11-29 16:18:00+00:00,continuous,91044.4,91110.8,91030.5,91109.0,17581481.023099963
2025-11-29 16:23:59.770000+00:00,2025-11-29 16:21:00+00:00,continuous,91109.0,91130.0,91020.5,91031.2,23113661.19169999
2025-11-29 16:26:59.916000+00:00,2025-11-29 16:24:00+00:00,continuous,91031.2,91040.5,90873.6,90886.5,22738524.984400053
2025-11-29 16:29:59.905000+00:00,2025-11-29 16:27:00+00:00,continuous,90886.5,90886.6,90824.8,90868.5,16357330.343799999
2025-11-29 16:32:59.486000+00:00,2025-11-29 16:30:00+00:00,continuous,90868.6,90916.7,90868.6,90895.9,9023983.70670001
2025-11-29 16:35:59.463000+00:00,2025-11-29 16:33:00+00:00,continuous,90895.9,90931.2,90865.9,90887.9,8227585.171299997
2025-11-29 16:38:59.743000+00:00,2025-11-29 16:36:00+00:00,continuous,90887.9,90921.7,90867.6,90867.7,5603717.334999995
2025-11-29 16:41:59.570000+00:00,2025-11-29 16:39:00+00:00,continuous,90867.8,90916.1,90867.7,90885.6,4603910.835699996
2025-11-29 16:44:59.694000+00:00,2025-11-29 16:42:00+00:00,continuous,90885.5,90905.0,90885.5,90894.1,3249585.7272999994
2025-11-29 16:47:59.972000+00:00,2025-11-29 16:45:00+00:00,continuous,90894.1,90894.1,90821.4,90860.9,9915146.605899999
2025-11-29 16:50:59.856000+00:00,2025-11-29 16:48:00+00:00,continuous,90861.0,90861.5,90826.5,90861.4,5412739.826499995
2025-11-29 16:53:59.951000+00:00,2025-11-29 16:51:00+00:00,continuous,90861.4,90979.2,90861.4,90965.6,9806323.055099994
2025-11-29 16:56:59.183000+00:00,2025-11-29 16:54:00+00:00,continuous,90965.7,90976.8,90951.1,90951.2,8013634.191499999
2025-11-29 16:59:59.186000+00:00,2025-11-29 16:57:00+00:00,continuous,90951.2,90971.1,90951.1,90962.1,3789319.9805999994
2025-11-29 17:02:59.838000+00:00,2025-11-29 17:00:00+00:00,continuous,90962.1,90985.0,90955.8,90978.7,4505345.770099994
2025-11-29 17:05:59.810000+00:00,2025-11-29 17:03:00+00:00,continuous,90978.7,90978.7,90894.7,90913.6,9355811.21769999
2025-11-29 17:08:59.225000+00:00,2025-11-29 17:06:00+00:00,continuous,90913.6,90913.6,90819.8,90822.6,7646350.890400005
2025-11-29 17:11:59.775000+00:00,2025-11-29 17:09:00+00:00,continuous,90822.6,90830.0,90751.1,90751.1,21453536.4025
2025-11-29 17:14:59.977000+00:00,2025-11-29 17:12:00+00:00,continuous,90751.1,90751.2,90661.0,90667.4,24921876.47569998
2025-11-29 17:17:59.685000+00:00,2025-11-29 17:15:00+00:00,continuous,90667.4,90739.0,90539.3,90664.2,54695445.60539994
2025-11-29 17:20:59.875000+00:00,2025-11-29 17:18:00+00:00,continuous,90664.2,90704.8,90603.9,90657.6,16164308.306399975
2025-11-29 17:23:59.966000+00:00,2025-11-29 17:21:00+00:00,continuous,90657.7,90660.7,90592.4,90652.1,12200392.341400014
2025-11-29 17:26:59.407000+00:00,2025-11-29 17:24:00+00:00,continuous,90652.1,90694.7,90614.2,90645.3,7673244.187500004
2025-11-29 17:29:59.866000+00:00,2025-11-29 17:27:00+00:00,continuous,90645.3,90683.2,90638.0,90670.1,4499227.932900007
2025-11-29 17:32:59.688000+00:00,2025-11-29 17:30:00+00:00,continuous,90670.0,90670.1,90592.1,90592.2,5964977.48689999
2025-11-29 17:35:59.977000+00:00,2025-11-29 17:33:00+00:00,continuous,90592.2,90592.2,90391.9,90519.4,70677614.22610012
2025-11-29 17:38:59.781000+00:00,2025-11-29 17:36:00+00:00,continuous,90519.2,90594.4,90508.5,90566.3,13794138.019000007
2025-11-29 17:41:59.878000+00:00,2025-11-29 17:39:00+00:00,continuous,90566.3,90597.6,90551.2,90556.1,15522142.423600001
2025-11-29 17:44:59.970000+00:00,2025-11-29 17:42:00+00:00,continuous,90556.1,90580.7,90529.0,90529.0,7891569.292199994
2025-11-29 17:47:59.878000+00:00,2025-11-29 17:45:00+00:00,continuous,90529.0,90582.3,90479.0,90497.0,12050992.100099994
2025-11-29 17:50:59.408000+00:00,2025-11-29 17:48:00+00:00,continuous,90497.1,90514.0,90402.8,90439.9,21732634.37170003
2025-11-29 17:53:59.521000+00:00,2025-11-29 17:51:00+00:00,continuous,90439.9,90506.6,90435.0,90499.5,9110517.787500007
2025-11-29 17:56:59.985000+00:00,2025-11-29 17:54:00+00:00,continuous,90499.4,90499.5,90400.0,90436.5,22409818.68639999
2025-11-29 17:59:59.825000+00:00,2025-11-29 17:57:00+00:00,continuous,90436.5,90451.9,90381.1,90381.2,21627415.02120002
2025-11-29 18:02:59.960000+00:00,2025-11-29 18:00:00+00:00,continuous,90381.1,90466.5,90335.2,90390.3,34336831.53910014
2025-11-29 18:05:59.803000+00:00,2025-11-29 18:03:00+00:00,continuous,90390.2,90495.1,90314.6,90376.1,48740752.52819999
2025-11-29 18:08:59.913000+00:00,2025-11-29 18:06:00+00:00,continuous,90376.0,90509.3,90376.0,90463.6,23774137.908900004
2025-11-29 18:11:59.079000+00:00,2025-11-29 18:09:00+00:00,continuous,90463.5,90492.4,90451.7,90492.3,6941645.7268
2025-11-29 18:14:59.908000+00:00,2025-11-29 18:12:00+00:00,continuous,90492.4,90492.4,90092.7,90328.9,154906178.75150016
2025-11-29 18:17:59.681000+00:00,2025-11-29 18:15:00+00:00,continuous,90328.9,90475.2,90283.1,90295.1,43118605.802400246
2025-11-29 18:20:59.902000+00:00,2025-11-29 18:18:00+00:00,continuous,90295.2,90324.5,90150.0,90324.5,32673629.422600016
2025-11-29 18:23:59.809000+00:00,2025-11-29 18:21:00+00:00,continuous,90324.5,90333.0,90273.5,90273.5,8940618.512300001
2025-11-29 18:26:59.670000+00:00,2025-11-29 18:24:00+00:00,continuous,90273.5,90283.1,90229.2,90236.6,11420963.95969999
2025-11-29 18:29:59.985000+00:00,2025-11-29 18:27:00+00:00,continuous,90236.5,90252.9,90181.7,90252.8,14701980.876100013
2025-11-29 18:32:59.573000+00:00,2025-11-29 18:30:00+00:00,continuous,90252.9,90282.6,90166.1,90266.0,13770286.226800002
2025-11-29 18:35:59.664000+00:00,2025-11-29 18:33:00+00:00,continuous,90266.1,90398.0,90257.2,90306.8,25127645.454800047
2025-11-29 18:38:59.724000+00:00,2025-11-29 18:36:00+00:00,continuous,90306.7,90455.0,90306.7,90440.6,31592544.510300044
2025-11-29 18:41:59.661000+00:00,2025-11-29 18:39:00+00:00,continuous,90440.6,90450.0,90402.5,90420.1,7686208.131099999
2025-11-29 18:44:59.666000+00:00,2025-11-29 18:42:00+00:00,continuous,90420.0,90602.9,90406.6,90540.4,63732359.26989995
2025-11-29 18:47:59.878000+00:00,2025-11-29 18:45:00+00:00,continuous,90540.4,90640.0,90513.6,90527.6,31787222.3738
2025-11-29 18:50:59.329000+00:00,2025-11-29 18:48:00+00:00,continuous,90527.7,90595.7,90527.6,90595.6,11301554.504399976
2025-11-29 18:53:59.984000+00:00,2025-11-29 18:51:00+00:00,continuous,90595.7,90681.5,90595.6,90642.4,18994354.71760001
2025-11-29 18:56:59.666000+00:00,2025-11-29 18:54:00+00:00,continuous,90642.3,90674.1,90594.8,90639.7,9127348.9497
2025-11-29 18:59:59.794000+00:00,2025-11-29 18:57:00+00:00,continuous,90639.7,90685.9,90628.7,90652.9,14354415.82430002
2025-11-29 19:02:59.903000+00:00,2025-11-29 19:00:00+00:00,continuous,90652.9,90679.1,90594.0,90597.5,14271029.808099993
2025-11-29 19:05:59.859000+00:00,2025-11-29 19:03:00+00:00,continuous,90597.4,90688.0,90563.6,90683.6,13225313.447600001
2025-11-29 19:08:58.031000+00:00,2025-11-29 19:06:00+00:00,continuous,90683.6,90713.5,90642.3,90669.9,10302607.793999998
2025-11-29 19:11:59.919000+00:00,2025-11-29 19:09:00+00:00,continuous,90670.0,90738.8,90669.9,90736.1,12922460.45590001
2025-11-29 19:14:59.846000+00:00,2025-11-29 19:12:00+00:00,continuous,90736.2,90755.1,90688.0,90688.0,9331702.448199991
2025-11-29 19:17:59.892000+00:00,2025-11-29 19:15:00+00:00,continuous,90688.0,90733.6,90657.4,90726.1,4899392.449700008
2025-11-29 19:20:58.612000+00:00,2025-11-29 19:18:00+00:00,continuous,90726.0,90734.8,90683.9,90722.8,6658307.570699996
2025-11-29 19:23:59.659000+00:00,2025-11-29 19:21:00+00:00,continuous,90722.8,90788.8,90712.9,90724.1,7632276.101400004
2025-11-29 19:26:59.834000+00:00,2025-11-29 19:24:00+00:00,continuous,90724.1,90788.4,90724.1,90788.4,8257493.411700012
2025-11-29 19:29:58.431000+00:00,2025-11-29 19:27:00+00:00,continuous,90788.4,90819.9,90771.1,90771.2,7050112.540299992
2025-11-29 19:32:59.660000+00:00,2025-11-29 19:30:00+00:00,continuous,90771.1,90791.1,90690.2,90697.4,7699468.839199994
2025-11-29 19:35:59.967000+00:00,2025-11-29 19:33:00+00:00,continuous,90697.5,90707.0,90633.2,90660.7,7409125.56719999
2025-11-29 19:38:59.918000+00:00,2025-11-29 19:36:00+00:00,continuous,90660.7,90675.0,90625.7,90647.0,6624959.776900003
2025-11-29 19:41:59.454000+00:00,2025-11-29 19:39:00+00:00,continuous,90647.0,90670.7,90581.7,90597.7,9150183.412100002
2025-11-29 19:44:59.169000+00:00,2025-11-29 19:42:00+00:00,continuous,90597.8,90627.3,90595.6,90602.1,5226406.635499998
2025-11-29 19:47:59.933000+00:00,2025-11-29 19:45:00+00:00,continuous,90602.1,90640.9,90583.1,90583.9,5787533.766200006
2025-11-29 19:50:59.762000+00:00,2025-11-29 19:48:00+00:00,continuous,90584.0,90600.7,90562.7,90562.7,6737362.073599995
2025-11-29 19:53:58.194000+00:00,2025-11-29 19:51:00+00:00,continuous,90562.7,90625.4,90562.7,90625.4,3431854.6348000024
2025-11-29 19:56:58.206000+00:00,2025-11-29 19:54:00+00:00,continuous,90625.4,90625.4,90583.9,90607.2,3272369.1255999976
2025-11-29 19:59:59.681000+00:00,2025-11-29 19:57:00+00:00,continuous,90607.2,90638.5,90602.4,90602.9,6165499.422600002
2025-11-29 20:02:59.572000+00:00,2025-11-29 20:00:00+00:00,continuous,90602.9,90603.0,90519.5,90519.8,9225877.0189
2025-11-29 20:05:59.905000+00:00,2025-11-29 20:03:00+00:00,continuous,90519.7,90519.8,90410.0,90410.0,61018260.06649995
2025-11-29 20:08:59.936000+00:00,2025-11-29 20:06:00+00:00,continuous,90410.0,90427.3,90363.0,90363.1,15443878.181499982
2025-11-29 20:11:59.234000+00:00,2025-11-29 20:09:00+00:00,continuous,90363.0,90480.0,90363.0,90457.4,12256614.292199988
2025-11-29 20:14:59.689000+00:00,2025-11-29 20:12:00+00:00,continuous,90457.4,90457.5,90398.8,90419.5,5223261.340999997
2025-11-29 20:17:59.145000+00:00,2025-11-29 20:15:00+00:00,continuous,90419.5,90514.7,90396.0,90447.2,17941897.443900008
2025-11-29 20:20:59.922000+00:00,2025-11-29 20:18:00+00:00,continuous,90447.3,90531.6,90437.4,90514.3,4545553.277600006
2025-11-29 20:23:59.890000+00:00,2025-11-29 20:21:00+00:00,continuous,90514.3,90567.9,90513.8,90536.0,4483316.7895
2025-11-29 20:26:58.994000+00:00,2025-11-29 20:24:00+00:00,continuous,90536.1,90573.2,90513.8,90551.6,4837841.599700005
2025-11-29 20:29:59.819000+00:00,2025-11-29 20:27:00+00:00,continuous,90551.7,90654.2,90551.7,90612.1,10612719.602699999
2025-11-29 20:32:59.803000+00:00,2025-11-29 20:30:00+00:00,continuous,90612.2,90678.0,90600.0,90616.0,7600587.682000007
2025-11-29 20:35:59.933000+00:00,2025-11-29 20:33:00+00:00,continuous,90616.0,90708.5,90610.6,90708.5,6752161.431199997
2025-11-29 20:38:59.132000+00:00,2025-11-29 20:36:00+00:00,continuous,90708.5,90713.2,90639.8,90639.8,4459620.002400001
2025-11-29 20:41:59.620000+00:00,2025-11-29 20:39:00+00:00,continuous,90639.8,90665.4,90623.9,90623.9,4195337.541899996
2025-11-29 20:44:59.052000+00:00,2025-11-29 20:42:00+00:00,continuous,90624.0,90791.5,90623.9,90774.3,29743407.314699963
2025-11-29 20:47:59.916000+00:00,2025-11-29 20:45:00+00:00,continuous,90774.3,90817.2,90742.3,90759.1,39328881.265599966
2025-11-29 20:50:59.502000+00:00,2025-11-29 20:48:00+00:00,continuous,90759.1,90899.0,90759.1,90899.0,36837636.871700026
2025-11-29 20:53:59.727000+00:00,2025-11-29 20:51:00+00:00,continuous,90899.0,90919.4,90867.6,90867.7,18456571.775900036
2025-11-29 20:56:59.933000+00:00,2025-11-29 20:54:00+00:00,continuous,90867.6,90934.2,90863.1,90925.3,6565844.178600003
2025-11-29 20:59:59.827000+00:00,2025-11-29 20:57:00+00:00,continuous,90925.3,91007.4,90921.7,90921.7,46368477.07920006
2025-11-29 21:02:59.787000+00:00,2025-11-29 21:00:00+00:00,continuous,90921.8,90983.2,90853.7,90854.2,16553775.172000006
2025-11-29 21:05:59.986000+00:00,2025-11-29 21:03:00+00:00,continuous,90854.2,90870.0,90833.5,90870.0,6234652.335699997
2025-11-29 21:08:58.805000+00:00,2025-11-29 21:06:00+00:00,continuous,90870.0,90886.4,90800.0,90800.1,5945099.736700004
2025-11-29 21:11:59.709000+00:00,2025-11-29 21:09:00+00:00,continuous,90800.0,90829.9,90781.0,90781.2,8577780.064400008
2025-11-29 21:14:59.595000+00:00,2025-11-29 21:12:00+00:00,continuous,90781.2,90841.6,90781.2,90819.8,6384792.509099994
2025-11-29 21:17:59.420000+00:00,2025-11-29 21:15:00+00:00,continuous,90819.9,90878.1,90804.3,90813.6,7574282.240399999
2025-11-29 21:20:59.526000+00:00,2025-11-29 21:18:00+00:00,continuous,90813.6,90840.8,90773.6,90839.8,7626075.495399993
2025-11-29 21:23:59.680000+00:00,2025-11-29 21:21:00+00:00,continuous,90839.8,90944.2,90839.8,90876.2,16269350.085099991
2025-11-29 21:26:59.657000+00:00,2025-11-29 21:24:00+00:00,continuous,90876.1,90939.3,90876.1,90935.0,6541134.211099997
2025-11-29 21:29:59.963000+00:00,2025-11-29 21:27:00+00:00,continuous,90935.0,90935.0,90891.6,90908.6,2458939.257400002
2025-11-29 21:32:59.947000+00:00,2025-11-29 21:30:00+00:00,continuous,90908.6,90931.0,90873.5,90931.0,4718806.031499998
2025-11-29 21:35:59.480000+00:00,2025-11-29 21:33:00+00:00,continuous,90931.0,90961.7,90910.0,90961.7,10726184.0297
2025-11-29 21:38:59.057000+00:00,2025-11-29 21:36:00+00:00,continuous,90961.7,90970.0,90934.9,90967.7,7074724.656999996
2025-11-29 21:41:59.897000+00:00,2025-11-29 21:39:00+00:00,continuous,90967.7,91010.0,90950.8,90950.8,19934690.847999945
2025-11-29 21:44:59.433000+00:00,2025-11-29 21:42:00+00:00,continuous,90950.9,91020.0,90936.9,90989.9,23192055.057000004
2025-11-29 21:47:59.339000+00:00,2025-11-29 21:45:00+00:00,continuous,90990.0,91014.0,90963.2,91010.1,11300885.239699997
2025-11-29 21:50:59.518000+00:00,2025-11-29 21:48:00+00:00,continuous,91010.1,91010.1,90907.6,90924.2,6780908.1836
2025-11-29 21:53:59.909000+00:00,2025-11-29 21:51:00+00:00,continuous,90924.2,90977.4,90892.0,90945.1,6685014.844100009
2025-11-29 21:56:59.185000+00:00,2025-11-29 21:54:00+00:00,continuous,90945.1,90993.1,90945.1,90981.0,3500489.9442000007
2025-11-29 21:59:59.817000+00:00,2025-11-29 21:57:00+00:00,continuous,90980.9,90991.5,90946.8,90970.0,2994347.0761999977
2025-11-29 22:02:59.788000+00:00,2025-11-29 22:00:00+00:00,continuous,90970.0,90970.0,90887.2,90923.9,21924378.712099984
2025-11-29 22:05:59.640000+00:00,2025-11-29 22:03:00+00:00,continuous,90923.8,90930.3,90836.5,90841.9,7085000.374100002
2025-11-29 22:08:59.421000+00:00,2025-11-29 22:06:00+00:00,continuous,90841.9,90884.7,90838.4,90871.1,2807081.929199995
2025-11-29 22:11:58.488000+00:00,2025-11-29 22:09:00+00:00,continuous,90871.1,90871.2,90856.0,90862.2,2128022.5099000013
2025-11-29 22:14:59.907000+00:00,2025-11-29 22:12:00+00:00,continuous,90862.2,90862.2,90686.4,90711.5,9720428.802900003
2025-11-29 22:17:59.964000+00:00,2025-11-29 22:15:00+00:00,continuous,90711.5,90775.3,90711.5,90768.0,5803946.230099993
2025-11-29 22:20:59.716000+00:00,2025-11-29 22:18:00+00:00,continuous,90768.0,90786.9,90686.1,90686.1,5018829.357699999
2025-11-29 22:23:59.679000+00:00,2025-11-29 22:21:00+00:00,continuous,90686.1,90724.5,90676.5,90724.5,7134182.742100006
2025-11-29 22:26:59.766000+00:00,2025-11-29 22:24:00+00:00,continuous,90724.4,90735.2,90666.6,90678.4,7000643.362299988
2025-11-29 22:29:59.604000+00:00,2025-11-29 22:27:00+00:00,continuous,90678.4,90724.7,90678.4,90694.0,4531395.098700002
2025-11-29 22:32:56.967000+00:00,2025-11-29 22:30:00+00:00,continuous,90694.1,90741.1,90666.0,90737.8,10383585.730599998
2025-11-29 22:35:59.465000+00:00,2025-11-29 22:33:00+00:00,continuous,90737.8,90764.8,90727.7,90764.7,2845795.7364000003
2025-11-29 22:38:59.584000+00:00,2025-11-29 22:36:00+00:00,continuous,90764.7,90809.4,90753.0,90799.5,5195661.764099998
2025-11-29 22:41:59.359000+00:00,2025-11-29 22:39:00+00:00,continuous,90799.6,90821.6,90760.0,90778.5,2394461.4719000016
2025-11-29 22:44:59.583000+00:00,2025-11-29 22:42:00+00:00,continuous,90778.4,90873.6,90778.4,90853.1,4160736.9294999954
2025-11-29 22:47:59.943000+00:00,2025-11-29 22:45:00+00:00,continuous,90853.1,90886.5,90711.0,90730.1,7419862.811799999
2025-11-29 22:50:58.498000+00:00,2025-11-29 22:48:00+00:00,continuous,90730.2,90781.9,90730.2,90775.9,3372373.0201999987
2025-11-29 22:53:59.148000+00:00,2025-11-29 22:51:00+00:00,continuous,90775.8,90775.9,90720.8,90766.9,2502792.549399999
2025-11-29 22:56:59.408000+00:00,2025-11-29 22:54:00+00:00,continuous,90767.0,90805.9,90761.4,90776.7,2331105.3350999993
2025-11-29 22:59:59.566000+00:00,2025-11-29 22:57:00+00:00,continuous,90776.6,90779.4,90685.0,90717.2,6201292.247799996
2025-11-29 23:02:58.434000+00:00,2025-11-29 23:00:00+00:00,continuous,90717.2,90768.6,90701.8,90729.1,3704980.993899999
2025-11-29 23:05:59.971000+00:00,2025-11-29 23:03:00+00:00,continuous,90729.0,90745.6,90690.3,90725.8,3854713.4173999974
2025-11-29 23:08:59.929000+00:00,2025-11-29 23:06:00+00:00,continuous,90725.8,90767.2,90671.4,90674.3,4164436.108300004
2025-11-29 23:11:59.554000+00:00,2025-11-29 23:09:00+00:00,continuous,90674.2,90691.4,90653.0,90691.4,3249189.6760999938
2025-11-29 23:14:59.322000+00:00,2025-11-29 23:12:00+00:00,continuous,90691.3,90691.4,90667.0,90677.0,1680158.1607000006
2025-11-29 23:17:59.832000+00:00,2025-11-29 23:15:00+00:00,continuous,90677.0,90714.1,90666.8,90714.0,2842012.7985000014
2025-11-29 23:20:59.794000+00:00,2025-11-29 23:18:00+00:00,continuous,90714.0,90738.0,90704.4,90738.0,2090340.0374000014
2025-11-29 23:23:59.035000+00:00,2025-11-29 23:21:00+00:00,continuous,90738.0,90799.9,90737.9,90799.9,4237601.860300002
2025-11-29 23:26:59.919000+00:00,2025-11-29 23:24:00+00:00,continuous,90799.9,90849.0,90792.3,90818.3,4337781.932999995
2025-11-29 23:29:59.988000+00:00,2025-11-29 23:27:00+00:00,continuous,90818.2,90818.3,90778.5,90778.5,2798429.864700003
2025-11-29 23:32:59.479000+00:00,2025-11-29 23:30:00+00:00,continuous,90778.5,90822.9,90778.5,90814.9,2361431.2510999986
2025-11-29 23:35:59.580000+00:00,2025-11-29 23:33:00+00:00,continuous,90814.7,90814.7,90775.7,90786.9,4706657.331800003
2025-11-29 23:38:57.650000+00:00,2025-11-29 23:36:00+00:00,continuous,90786.9,90835.0,90779.1,90834.9,4089341.9302000008
2025-11-29 23:41:57.509000+00:00,2025-11-29 23:39:00+00:00,continuous,90834.8,90859.2,90791.1,90791.2,8934820.837799983
2025-11-29 23:44:58.007000+00:00,2025-11-29 23:42:00+00:00,continuous,90791.1,90827.1,90781.2,90812.8,1959900.211600002
2025-11-29 23:47:59.759000+00:00,2025-11-29 23:45:00+00:00,continuous,90812.7,90812.8,90780.9,90792.7,5907379.085300012
2025-11-29 23:50:59.547000+00:00,2025-11-29 23:48:00+00:00,continuous,90792.7,90802.7,90713.9,90735.4,7281840.070100006
2025-11-29 23:53:59.767000+00:00,2025-11-29 23:51:00+00:00,continuous,90735.4,90806.5,90735.4,90806.5,3914030.2891999967
2025-11-29 23:56:58.902000+00:00,2025-11-29 23:54:00+00:00,continuous,90806.5,90806.5,90769.6,90790.0,4236756.637500002
2025-11-29 23:59:59.889000+00:00,2025-11-29 23:57:00+00:00,continuous,90789.9,90809.6,90757.8,90765.0,4585939.9031000035
2025-11-30 00:02:59.795000+00:00,2025-11-30 00:00:00+00:00,continuous,90764.9,90796.3,90730.0,90734.2,10046958.691300003
2025-11-30 00:05:59.802000+00:00,2025-11-30 00:03:00+00:00,continuous,90734.3,90822.7,90734.2,90821.8,9459481.870599998
2025-11-30 00:08:59.828000+00:00,2025-11-30 00:06:00+00:00,continuous,90821.8,90856.5,90821.8,90853.0,11109361.083400002
2025-11-30 00:11:59.275000+00:00,2025-11-30 00:09:00+00:00,continuous,90853.0,90884.8,90832.5,90832.6,6082025.138399989
2025-11-30 00:14:59.823000+00:00,2025-11-30 00:12:00+00:00,continuous,90832.6,90875.3,90808.3,90851.6,4910172.437199998
2025-11-30 00:17:59.724000+00:00,2025-11-30 00:15:00+00:00,continuous,90851.7,90907.3,90816.9,90907.2,5952434.632499999
2025-11-30 00:20:58.377000+00:00,2025-11-30 00:18:00+00:00,continuous,90907.2,90907.3,90825.8,90825.8,8622013.249
2025-11-30 00:23:58.143000+00:00,2025-11-30 00:21:00+00:00,continuous,90825.9,90837.1,90814.5,90820.5,5255980.068200008
2025-11-30 00:26:53.981000+00:00,2025-11-30 00:24:00+00:00,continuous,90820.5,90850.8,90801.1,90849.8,3664673.247600001
2025-11-30 00:29:57.707000+00:00,2025-11-30 00:27:00+00:00,continuous,90849.9,90867.8,90829.1,90829.1,4863691.3399000075
2025-11-30 00:32:58.449000+00:00,2025-11-30 00:30:00+00:00,continuous,90829.2,90846.6,90811.3,90846.6,3422338.5202000015
2025-11-30 00:35:59.959000+00:00,2025-11-30 00:33:00+00:00,continuous,90846.6,90846.6,90790.0,90790.0,4327086.883799997
2025-11-30 00:38:59.964000+00:00,2025-11-30 00:36:00+00:00,continuous,90790.1,90818.4,90774.5,90774.6,4360603.036299998
2025-11-30 00:41:59.703000+00:00,2025-11-30 00:39:00+00:00,continuous,90774.5,90867.9,90774.5,90834.9,4094560.1027999963
2025-11-30 00:44:59.648000+00:00,2025-11-30 00:42:00+00:00,continuous,90834.9,90834.9,90809.8,90829.2,1741109.1401999993
2025-11-30 00:47:59.912000+00:00,2025-11-30 00:45:00+00:00,continuous,90829.2,90829.2,90782.6,90782.9,3604401.2302000006
2025-11-30 00:50:58.580000+00:00,2025-11-30 00:48:00+00:00,continuous,90782.7,90801.9,90774.1,90801.9,1405770.5574000014
2025-11-30 00:53:59.818000+00:00,2025-11-30 00:51:00+00:00,continuous,90801.9,90819.7,90792.0,90792.0,2245183.407600001
2025-11-30 00:56:57.625000+00:00,2025-11-30 00:54:00+00:00,continuous,90792.0,90839.7,90792.0,90839.6,2447407.1881
2025-11-30 00:59:59.828000+00:00,2025-11-30 00:57:00+00:00,continuous,90839.7,90859.9,90839.6,90853.6,5072291.633800004
2025-11-30 01:02:59.982000+00:00,2025-11-30 01:00:00+00:00,continuous,90853.6,90877.5,90825.9,90877.5,2898396.7413000003
2025-11-30 01:05:59.699000+00:00,2025-11-30 01:03:00+00:00,continuous,90877.5,90989.8,90877.4,90989.8,11898802.220700003
2025-11-30 01:08:59.450000+00:00,2025-11-30 01:06:00+00:00,continuous,90989.7,90989.8,90944.9,90965.3,18884035.792600024
2025-11-30 01:11:59.465000+00:00,2025-11-30 01:09:00+00:00,continuous,90965.4,90982.0,90951.3,90976.9,5023055.143299996
2025-11-30 01:14:59.541000+00:00,2025-11-30 01:12:00+00:00,continuous,90977.0,90986.6,90949.8,90966.2,7002096.301999991
2025-11-30 01:17:59.852000+00:00,2025-11-30 01:15:00+00:00,continuous,90966.1,90999.0,90966.1,90999.0,7615761.257900004
2025-11-30 01:20:59.778000+00:00,2025-11-30 01:18:00+00:00,continuous,90998.9,91016.0,90912.6,90948.7,15120695.206499973
2025-11-30 01:23:59.886000+00:00,2025-11-30 01:21:00+00:00,continuous,90948.7,90958.3,90914.4,90943.7,3758122.2556999954
2025-11-30 01:26:59.838000+00:00,2025-11-30 01:24:00+00:00,continuous,90943.8,90943.8,90869.5,90869.6,8153247.328599992
2025-11-30 01:29:59.661000+00:00,2025-11-30 01:27:00+00:00,continuous,90869.5,90916.8,90869.5,90916.8,3570108.0466999994
2025-11-30 01:32:59.369000+00:00,2025-11-30 01:30:00+00:00,continuous,90916.8,90980.7,90903.8,90956.6,7301473.651999999
2025-11-30 01:35:59.143000+00:00,2025-11-30 01:33:00+00:00,continuous,90956.7,90968.9,90941.4,90962.9,3375200.425500002
2025-11-30 01:38:59.548000+00:00,2025-11-30 01:36:00+00:00,continuous,90963.0,90976.9,90941.5,90963.0,3312012.781199998
2025-11-30 01:41:59.929000+00:00,2025-11-30 01:39:00+00:00,continuous,90962.9,90963.0,90921.7,90944.9,5970487.207599994
2025-11-30 01:44:59.353000+00:00,2025-11-30 01:42:00+00:00,continuous,90944.9,90945.0,90888.0,90926.1,4910561.3955
2025-11-30 01:47:59.172000+00:00,2025-11-30 01:45:00+00:00,continuous,90926.1,90926.2,90872.5,90872.5,2618765.227499997
2025-11-30 01:50:59.615000+00:00,2025-11-30 01:48:00+00:00,continuous,90872.6,90916.7,90872.5,90904.3,2818746.0172999995
2025-11-30 01:53:59.937000+00:00,2025-11-30 01:51:00+00:00,continuous,90904.3,90904.3,90854.0,90871.8,4830230.708099999
2025-11-30 01:56:57.493000+00:00,2025-11-30 01:54:00+00:00,continuous,90871.8,90878.5,90860.6,90860.6,1836972.8194999995
2025-11-30 01:59:59.602000+00:00,2025-11-30 01:57:00+00:00,continuous,90860.6,90895.7,90860.6,90866.0,2803190.6085000024
2025-11-30 02:02:59.632000+00:00,2025-11-30 02:00:00+00:00,continuous,90866.0,90921.2,90866.0,90920.6,3828349.5193999973
2025-11-30 02:05:59.711000+00:00,2025-11-30 02:03:00+00:00,continuous,90920.6,90954.9,90917.8,90938.4,4121889.771500001
2025-11-30 02:08:59.984000+00:00,2025-11-30 02:06:00+00:00,continuous,90938.4,90975.7,90938.3,90973.1,5426485.240500008
2025-11-30 02:11:59.999000+00:00,2025-11-30 02:09:00+00:00,continuous,90973.0,90994.1,90931.3,90931.3,4815650.078300002
2025-11-30 02:14:59.924000+00:00,2025-11-30 02:12:00+00:00,continuous,90931.0,90931.0,90900.5,90900.5,2596905.0980999996
2025-11-30 02:17:59.927000+00:00,2025-11-30 02:15:00+00:00,continuous,90900.6,90914.9,90859.2,90859.2,6668392.901800018
2025-11-30 02:20:59.808000+00:00,2025-11-30 02:18:00+00:00,continuous,90859.3,90905.8,90859.2,90864.0,6191531.208499991
2025-11-30 02:23:59.319000+00:00,2025-11-30 02:21:00+00:00,continuous,90863.9,90950.0,90863.9,90929.6,3887967.3674999964
2025-11-30 02:26:59.564000+00:00,2025-11-30 02:24:00+00:00,continuous,90929.6,90948.4,90872.0,90878.5,4369991.899099997
2025-11-30 02:29:58.709000+00:00,2025-11-30 02:27:00+00:00,continuous,90878.5,90917.1,90870.5,90914.4,2004902.5034000017
2025-11-30 02:32:59.740000+00:00,2025-11-30 02:30:00+00:00,continuous,90914.4,90938.3,90904.6,90938.3,2284293.815100002
2025-11-30 02:35:59.994000+00:00,2025-11-30 02:33:00+00:00,continuous,90938.3,90950.0,90930.0,90933.8,3244808.8656000034
2025-11-30 02:38:59.218000+00:00,2025-11-30 02:36:00+00:00,continuous,90933.7,90933.8,90824.8,90830.2,8530049.73139999
2025-11-30 02:41:59.693000+00:00,2025-11-30 02:39:00+00:00,continuous,90830.2,90847.3,90783.8,90799.9,5883414.068900001
2025-11-30 02:44:59.036000+00:00,2025-11-30 02:42:00+00:00,continuous,90800.0,90814.5,90781.1,90810.0,5060908.9710999895
2025-11-30 02:47:59.807000+00:00,2025-11-30 02:45:00+00:00,continuous,90810.0,90828.1,90770.0,90814.5,4304310.354500005
2025-11-30 02:50:59.837000+00:00,2025-11-30 02:48:00+00:00,continuous,90814.6,90814.6,90784.8,90800.9,2618055.643999999
2025-11-30 02:53:59.591000+00:00,2025-11-30 02:51:00+00:00,continuous,90801.0,90823.5,90719.6,90744.9,9893843.1699
2025-11-30 02:56:59.643000+00:00,2025-11-30 02:54:00+00:00,continuous,90744.9,90745.0,90700.0,90729.9,11323371.443999995
2025-11-30 02:59:59.497000+00:00,2025-11-30 02:57:00+00:00,continuous,90729.9,90745.2,90714.5,90745.2,5089423.1619
2025-11-30 03:02:59.507000+00:00,2025-11-30 03:00:00+00:00,continuous,90745.2,90767.1,90700.4,90767.0,11362103.157599991
2025-11-30 03:05:59.962000+00:00,2025-11-30 03:03:00+00:00,continuous,90767.0,90775.3,90693.3,90721.6,9211380.9354
2025-11-30 03:08:59.878000+00:00,2025-11-30 03:06:00+00:00,continuous,90721.7,90733.5,90599.6,90599.6,23273945.308800023
2025-11-30 03:11:59.877000+00:00,2025-11-30 03:09:00+00:00,continuous,90599.7,90619.5,90550.1,90555.7,41439158.46520001
2025-11-30 03:14:59.951000+00:00,2025-11-30 03:12:00+00:00,continuous,90555.6,90582.2,90555.6,90570.0,9118672.655099988
2025-11-30 03:17:59.762000+00:00,2025-11-30 03:15:00+00:00,continuous,90569.9,90599.1,90531.7,90568.9,21607161.564300027
2025-11-30 03:20:59.959000+00:00,2025-11-30 03:18:00+00:00,continuous,90568.8,90568.8,90414.0,90440.5,39166234.04719997
2025-11-30 03:23:59.374000+00:00,2025-11-30 03:21:00+00:00,continuous,90440.4,90651.6,90440.4,90642.6,19904238.813299954
2025-11-30 03:26:58.865000+00:00,2025-11-30 03:24:00+00:00,continuous,90642.6,90680.0,90642.6,90646.3,11623070.98250001
2025-11-30 03:29:59.956000+00:00,2025-11-30 03:27:00+00:00,continuous,90646.4,90653.5,90644.0,90647.8,4340819.199399998
2025-11-30 03:32:59.822000+00:00,2025-11-30 03:30:00+00:00,continuous,90647.8,90738.0,90633.0,90695.8,26482655.04239993
2025-11-30 03:35:59.211000+00:00,2025-11-30 03:33:00+00:00,continuous,90695.9,90725.3,90656.7,90667.8,6340957.467700007
2025-11-30 03:38:59.307000+00:00,2025-11-30 03:36:00+00:00,continuous,90667.7,90697.8,90656.3,90675.8,3724956.038200003
2025-11-30 03:41:59.528000+00:00,2025-11-30 03:39:00+00:00,continuous,90675.9,90779.0,90675.8,90765.5,12638043.625499988
2025-11-30 03:44:59.581000+00:00,2025-11-30 03:42:00+00:00,continuous,90765.5,90865.8,90765.4,90861.7,14100938.69249997
2025-11-30 03:47:59.513000+00:00,2025-11-30 03:45:00+00:00,continuous,90861.8,90881.1,90819.1,90881.1,10426788.6073
2025-11-30 03:50:59.779000+00:00,2025-11-30 03:48:00+00:00,continuous,90881.1,90881.1,90849.6,90849.7,5771729.569899996
2025-11-30 03:53:59.904000+00:00,2025-11-30 03:51:00+00:00,continuous,90849.7,90854.3,90830.9,90848.9,5412725.419000003
2025-11-30 03:56:59.656000+00:00,2025-11-30 03:54:00+00:00,continuous,90849.0,90849.9,90817.0,90849.9,3445667.8586000013
2025-11-30 03:59:59.990000+00:00,2025-11-30 03:57:00+00:00,continuous,90849.8,90873.0,90841.2,90873.0,3797469.6254999954
2025-11-30 04:02:59.750000+00:00,2025-11-30 04:00:00+00:00,continuous,90872.9,90879.2,90829.7,90876.7,7243707.508100001
2025-11-30 04:05:59.682000+00:00,2025-11-30 04:03:00+00:00,continuous,90877.4,90930.0,90871.5,90879.9,10961179.283800017
2025-11-30 04:08:59.822000+00:00,2025-11-30 04:06:00+00:00,continuous,90880.0,90935.8,90879.9,90895.5,5360519.572499998
2025-11-30 04:11:59.606000+00:00,2025-11-30 04:09:00+00:00,continuous,90895.5,90925.2,90888.0,90918.0,7460268.935599992
2025-11-30 04:14:59.399000+00:00,2025-11-30 04:12:00+00:00,continuous,90918.1,90918.1,90878.9,90891.0,4413701.312900005
2025-11-30 04:17:59.861000+00:00,2025-11-30 04:15:00+00:00,continuous,90891.0,90894.7,90864.0,90875.7,4533178.153999997
2025-11-30 04:20:58.634000+00:00,2025-11-30 04:18:00+00:00,continuous,90875.6,90886.9,90830.3,90886.8,4435323.5980999945
2025-11-30 04:23:58.135000+00:00,2025-11-30 04:21:00+00:00,continuous,90886.8,90900.0,90865.9,90875.9,2575152.685400003
2025-11-30 04:26:59.759000+00:00,2025-11-30 04:24:00+00:00,continuous,90875.8,90881.6,90808.2,90846.0,5321984.483500008
2025-11-30 04:29:59.913000+00:00,2025-11-30 04:27:00+00:00,continuous,90845.9,90850.0,90834.0,90834.1,2171243.995200001
2025-11-30 04:32:58.716000+00:00,2025-11-30 04:30:00+00:00,continuous,90834.0,90852.2,90790.4,90817.6,10769283.999999985
2025-11-30 04:35:59.534000+00:00,2025-11-30 04:33:00+00:00,continuous,90817.5,90850.0,90817.5,90849.9,1757596.6178999993
2025-11-30 04:38:59.573000+00:00,2025-11-30 04:36:00+00:00,continuous,90850.0,90863.9,90820.7,90834.1,2133182.3779000007
2025-11-30 04:41:58.338000+00:00,2025-11-30 04:39:00+00:00,continuous,90834.0,90852.4,90822.8,90822.8,1645086.0582999985
2025-11-30 04:44:59.197000+00:00,2025-11-30 04:42:00+00:00,continuous,90822.9,90822.9,90782.9,90803.7,4181362.2627999973
2025-11-30 04:47:59.515000+00:00,2025-11-30 04:45:00+00:00,continuous,90803.7,90810.0,90779.7,90804.0,2663633.347900001
2025-11-30 04:50:59.917000+00:00,2025-11-30 04:48:00+00:00,continuous,90804.0,90805.0,90741.1,90800.4,5819219.653400012
2025-11-30 04:53:59.417000+00:00,2025-11-30 04:51:00+00:00,continuous,90800.5,90819.2,90767.9,90796.0,5266751.878499995
2025-11-30 04:56:59.707000+00:00,2025-11-30 04:54:00+00:00,continuous,90796.1,90796.1,90775.0,90783.6,1748792.4271000016
2025-11-30 04:59:59.874000+00:00,2025-11-30 04:57:00+00:00,continuous,90783.5,90820.0,90783.5,90808.2,2385397.778300001
2025-11-30 05:02:59.923000+00:00,2025-11-30 05:00:00+00:00,continuous,90808.1,90808.1,90744.4,90745.1,3664667.166
2025-11-30 05:05:59.373000+00:00,2025-11-30 05:03:00+00:00,continuous,90745.1,90753.3,90701.5,90701.6,6094631.917099996
2025-11-30 05:08:59.952000+00:00,2025-11-30 05:06:00+00:00,continuous,90701.6,90725.7,90685.4,90705.0,4574511.056800003
2025-11-30 05:11:59.891000+00:00,2025-11-30 05:09:00+00:00,continuous,90704.9,90722.0,90704.2,90722.0,1871939.726599999
2025-11-30 05:14:59.907000+00:00,2025-11-30 05:12:00+00:00,continuous,90721.9,90755.6,90720.5,90733.9,3323379.969899996
2025-11-30 05:17:59.906000+00:00,2025-11-30 05:15:00+00:00,continuous,90733.9,90763.4,90629.9,90635.7,9813473.86849999
2025-11-30 05:20:59.937000+00:00,2025-11-30 05:18:00+00:00,continuous,90635.7,90693.1,90635.6,90674.1,6972323.88739999
2025-11-30 05:23:58.953000+00:00,2025-11-30 05:21:00+00:00,continuous,90674.1,90690.8,90626.2,90644.4,5497229.8725000005
2025-11-30 05:26:59.561000+00:00,2025-11-30 05:24:00+00:00,continuous,90644.4,90680.6,90644.4,90660.0,3940424.638099997
2025-11-30 05:29:59.244000+00:00,2025-11-30 05:27:00+00:00,continuous,90660.0,90661.5,90638.0,90638.0,2854944.0495000007
2025-11-30 05:32:57.931000+00:00,2025-11-30 05:30:00+00:00,continuous,90638.1,90697.5,90638.0,90695.8,5762796.823699999
2025-11-30 05:35:58.611000+00:00,2025-11-30 05:33:00+00:00,continuous,90695.8,90715.1,90658.5,90670.1,4664047.714600002
2025-11-30 05:38:58.611000+00:00,2025-11-30 05:36:00+00:00,continuous,90670.0,90688.5,90663.1,90688.4,2038037.8037999987
2025-11-30 05:41:59.949000+00:00,2025-11-30 05:39:00+00:00,continuous,90688.5,90721.3,90675.3,90721.3,3076067.950699998
2025-11-30 05:44:59.833000+00:00,2025-11-30 05:42:00+00:00,continuous,90721.3,90742.4,90712.4,90712.5,3560256.5756000006
2025-11-30 05:47:59.531000+00:00,2025-11-30 05:45:00+00:00,continuous,90712.5,90712.5,90685.3,90712.5,3827857.3202000028
2025-11-30 05:50:59.232000+00:00,2025-11-30 05:48:00+00:00,continuous,90712.5,90741.7,90688.2,90741.7,4543873.0048
2025-11-30 05:53:59.796000+00:00,2025-11-30 05:51:00+00:00,continuous,90741.7,90768.7,90735.8,90749.8,2774997.2147000004
2025-11-30 05:56:59.263000+00:00,2025-11-30 05:54:00+00:00,continuous,90749.7,90781.2,90749.7,90767.5,3904707.1311000003
2025-11-30 05:59:59.492000+00:00,2025-11-30 05:57:00+00:00,continuous,90767.6,90767.6,90742.7,90742.7,1596977.745299999
2025-11-30 06:02:59.802000+00:00,2025-11-30 06:00:00+00:00,continuous,90742.7,90775.6,90739.6,90775.5,1927894.9110000005
2025-11-30 06:05:59.582000+00:00,2025-11-30 06:03:00+00:00,continuous,90775.6,90808.8,90756.0,90808.8,4227678.411
2025-11-30 06:08:58.985000+00:00,2025-11-30 06:06:00+00:00,continuous,90808.7,90835.4,90750.1,90750.1,3634889.191799998
2025-11-30 06:11:59.416000+00:00,2025-11-30 06:09:00+00:00,continuous,90750.1,90750.1,90680.7,90708.1,7058462.392100005
2025-11-30 06:14:58.165000+00:00,2025-11-30 06:12:00+00:00,continuous,90708.2,90741.3,90702.4,90724.3,2210643.0880999975
2025-11-30 06:17:59.177000+00:00,2025-11-30 06:15:00+00:00,continuous,90724.2,90740.0,90675.1,90740.0,4031314.3362999954
2025-11-30 06:20:58.647000+00:00,2025-11-30 06:18:00+00:00,continuous,90740.0,90760.5,90729.4,90759.5,2256051.6484000026
2025-11-30 06:23:59.440000+00:00,2025-11-30 06:21:00+00:00,continuous,90759.4,90814.8,90756.0,90814.8,3558786.400700001
2025-11-30 06:26:59.079000+00:00,2025-11-30 06:24:00+00:00,continuous,90814.8,90871.8,90814.8,90855.4,7597716.88710001
2025-11-30 06:29:59.751000+00:00,2025-11-30 06:27:00+00:00,continuous,90855.3,90871.6,90836.4,90871.6,5294538.212300005
2025-11-30 06:32:59.618000+00:00,2025-11-30 06:30:00+00:00,continuous,90871.6,90898.0,90846.1,90898.0,8084787.979200004
2025-11-30 06:35:59.968000+00:00,2025-11-30 06:33:00+00:00,continuous,90898.0,90898.3,90875.8,90882.0,5318262.006799989
2025-11-30 06:38:59.999000+00:00,2025-11-30 06:36:00+00:00,continuous,90882.1,90894.8,90863.1,90876.4,3435756.076099997
2025-11-30 06:41:59.888000+00:00,2025-11-30 06:39:00+00:00,continuous,90876.5,90878.1,90855.2,90861.3,3251570.501499999
2025-11-30 06:44:59.954000+00:00,2025-11-30 06:42:00+00:00,continuous,90861.3,90883.8,90861.3,90883.7,2377564.431500001
2025-11-30 06:47:58.948000+00:00,2025-11-30 06:45:00+00:00,continuous,90883.7,90889.5,90823.2,90857.8,9209628.288499989
2025-11-30 06:50:58.680000+00:00,2025-11-30 06:48:00+00:00,continuous,90857.8,90858.0,90831.7,90849.9,2679966.628200002
2025-11-30 06:53:59.810000+00:00,2025-11-30 06:51:00+00:00,continuous,90850.0,90866.9,90831.8,90836.8,3692727.1766000064
2025-11-30 06:56:59.039000+00:00,2025-11-30 06:54:00+00:00,continuous,90836.9,90864.3,90836.9,90838.9,3652235.549800002
2025-11-30 06:59:59.782000+00:00,2025-11-30 06:57:00+00:00,continuous,90838.9,90857.7,90834.7,90853.0,4592700.002900001
2025-11-30 07:02:58.912000+00:00,2025-11-30 07:00:00+00:00,continuous,90853.0,90853.0,90815.9,90841.6,5534415.5573
2025-11-30 07:05:59.598000+00:00,2025-11-30 07:03:00+00:00,continuous,90841.6,90900.0,90841.5,90899.9,4083594.1875000047
2025-11-30 07:08:59.889000+00:00,2025-11-30 07:06:00+00:00,continuous,90900.0,90900.0,90877.4,90891.8,3870720.9231000054
2025-11-30 07:11:59.746000+00:00,2025-11-30 07:09:00+00:00,continuous,90891.8,90905.0,90833.4,90905.0,4684232.217799999
2025-11-30 07:14:59.629000+00:00,2025-11-30 07:12:00+00:00,continuous,90905.0,90930.2,90898.1,90930.2,10663665.563600002
2025-11-30 07:17:59.952000+00:00,2025-11-30 07:15:00+00:00,continuous,90930.1,90930.2,90901.0,90912.6,5796106.343000008
2025-11-30 07:20:58.835000+00:00,2025-11-30 07:18:00+00:00,continuous,90912.6,90929.0,90879.9,90918.9,5352850.810700012
2025-11-30 07:23:59.384000+00:00,2025-11-30 07:21:00+00:00,continuous,90918.8,90918.9,90899.9,90900.1,3768394.571299993
2025-11-30 07:26:59.475000+00:00,2025-11-30 07:24:00+00:00,continuous,90900.0,90920.0,90896.2,90919.9,3580204.803200001
2025-11-30 07:29:59.167000+00:00,2025-11-30 07:27:00+00:00,continuous,90919.9,90940.0,90912.6,90915.8,7095347.492500005
2025-11-30 07:32:59.305000+00:00,2025-11-30 07:30:00+00:00,continuous,90915.9,90934.1,90901.1,90934.0,4763771.684999995
2025-11-30 07:35:59.626000+00:00,2025-11-30 07:33:00+00:00,continuous,90934.0,90934.1,90895.7,90895.7,4022582.027099999
2025-11-30 07:38:59.967000+00:00,2025-11-30 07:36:00+00:00,continuous,90895.5,90927.1,90893.2,90912.7,3558190.896800001
2025-11-30 07:41:59.712000+00:00,2025-11-30 07:39:00+00:00,continuous,90912.6,90919.9,90875.6,90888.3,4267196.124000002
2025-11-30 07:44:59.551000+00:00,2025-11-30 07:42:00+00:00,continuous,90888.2,90888.3,90859.7,90871.9,3223631.6544000003
2025-11-30 07:47:59.747000+00:00,2025-11-30 07:45:00+00:00,continuous,90871.9,90978.0,90864.0,90973.0,14230269.927699998
2025-11-30 07:50:59.839000+00:00,2025-11-30 07:48:00+00:00,continuous,90973.0,90999.4,90960.0,90960.1,12462863.460000027
2025-11-30 07:53:59.724000+00:00,2025-11-30 07:51:00+00:00,continuous,90960.1,90963.4,90895.0,90895.0,6627442.837499996
2025-11-30 07:56:58.611000+00:00,2025-11-30 07:54:00+00:00,continuous,90895.0,90957.3,90876.6,90957.2,10139120.662400011
2025-11-30 07:59:59.847000+00:00,2025-11-30 07:57:00+00:00,continuous,90957.2,90957.3,90918.5,90924.5,3993247.5382000003
2025-11-30 08:02:59.198000+00:00,2025-11-30 08:00:00+00:00,continuous,90924.5,90958.2,90890.3,90937.1,13955484.548999995
2025-11-30 08:05:59.447000+00:00,2025-11-30 08:03:00+00:00,continuous,90937.2,90965.0,90926.3,90954.0,4452760.2434
2025-11-30 08:08:59.873000+00:00,2025-11-30 08:06:00+00:00,continuous,90954.1,90972.1,90954.0,90962.5,3799346.1746000005
2025-11-30 08:11:59.782000+00:00,2025-11-30 08:09:00+00:00,continuous,90962.1,90996.5,90962.0,90975.3,6933235.359000002
2025-11-30 08:14:59.835000+00:00,2025-11-30 08:12:00+00:00,continuous,90975.3,90975.3,90935.3,90944.2,3671581.9486999935
2025-11-30 08:17:59.990000+00:00,2025-11-30 08:15:00+00:00,continuous,90944.1,90961.1,90922.6,90961.1,7290403.768100008
2025-11-30 08:20:59.932000+00:00,2025-11-30 08:18:00+00:00,continuous,90961.1,91007.6,90942.9,91007.5,12987263.004700016
2025-11-30 08:23:59.991000+00:00,2025-11-30 08:21:00+00:00,continuous,91007.6,91428.2,90990.6,91385.7,130149005.93180016
2025-11-30 08:26:59.860000+00:00,2025-11-30 08:24:00+00:00,continuous,91385.8,91385.8,91151.6,91204.6,85766020.92440028
2025-11-30 08:29:59.654000+00:00,2025-11-30 08:27:00+00:00,continuous,91204.6,91237.6,91066.0,91104.9,22307509.681400046
2025-11-30 08:32:59.902000+00:00,2025-11-30 08:30:00+00:00,continuous,91104.9,91159.8,90972.8,91089.4,46608355.85910019
2025-11-30 08:35:59.915000+00:00,2025-11-30 08:33:00+00:00,continuous,91089.4,91172.4,91027.0,91030.9,20229109.250299945
2025-11-30 08:38:59.913000+00:00,2025-11-30 08:36:00+00:00,continuous,91030.9,91040.9,90879.3,90930.1,34775217.93880003
2025-11-30 08:41:59.998000+00:00,2025-11-30 08:39:00+00:00,continuous,90930.1,91025.9,90903.8,91011.3,12788740.574600037
2025-11-30 08:44:59.922000+00:00,2025-11-30 08:42:00+00:00,continuous,91011.0,91163.2,90984.6,91131.4,22698530.95910002
2025-11-30 08:47:59.797000+00:00,2025-11-30 08:45:00+00:00,continuous,91131.4,91131.4,91061.9,91080.0,10826245.837800024
2025-11-30 08:50:59.935000+00:00,2025-11-30 08:48:00+00:00,continuous,91079.9,91199.0,91067.7,91199.0,10978712.222100006
2025-11-30 08:53:59.795000+00:00,2025-11-30 08:51:00+00:00,continuous,91198.9,91255.0,91172.0,91196.6,18598635.730500028
2025-11-30 08:56:58.535000+00:00,2025-11-30 08:54:00+00:00,continuous,91196.7,91209.5,91131.4,91137.5,12496227.064300038
2025-11-30 08:59:59.792000+00:00,2025-11-30 08:57:00+00:00,continuous,91137.5,91192.9,91114.9,91132.5,11351830.161900016
2025-11-30 09:02:59.998000+00:00,2025-11-30 09:00:00+00:00,continuous,91132.6,91136.6,91065.9,91131.3,16872158.188600007
2025-11-30 09:05:59.834000+00:00,2025-11-30 09:03:00+00:00,continuous,91130.9,91209.5,91107.0,91186.2,11997491.165299993
2025-11-30 09:08:59.697000+00:00,2025-11-30 09:06:00+00:00,continuous,91186.3,91266.5,91162.0,91229.3,23541808.10439997
2025-11-30 09:11:59.895000+00:00,2025-11-30 09:09:00+00:00,continuous,91229.3,91499.4,91229.3,91445.1,91640493.08750004
2025-11-30 09:14:59.886000+00:00,2025-11-30 09:12:00+00:00,continuous,91445.1,91550.0,91385.4,91432.2,92757238.89450034
2025-11-30 09:17:59.923000+00:00,2025-11-30 09:15:00+00:00,continuous,91432.2,91580.0,91343.2,91364.1,65569002.29759989
2025-11-30 09:20:59.984000+00:00,2025-11-30 09:18:00+00:00,continuous,91364.1,91463.0,91344.4,91449.9,17199436.885599963
2025-11-30 09:23:59.954000+00:00,2025-11-30 09:21:00+00:00,continuous,91449.9,91454.7,91355.9,91394.0,25339506.13290006
2025-11-30 09:26:59.935000+00:00,2025-11-30 09:24:00+00:00,continuous,91394.0,91394.0,91267.6,91297.1,19149207.714600034
2025-11-30 09:29:59.460000+00:00,2025-11-30 09:27:00+00:00,continuous,91297.2,91373.4,91281.2,91360.5,15787830.217400033
2025-11-30 09:32:59.591000+00:00,2025-11-30 09:30:00+00:00,continuous,91360.5,91380.0,91269.7,91302.5,12485911.495500004
2025-11-30 09:35:59.896000+00:00,2025-11-30 09:33:00+00:00,continuous,91302.5,91357.1,91265.0,91357.0,7122457.057800001
2025-11-30 09:38:59.233000+00:00,2025-11-30 09:36:00+00:00,continuous,91357.0,91357.1,91287.6,91304.4,9839630.038900016
2025-11-30 09:41:59.356000+00:00,2025-11-30 09:39:00+00:00,continuous,91304.4,91327.9,91290.3,91327.9,5710604.143999998
2025-11-30 09:44:59.424000+00:00,2025-11-30 09:42:00+00:00,continuous,91327.8,91372.2,91308.5,91367.6,8688980.940000009
2025-11-30 09:47:58.584000+00:00,2025-11-30 09:45:00+00:00,continuous,91367.6,91403.2,91324.8,91324.8,9534087.35100002
2025-11-30 09:50:59.932000+00:00,2025-11-30 09:48:00+00:00,continuous,91324.8,91328.6,91253.9,91276.7,9408726.362000007
2025-11-30 09:53:59.909000+00:00,2025-11-30 09:51:00+00:00,continuous,91276.8,91312.1,91250.0,91276.0,7842007.020700001
2025-11-30 09:56:59.860000+00:00,2025-11-30 09:54:00+00:00,continuous,91276.0,91320.0,91270.5,91313.0,8064621.231999996
2025-11-30 09:59:59.855000+00:00,2025-11-30 09:57:00+00:00,continuous,91313.0,91377.6,91312.9,91353.5,10466978.307400038
2025-11-30 10:02:59.857000+00:00,2025-11-30 10:00:00+00:00,continuous,91353.3,91416.4,91333.1,91333.1,13366348.87589999
2025-11-30 10:05:59.324000+00:00,2025-11-30 10:03:00+00:00,continuous,91333.1,91347.2,91285.8,91285.8,6322277.425199994
2025-11-30 10:08:59.967000+00:00,2025-11-30 10:06:00+00:00,continuous,91285.8,91285.8,91229.9,91247.2,15213027.217600023
2025-11-30 10:11:59.781000+00:00,2025-11-30 10:09:00+00:00,continuous,91247.1,91247.2,91182.2,91204.2,17391160.027599987
2025-11-30 10:14:59.676000+00:00,2025-11-30 10:12:00+00:00,continuous,91204.2,91223.1,91204.2,91211.8,6898339.759500005
2025-11-30 10:17:59.950000+00:00,2025-11-30 10:15:00+00:00,continuous,91211.9,91220.0,91180.0,91215.7,8572431.128300006
2025-11-30 10:20:59.894000+00:00,2025-11-30 10:18:00+00:00,continuous,91215.6,91312.7,91215.6,91312.6,8586467.546200002
2025-11-30 10:23:59.909000+00:00,2025-11-30 10:21:00+00:00,continuous,91312.6,91312.6,91259.1,91272.5,3939887.547499999
2025-11-30 10:26:59.976000+00:00,2025-11-30 10:24:00+00:00,continuous,91272.6,91307.7,91272.5,91300.4,2570238.2685000002
2025-11-30 10:29:59.914000+00:00,2025-11-30 10:27:00+00:00,continuous,91300.5,91346.9,91299.2,91345.3,8850118.821800003
2025-11-30 10:32:59.981000+00:00,2025-11-30 10:30:00+00:00,continuous,91345.3,91345.4,91222.0,91250.8,9217636.960999968
2025-11-30 10:35:59.992000+00:00,2025-11-30 10:33:00+00:00,continuous,91250.9,91255.5,91182.1,91182.2,9383127.213199986
2025-11-30 10:38:59.608000+00:00,2025-11-30 10:36:00+00:00,continuous,91182.2,91211.1,91181.7,91205.5,5576803.572199992
2025-11-30 10:41:59.186000+00:00,2025-11-30 10:39:00+00:00,continuous,91205.6,91209.6,91181.7,91183.2,4661243.132200009
2025-11-30 10:44:59.488000+00:00,2025-11-30 10:42:00+00:00,continuous,91183.1,91190.7,91156.0,91166.5,5446043.251700005
2025-11-30 10:47:59.742000+00:00,2025-11-30 10:45:00+00:00,continuous,91166.5,91212.3,91143.6,91212.3,7425031.223599996
2025-11-30 10:50:59.425000+00:00,2025-11-30 10:48:00+00:00,continuous,91212.3,91242.4,91208.4,91225.8,5264718.579799999
2025-11-30 10:53:59.238000+00:00,2025-11-30 10:51:00+00:00,continuous,91225.9,91225.9,91179.1,91181.7,4909536.657399999
2025-11-30 10:56:59.713000+00:00,2025-11-30 10:54:00+00:00,continuous,91181.6,91196.9,91150.0,91189.1,5833692.291200003
2025-11-30 10:59:59.648000+00:00,2025-11-30 10:57:00+00:00,continuous,91189.2,91199.6,91179.9,91185.4,3951836.3090000055
2025-11-30 11:02:59.472000+00:00,2025-11-30 11:00:00+00:00,continuous,91185.4,91229.3,91157.2,91229.2,7316324.004999998
2025-11-30 11:05:58.350000+00:00,2025-11-30 11:03:00+00:00,continuous,91229.2,91247.5,91207.8,91218.7,7745842.063600007
2025-11-30 11:08:59.768000+00:00,2025-11-30 11:06:00+00:00,continuous,91218.8,91347.5,91212.6,91314.1,18341285.18260001
2025-11-30 11:11:59.195000+00:00,2025-11-30 11:09:00+00:00,continuous,91314.1,91330.3,91266.4,91320.1,8244141.143400007
2025-11-30 11:14:59.936000+00:00,2025-11-30 11:12:00+00:00,continuous,91320.1,91320.2,91273.3,91278.4,4756082.265899999
2025-11-30 11:17:59.033000+00:00,2025-11-30 11:15:00+00:00,continuous,91278.4,91292.3,91226.0,91228.5,5099188.610400009
2025-11-30 11:20:59.523000+00:00,2025-11-30 11:18:00+00:00,continuous,91228.5,91245.6,91200.0,91230.5,5446523.491199998
2025-11-30 11:23:59.267000+00:00,2025-11-30 11:21:00+00:00,continuous,91230.6,91248.2,91194.2,91210.5,5167401.620900001
2025-11-30 11:26:59.977000+00:00,2025-11-30 11:24:00+00:00,continuous,91210.5,91210.5,91167.8,91167.9,5847672.616699987
2025-11-30 11:29:58.538000+00:00,2025-11-30 11:27:00+00:00,continuous,91167.9,91210.8,91167.8,91205.0,7129617.123199995
2025-11-30 11:32:59.978000+00:00,2025-11-30 11:30:00+00:00,continuous,91205.1,91226.5,91116.9,91117.4,10768527.263800004
2025-11-30 11:35:59.898000+00:00,2025-11-30 11:33:00+00:00,continuous,91117.3,91149.2,91084.3,91084.4,10273647.805199988
2025-11-30 11:38:59.495000+00:00,2025-11-30 11:36:00+00:00,continuous,91084.3,91100.1,91063.1,91078.3,12543562.62619999
2025-11-30 11:41:59.846000+00:00,2025-11-30 11:39:00+00:00,continuous,91078.2,91138.6,91078.2,91102.5,4628057.3955999985
2025-11-30 11:44:59.511000+00:00,2025-11-30 11:42:00+00:00,continuous,91102.6,91131.4,91084.5,91091.0,6124626.103499986
2025-11-30 11:47:59.661000+00:00,2025-11-30 11:45:00+00:00,continuous,91091.1,91144.6,91085.5,91142.0,6597624.965800011
2025-11-30 11:50:59.875000+00:00,2025-11-30 11:48:00+00:00,continuous,91142.1,91151.5,91036.0,91036.0,9244840.404900003
2025-11-30 11:53:59.932000+00:00,2025-11-30 11:51:00+00:00,continuous,91036.0,91036.0,90926.3,90972.1,29894377.98639996
2025-11-30 11:56:59.949000+00:00,2025-11-30 11:54:00+00:00,continuous,90972.0,91055.5,90972.0,91021.1,12543474.392300004
2025-11-30 11:59:59.799000+00:00,2025-11-30 11:57:00+00:00,continuous,91021.2,91021.2,90977.2,91000.9,8614789.878699988
2025-11-30 12:02:59.523000+00:00,2025-11-30 12:00:00+00:00,continuous,91000.9,91044.2,90975.4,90976.4,12992587.34999998
2025-11-30 12:05:59.628000+00:00,2025-11-30 12:03:00+00:00,continuous,90976.5,91059.1,90960.0,91059.1,8330839.472100003
2025-11-30 12:08:59.820000+00:00,2025-11-30 12:06:00+00:00,continuous,91059.1,91123.1,91059.0,91077.1,16116799.76670001
2025-11-30 12:11:59.948000+00:00,2025-11-30 12:09:00+00:00,continuous,91077.1,91179.5,91069.2,91179.4,8271965.400100006
2025-11-30 12:14:59.895000+00:00,2025-11-30 12:12:00+00:00,continuous,91179.5,91218.5,91168.3,91197.9,18999096.690800015
2025-11-30 12:17:59.711000+00:00,2025-11-30 12:15:00+00:00,continuous,91197.9,91333.1,91197.8,91279.5,28732862.851100005
2025-11-30 12:20:59.760000+00:00,2025-11-30 12:18:00+00:00,continuous,91279.5,91295.2,91207.0,91225.6,12161590.264100015
2025-11-30 12:23:59.882000+00:00,2025-11-30 12:21:00+00:00,continuous,91225.4,91291.6,91203.7,91291.6,7715463.238000011
2025-11-30 12:26:59.868000+00:00,2025-11-30 12:24:00+00:00,continuous,91291.6,91302.2,91226.1,91235.9,6619230.779599997
2025-11-30 12:29:59.264000+00:00,2025-11-30 12:27:00+00:00,continuous,91235.9,91250.0,91214.2,91218.5,7650725.0632000035
2025-11-30 12:32:59.857000+00:00,2025-11-30 12:30:00+00:00,continuous,91218.6,91230.5,91175.6,91181.4,8415145.830699995
2025-11-30 12:35:59.864000+00:00,2025-11-30 12:33:00+00:00,continuous,91181.4,91189.3,91164.7,91179.1,5680094.588300001
2025-11-30 12:38:59.953000+00:00,2025-11-30 12:36:00+00:00,continuous,91179.1,91227.8,91171.1,91227.8,5764637.6338000065
2025-11-30 12:41:59.565000+00:00,2025-11-30 12:39:00+00:00,continuous,91227.8,91244.9,91181.2,91244.9,6217131.452899999
2025-11-30 12:44:59.920000+00:00,2025-11-30 12:42:00+00:00,continuous,91244.9,91441.0,91231.8,91400.1,72322128.3081
2025-11-30 12:47:59.675000+00:00,2025-11-30 12:45:00+00:00,continuous,91400.2,91495.7,91356.0,91418.0,48124730.69860009
2025-11-30 12:50:59.953000+00:00,2025-11-30 12:48:00+00:00,continuous,91418.0,91462.8,91375.3,91380.6,24276361.159400035
2025-11-30 12:53:59.838000+00:00,2025-11-30 12:51:00+00:00,continuous,91380.7,91413.8,91365.6,91413.8,11416839.452199994
2025-11-30 12:56:59.486000+00:00,2025-11-30 12:54:00+00:00,continuous,91413.7,91421.5,91355.0,91370.2,7675573.599699995
2025-11-30 12:59:59.979000+00:00,2025-11-30 12:57:00+00:00,continuous,91370.2,91432.4,91350.2,91432.4,8174733.426900009
2025-11-30 13:02:59.940000+00:00,2025-11-30 13:00:00+00:00,continuous,91432.3,91433.1,91382.8,91419.9,11958887.154799998
2025-11-30 13:05:58.471000+00:00,2025-11-30 13:03:00+00:00,continuous,91420.0,91480.0,91415.3,91467.0,11294945.906299993
2025-11-30 13:08:59.469000+00:00,2025-11-30 13:06:00+00:00,continuous,91467.1,91467.1,91356.8,91391.1,11950554.674399985
2025-11-30 13:11:59.962000+00:00,2025-11-30 13:09:00+00:00,continuous,91391.0,91430.0,91369.9,91429.9,7773731.649500005
2025-11-30 13:14:59.587000+00:00,2025-11-30 13:12:00+00:00,continuous,91429.9,91434.2,91400.0,91419.1,6921327.132100001
2025-11-30 13:17:59.959000+00:00,2025-11-30 13:15:00+00:00,continuous,91419.0,91500.0,91419.0,91464.0,23594127.477200076
2025-11-30 13:20:59.975000+00:00,2025-11-30 13:18:00+00:00,continuous,91464.0,91719.9,91464.0,91656.5,108354287.83910011
2025-11-30 13:23:59.897000+00:00,2025-11-30 13:21:00+00:00,continuous,91656.6,91881.2,91620.7,91850.6,105943301.27949995
2025-11-30 13:26:59.953000+00:00,2025-11-30 13:24:00+00:00,continuous,91850.6,91934.4,91767.3,91811.2,97907930.56040068
2025-11-30 13:29:59.878000+00:00,2025-11-30 13:27:00+00:00,continuous,91811.1,91834.4,91728.0,91808.9,34978112.50550005
2025-11-30 13:32:59.905000+00:00,2025-11-30 13:30:00+00:00,continuous,91809.0,91853.7,91723.7,91775.2,52329737.3238999
2025-11-30 13:35:59.759000+00:00,2025-11-30 13:33:00+00:00,continuous,91775.3,91809.2,91720.5,91774.8,20904774.111599963
2025-11-30 13:38:59.937000+00:00,2025-11-30 13:36:00+00:00,continuous,91774.7,91830.0,91760.4,91767.9,25199487.418199997
2025-11-30 13:41:59.763000+00:00,2025-11-30 13:39:00+00:00,continuous,91768.0,91818.9,91655.6,91677.9,37585960.468999974
2025-11-30 13:44:59.803000+00:00,2025-11-30 13:42:00+00:00,continuous,91678.0,91697.0,91638.9,91649.9,25773318.67090003
2025-11-30 13:47:59.663000+00:00,2025-11-30 13:45:00+00:00,continuous,91649.8,91719.9,91633.9,91713.3,15885792.36100001
2025-11-30 13:50:59.770000+00:00,2025-11-30 13:48:00+00:00,continuous,91713.3,91713.3,91600.0,91600.0,36858638.8997
2025-11-30 13:53:59.928000+00:00,2025-11-30 13:51:00+00:00,continuous,91600.1,91683.9,91591.5,91683.9,10788418.866399994
2025-11-30 13:56:59.474000+00:00,2025-11-30 13:54:00+00:00,continuous,91683.8,91762.2,91677.5,91730.9,16850662.13900006
2025-11-30 13:59:59.899000+00:00,2025-11-30 13:57:00+00:00,continuous,91731.0,91731.0,91670.0,91726.9,10804184.89319999
2025-11-30 14:02:59.900000+00:00,2025-11-30 14:00:00+00:00,continuous,91726.9,91734.5,91645.7,91666.7,14550121.87850001
2025-11-30 14:05:59.887000+00:00,2025-11-30 14:03:00+00:00,continuous,91666.7,91708.3,91659.6,91684.1,8352066.10160001
2025-11-30 14:08:59.911000+00:00,2025-11-30 14:06:00+00:00,continuous,91684.2,91684.2,91653.0,91657.1,6048239.605700003
2025-11-30 14:11:59.829000+00:00,2025-11-30 14:09:00+00:00,continuous,91657.0,91665.2,91632.6,91634.2,5991116.356199993
2025-11-30 14:14:59.691000+00:00,2025-11-30 14:12:00+00:00,continuous,91634.3,91647.9,91600.0,91641.6,9694442.291899992
2025-11-30 14:17:59.888000+00:00,2025-11-30 14:15:00+00:00,continuous,91641.5,91672.0,91531.5,91547.0,20373026.670400016
2025-11-30 14:20:59.957000+00:00,2025-11-30 14:18:00+00:00,continuous,91547.1,91567.1,91442.0,91537.1,36575232.73960006
2025-11-30 14:23:59.959000+00:00,2025-11-30 14:21:00+00:00,continuous,91537.2,91542.3,91486.7,91495.2,8436578.73629999
2025-11-30 14:26:59.640000+00:00,2025-11-30 14:24:00+00:00,continuous,91495.2,91519.6,91495.2,91498.0,8953615.178299988
2025-11-30 14:29:59.819000+00:00,2025-11-30 14:27:00+00:00,continuous,91498.1,91526.8,91498.0,91510.1,5626516.540099997
2025-11-30 14:32:59.907000+00:00,2025-11-30 14:30:00+00:00,continuous,91510.0,91543.2,91472.0,91472.1,12633319.015
2025-11-30 14:35:59.855000+00:00,2025-11-30 14:33:00+00:00,continuous,91472.0,91475.1,91420.0,91425.3,13340396.91840002
2025-11-30 14:38:59.839000+00:00,2025-11-30 14:36:00+00:00,continuous,91425.4,91425.4,91245.5,91260.8,45098092.53489995
2025-11-30 14:41:59.822000+00:00,2025-11-30 14:39:00+00:00,continuous,91260.8,91315.5,91208.8,91270.0,45732482.91609996
2025-11-30 14:44:59.965000+00:00,2025-11-30 14:42:00+00:00,continuous,91270.0,91361.3,91269.9,91327.2,20881334.113600064
2025-11-30 14:47:59.836000+00:00,2025-11-30 14:45:00+00:00,continuous,91327.2,91394.0,91295.0,91394.0,13629729.223199997
2025-11-30 14:50:59.371000+00:00,2025-11-30 14:48:00+00:00,continuous,91393.9,91413.8,91372.1,91386.5,13893764.465699995
2025-11-30 14:53:59.516000+00:00,2025-11-30 14:51:00+00:00,continuous,91386.5,91403.1,91353.9,91366.0,7050200.645900005
2025-11-30 14:56:59.887000+00:00,2025-11-30 14:54:00+00:00,continuous,91366.1,91425.0,91366.0,91388.3,6354239.284399992
2025-11-30 14:59:59.646000+00:00,2025-11-30 14:57:00+00:00,continuous,91388.3,91461.9,91387.4,91459.7,7518039.3637000015
2025-11-30 15:02:59.905000+00:00,2025-11-30 15:00:00+00:00,continuous,91459.7,91459.7,91378.8,91378.8,9203860.411200015
2025-11-30 15:05:59.832000+00:00,2025-11-30 15:03:00+00:00,continuous,91378.9,91393.6,91305.3,91305.3,6845348.228000001
2025-11-30 15:08:59.686000+00:00,2025-11-30 15:06:00+00:00,continuous,91305.3,91311.1,91278.0,91306.2,15002280.619199988
2025-11-30 15:11:59.893000+00:00,2025-11-30 15:09:00+00:00,continuous,91306.2,91344.3,91296.0,91316.7,5594250.155299996
2025-11-30 15:14:59.699000+00:00,2025-11-30 15:12:00+00:00,continuous,91316.7,91377.9,91316.6,91371.8,5431004.727900003
2025-11-30 15:17:59.991000+00:00,2025-11-30 15:15:00+00:00,continuous,91371.8,91376.0,91319.3,91319.4,6012661.384999997
2025-11-30 15:20:59.964000+00:00,2025-11-30 15:18:00+00:00,continuous,91319.4,91466.6,91310.0,91450.8,11780827.715700004
2025-11-30 15:23:59.596000+00:00,2025-11-30 15:21:00+00:00,continuous,91450.9,91525.0,91413.2,91525.0,15378044.795800013
2025-11-30 15:26:59.550000+00:00,2025-11-30 15:24:00+00:00,continuous,91525.0,91549.0,91491.4,91491.5,11612574.148199981
2025-11-30 15:29:59.844000+00:00,2025-11-30 15:27:00+00:00,continuous,91491.5,91577.0,91491.4,91538.1,12583748.264799997
2025-11-30 15:32:59.592000+00:00,2025-11-30 15:30:00+00:00,continuous,91538.1,91538.1,91384.2,91386.7,13077248.305800008
2025-11-30 15:35:59.895000+00:00,2025-11-30 15:33:00+00:00,continuous,91386.7,91393.1,91343.1,91355.0,14262866.885099992
2025-11-30 15:38:59.939000+00:00,2025-11-30 15:36:00+00:00,continuous,91354.9,91411.8,91334.6,91405.8,14592063.012900008
2025-11-30 15:41:59.922000+00:00,2025-11-30 15:39:00+00:00,continuous,91405.9,91422.2,91370.7,91370.7,12607220.267899992
2025-11-30 15:44:58.877000+00:00,2025-11-30 15:42:00+00:00,continuous,91370.7,91408.1,91362.0,91387.0,14273861.398700021
2025-11-30 15:47:59.274000+00:00,2025-11-30 15:45:00+00:00,continuous,91387.0,91440.8,91376.0,91440.7,8612600.061700007
2025-11-30 15:50:59.960000+00:00,2025-11-30 15:48:00+00:00,continuous,91440.8,91458.3,91422.5,91422.5,6977899.9882000005
2025-11-30 15:53:59.280000+00:00,2025-11-30 15:51:00+00:00,continuous,91422.6,91428.4,91403.1,91423.8,4176280.365599998
2025-11-30 15:56:58.661000+00:00,2025-11-30 15:54:00+00:00,continuous,91423.9,91452.0,91410.9,91419.2,3779715.437199998
2025-11-30 15:59:59.726000+00:00,2025-11-30 15:57:00+00:00,continuous,91419.2,91436.2,91391.2,91405.8,4707254.875799998
2025-11-30 16:02:59.842000+00:00,2025-11-30 16:00:00+00:00,continuous,91405.9,91422.0,91364.3,91418.1,6099912.940599996
2025-11-30 16:05:59.575000+00:00,2025-11-30 16:03:00+00:00,continuous,91418.1,91428.3,91374.7,91410.0,4431943.274100009
2025-11-30 16:08:59.299000+00:00,2025-11-30 16:06:00+00:00,continuous,91409.9,91439.6,91372.5,91405.1,11573387.953200012
2025-11-30 16:11:59.712000+00:00,2025-11-30 16:09:00+00:00,continuous,91405.1,91425.0,91405.0,91425.0,2482881.399800004
2025-11-30 16:14:59.968000+00:00,2025-11-30 16:12:00+00:00,continuous,91425.0,91462.2,91423.5,91461.8,6599643.054800004
2025-11-30 16:17:59.952000+00:00,2025-11-30 16:15:00+00:00,continuous,91461.8,91532.7,91429.3,91530.3,11225821.0602
2025-11-30 16:20:59.979000+00:00,2025-11-30 16:18:00+00:00,continuous,91532.7,91650.6,91511.0,91650.5,25211019.472500004
2025-11-30 16:23:59.623000+00:00,2025-11-30 16:21:00+00:00,continuous,91650.6,91742.7,91650.1,91650.2,63347940.48799987
2025-11-30 16:26:59.272000+00:00,2025-11-30 16:24:00+00:00,continuous,91650.2,91720.0,91650.0,91720.0,12325817.360499984
2025-11-30 16:29:59.996000+00:00,2025-11-30 16:27:00+00:00,continuous,91720.0,91744.5,91677.4,91714.9,19418224.707399998
2025-11-30 16:32:59.761000+00:00,2025-11-30 16:30:00+00:00,continuous,91715.0,91735.2,91625.0,91635.0,23021405.37359998
2025-11-30 16:35:59.949000+00:00,2025-11-30 16:33:00+00:00,continuous,91635.0,91648.6,91596.0,91648.5,12238841.629399998
2025-11-30 16:38:59.195000+00:00,2025-11-30 16:36:00+00:00,continuous,91648.6,91662.6,91621.1,91640.7,7146917.604300011
2025-11-30 16:41:59.881000+00:00,2025-11-30 16:39:00+00:00,continuous,91640.6,91722.9,91640.6,91675.9,13592500.11879998
2025-11-30 16:44:59.915000+00:00,2025-11-30 16:42:00+00:00,continuous,91675.8,91690.6,91646.5,91668.7,8005341.871299996
2025-11-30 16:47:59.775000+00:00,2025-11-30 16:45:00+00:00,continuous,91668.7,91724.8,91640.1,91723.2,6982673.575499991
2025-11-30 16:50:59.898000+00:00,2025-11-30 16:48:00+00:00,continuous,91723.2,91812.8,91723.2,91805.3,23594169.8335
2025-11-30 16:53:59.543000+00:00,2025-11-30 16:51:00+00:00,continuous,91805.3,91818.8,91762.4,91772.0,12005014.430500008
2025-11-30 16:56:59.679000+00:00,2025-11-30 16:54:00+00:00,continuous,91772.0,91793.8,91731.2,91740.5,11685367.463299992
2025-11-30 16:59:59.839000+00:00,2025-11-30 16:57:00+00:00,continuous,91740.6,91789.5,91740.5,91789.4,9394164.73199999
2025-11-30 17:02:59.333000+00:00,2025-11-30 17:00:00+00:00,continuous,91789.5,91789.5,91666.4,91670.3,10040202.016199987
2025-11-30 17:05:59.788000+00:00,2025-11-30 17:03:00+00:00,continuous,91670.2,91678.1,91585.6,91615.4,12596416.860199973
2025-11-30 17:08:59.760000+00:00,2025-11-30 17:06:00+00:00,continuous,91615.3,91624.1,91498.3,91520.3,18097129.116499975
2025-11-30 17:11:59.652000+00:00,2025-11-30 17:09:00+00:00,continuous,91520.2,91526.8,91380.1,91390.1,33311377.740900066
2025-11-30 17:14:59.826000+00:00,2025-11-30 17:12:00+00:00,continuous,91390.0,91411.2,91313.4,91380.4,31280866.8481
2025-11-30 17:17:59.977000+00:00,2025-11-30 17:15:00+00:00,continuous,91380.3,91466.9,91360.8,91455.2,14876111.59799998
2025-11-30 17:20:59.968000+00:00,2025-11-30 17:18:00+00:00,continuous,91455.2,91476.3,91414.8,91424.2,9684622.591600006
2025-11-30 17:23:59.984000+00:00,2025-11-30 17:21:00+00:00,continuous,91424.1,91424.3,91350.3,91382.4,10102853.401299981
2025-11-30 17:26:59.718000+00:00,2025-11-30 17:24:00+00:00,continuous,91382.4,91404.8,91313.7,91337.1,18052181.77690011
2025-11-30 17:29:59.993000+00:00,2025-11-30 17:27:00+00:00,continuous,91337.1,91357.3,91336.0,91346.7,6713680.665600003
2025-11-30 17:32:59.702000+00:00,2025-11-30 17:30:00+00:00,continuous,91346.6,91394.7,91342.6,91342.7,9496040.079300003
2025-11-30 17:35:59.826000+00:00,2025-11-30 17:33:00+00:00,continuous,91342.8,91367.2,91284.3,91298.4,13187228.460600002
2025-11-30 17:38:59.959000+00:00,2025-11-30 17:36:00+00:00,continuous,91298.4,91368.0,91270.0,91367.9,15220316.362600002
2025-11-30 17:41:59.965000+00:00,2025-11-30 17:39:00+00:00,continuous,91368.0,91485.7,91367.9,91450.0,13594433.017800014
2025-11-30 17:44:58.414000+00:00,2025-11-30 17:42:00+00:00,continuous,91450.0,91450.1,91411.5,91444.6,6209852.674299998
2025-11-30 17:47:59.186000+00:00,2025-11-30 17:45:00+00:00,continuous,91444.6,91500.1,91444.5,91451.9,11455081.326400002
2025-11-30 17:50:59.901000+00:00,2025-11-30 17:48:00+00:00,continuous,91452.0,91505.5,91451.9,91474.1,6865953.945400003
2025-11-30 17:53:59.853000+00:00,2025-11-30 17:51:00+00:00,continuous,91474.1,91485.0,91429.0,91443.6,5947962.000199986
2025-11-30 17:56:59.452000+00:00,2025-11-30 17:54:00+00:00,continuous,91443.6,91469.4,91433.1,91456.2,5152668.063299999
2025-11-30 17:59:59.722000+00:00,2025-11-30 17:57:00+00:00,continuous,91456.2,91456.2,91444.0,91444.1,1541879.555399999
2025-11-30 18:02:59.588000+00:00,2025-11-30 18:00:00+00:00,continuous,91444.1,91444.1,91380.0,91383.8,6011313.330600008
2025-11-30 18:05:59.692000+00:00,2025-11-30 18:03:00+00:00,continuous,91383.8,91383.8,91251.4,91266.9,11651008.127800008
2025-11-30 18:08:59.920000+00:00,2025-11-30 18:06:00+00:00,continuous,91267.0,91304.8,91259.4,91273.5,7560736.297999993
2025-11-30 18:11:59.031000+00:00,2025-11-30 18:09:00+00:00,continuous,91273.5,91273.5,91088.1,91223.3,47577496.130500026
2025-11-30 18:14:59.050000+00:00,2025-11-30 18:12:00+00:00,continuous,91223.3,91270.4,91223.2,91254.1,10062461.708300006
2025-11-30 18:17:59.436000+00:00,2025-11-30 18:15:00+00:00,continuous,91254.0,91283.7,91185.3,91264.4,17594732.901599992
2025-11-30 18:20:59.314000+00:00,2025-11-30 18:18:00+00:00,continuous,91264.3,91333.3,91264.3,91306.8,8568519.991900003
2025-11-30 18:23:58.612000+00:00,2025-11-30 18:21:00+00:00,continuous,91306.8,91365.8,91285.2,91285.3,8504054.434100006
2025-11-30 18:26:59.091000+00:00,2025-11-30 18:24:00+00:00,continuous,91285.2,91323.2,91285.2,91319.8,4666653.863199989
2025-11-30 18:29:59.277000+00:00,2025-11-30 18:27:00+00:00,continuous,91319.7,91351.9,91318.7,91344.5,6186997.943599992
2025-11-30 18:32:59.727000+00:00,2025-11-30 18:30:00+00:00,continuous,91344.5,91344.5,91291.6,91335.5,7457371.021999998
2025-11-30 18:35:58.840000+00:00,2025-11-30 18:33:00+00:00,continuous,91335.4,91373.5,91335.4,91347.0,6562278.041099992
2025-11-30 18:38:59.852000+00:00,2025-11-30 18:36:00+00:00,continuous,91347.0,91390.0,91310.8,91386.5,6726355.014099997
2025-11-30 18:41:59.649000+00:00,2025-11-30 18:39:00+00:00,continuous,91386.4,91390.0,91320.0,91320.1,3510967.1761999982
2025-11-30 18:44:59.988000+00:00,2025-11-30 18:42:00+00:00,continuous,91320.0,91361.8,91291.9,91348.0,7882797.827800002
2025-11-30 18:47:56.320000+00:00,2025-11-30 18:45:00+00:00,continuous,91348.0,91384.8,91329.0,91368.0,4653354.693200002
2025-11-30 18:50:59.886000+00:00,2025-11-30 18:48:00+00:00,continuous,91368.1,91370.6,91350.0,91364.2,2701743.9945999985
2025-11-30 18:53:59.577000+00:00,2025-11-30 18:51:00+00:00,continuous,91364.2,91414.0,91364.1,91414.0,4562373.175400003
2025-11-30 18:56:58.571000+00:00,2025-11-30 18:54:00+00:00,continuous,91414.0,91443.5,91407.0,91407.0,6981304.158600002
2025-11-30 18:59:58.933000+00:00,2025-11-30 18:57:00+00:00,continuous,91407.0,91420.3,91400.3,91420.3,2134439.363
2025-11-30 19:02:59.982000+00:00,2025-11-30 19:00:00+00:00,continuous,91420.2,91420.3,91378.9,91393.5,6422675.205100011
2025-11-30 19:05:59.977000+00:00,2025-11-30 19:03:00+00:00,continuous,91393.4,91448.5,91385.6,91396.5,5831380.1292999955
2025-11-30 19:08:59.151000+00:00,2025-11-30 19:06:00+00:00,continuous,91396.5,91416.7,91383.0,91383.1,2146574.3292000014
2025-11-30 19:11:55.492000+00:00,2025-11-30 19:09:00+00:00,continuous,91383.0,91421.4,91368.9,91397.6,5515269.281799992
2025-11-30 19:14:59.992000+00:00,2025-11-30 19:12:00+00:00,continuous,91397.5,91429.7,91397.5,91412.0,3528894.5266
2025-11-30 19:17:59.289000+00:00,2025-11-30 19:15:00+00:00,continuous,91412.0,91461.3,91411.9,91461.3,3576868.321400005
2025-11-30 19:20:59.758000+00:00,2025-11-30 19:18:00+00:00,continuous,91461.3,91461.3,91355.3,91360.5,5348309.981999998
2025-11-30 19:23:59.893000+00:00,2025-11-30 19:21:00+00:00,continuous,91360.6,91360.6,91298.1,91318.7,6477668.6147
2025-11-30 19:26:58.256000+00:00,2025-11-30 19:24:00+00:00,continuous,91318.6,91357.5,91259.2,91264.2,5725737.649400008
2025-11-30 19:29:59.665000+00:00,2025-11-30 19:27:00+00:00,continuous,91264.2,91317.7,91264.2,91309.6,4309884.711499995
2025-11-30 19:32:59.683000+00:00,2025-11-30 19:30:00+00:00,continuous,91309.6,91314.4,91266.3,91266.4,7210470.137899999
2025-11-30 19:35:59.869000+00:00,2025-11-30 19:33:00+00:00,continuous,91266.3,91362.0,91266.3,91362.0,4543333.899700003
2025-11-30 19:38:59.947000+00:00,2025-11-30 19:36:00+00:00,continuous,91362.0,91433.0,91362.0,91433.0,7075603.157700004
2025-11-30 19:41:58.446000+00:00,2025-11-30 19:39:00+00:00,continuous,91433.1,91439.2,91419.9,91427.2,3523467.7143000006
2025-11-30 19:44:59.945000+00:00,2025-11-30 19:42:00+00:00,continuous,91427.1,91428.3,91408.8,91408.9,1957791.5469000016
2025-11-30 19:47:59.436000+00:00,2025-11-30 19:45:00+00:00,continuous,91408.8,91448.6,91408.8,91421.7,6318202.030300004
2025-11-30 19:50:59.257000+00:00,2025-11-30 19:48:00+00:00,continuous,91421.8,91421.8,91387.7,91395.0,3824936.6474000006
2025-11-30 19:53:57.336000+00:00,2025-11-30 19:51:00+00:00,continuous,91395.0,91410.1,91383.0,91396.8,3976513.1068000006
2025-11-30 19:56:58.749000+00:00,2025-11-30 19:54:00+00:00,continuous,91396.9,91445.4,91396.8,91445.4,2607823.727799999
2025-11-30 19:59:59.845000+00:00,2025-11-30 19:57:00+00:00,continuous,91445.3,91445.4,91414.6,91423.2,4068607.086100002
2025-11-30 20:02:59.669000+00:00,2025-11-30 20:00:00+00:00,continuous,91423.1,91423.1,91378.0,91379.1,4085436.8331000037
2025-11-30 20:05:59.498000+00:00,2025-11-30 20:03:00+00:00,continuous,91379.1,91473.2,91379.1,91466.5,5215760.795099998
2025-11-30 20:08:59.450000+00:00,2025-11-30 20:06:00+00:00,continuous,91466.4,91552.0,91466.4,91527.8,12462563.93639999
2025-11-30 20:11:59.818000+00:00,2025-11-30 20:09:00+00:00,continuous,91527.8,91592.3,91521.0,91557.4,11699610.2669
2025-11-30 20:14:59.723000+00:00,2025-11-30 20:12:00+00:00,continuous,91557.3,91586.7,91517.4,91517.4,10982731.88919999
2025-11-30 20:17:59.838000+00:00,2025-11-30 20:15:00+00:00,continuous,91517.5,91517.5,91420.1,91420.1,5413383.372200008
2025-11-30 20:20:59.625000+00:00,2025-11-30 20:18:00+00:00,continuous,91420.0,91450.1,91338.9,91339.0,9136701.110299997
2025-11-30 20:23:59.984000+00:00,2025-11-30 20:21:00+00:00,continuous,91338.9,91358.6,91331.9,91346.6,6828279.313199997
2025-11-30 20:26:59.943000+00:00,2025-11-30 20:24:00+00:00,continuous,91346.6,91357.1,91292.9,91292.9,8008182.610600004
2025-11-30 20:29:59.102000+00:00,2025-11-30 20:27:00+00:00,continuous,91293.0,91302.5,91261.0,91277.2,6586738.406000002
2025-11-30 20:32:59.066000+00:00,2025-11-30 20:30:00+00:00,continuous,91277.2,91300.5,91250.0,91265.0,7809590.243400009
2025-11-30 20:35:59.681000+00:00,2025-11-30 20:33:00+00:00,continuous,91265.0,91265.0,91163.0,91163.1,16709083.325899992
2025-11-30 20:38:57.671000+00:00,2025-11-30 20:36:00+00:00,continuous,91163.1,91198.7,91163.0,91190.4,6246646.073800008
2025-11-30 20:41:59.610000+00:00,2025-11-30 20:39:00+00:00,continuous,91190.4,91254.0,91133.6,91240.7,15101219.178800024
2025-11-30 20:44:59.819000+00:00,2025-11-30 20:42:00+00:00,continuous,91240.7,91240.7,91205.9,91238.4,3310282.7265999997
2025-11-30 20:47:59.076000+00:00,2025-11-30 20:45:00+00:00,continuous,91238.3,91328.0,91218.2,91293.7,15098966.185900005
2025-11-30 20:50:59.588000+00:00,2025-11-30 20:48:00+00:00,continuous,91293.8,91333.3,91250.0,91250.0,4049872.7721999977
2025-11-30 20:53:59.206000+00:00,2025-11-30 20:51:00+00:00,continuous,91250.0,91281.1,91222.0,91259.1,5689946.9849
2025-11-30 20:56:59.741000+00:00,2025-11-30 20:54:00+00:00,continuous,91259.1,91299.4,91259.1,91299.3,2191584.0091999993
2025-11-30 20:59:59.836000+00:00,2025-11-30 20:57:00+00:00,continuous,91299.3,91303.2,91272.6,91272.7,2733689.367299991
2025-11-30 21:02:59.198000+00:00,2025-11-30 21:00:00+00:00,continuous,91272.7,91293.2,91251.1,91251.2,7599531.259300005
2025-11-30 21:05:59.297000+00:00,2025-11-30 21:03:00+00:00,continuous,91251.1,91262.4,91217.4,91238.3,4937066.594100001
2025-11-30 21:08:58.794000+00:00,2025-11-30 21:06:00+00:00,continuous,91238.3,91275.6,91238.2,91243.9,2795679.6142000016
2025-11-30 21:11:59.834000+00:00,2025-11-30 21:09:00+00:00,continuous,91243.8,91244.0,91142.0,91148.1,11145315.939800018
2025-11-30 21:14:59.866000+00:00,2025-11-30 21:12:00+00:00,continuous,91148.1,91148.1,90858.9,91129.8,90706172.34309988
2025-11-30 21:17:59.780000+00:00,2025-11-30 21:15:00+00:00,continuous,91129.8,91180.8,91060.0,91080.0,14694233.588099979
2025-11-30 21:20:59.714000+00:00,2025-11-30 21:18:00+00:00,continuous,91080.0,91094.6,90978.1,91002.8,19355739.35130001
2025-11-30 21:23:59.746000+00:00,2025-11-30 21:21:00+00:00,continuous,91002.9,91015.5,90825.1,90942.0,58246542.604399905
2025-11-30 21:26:59.618000+00:00,2025-11-30 21:24:00+00:00,continuous,90941.9,90979.7,90888.0,90957.6,12774715.114900026
2025-11-30 21:29:59.961000+00:00,2025-11-30 21:27:00+00:00,continuous,90957.6,91031.4,90932.9,91031.4,10187322.036899984
2025-11-30 21:32:59.666000+00:00,2025-11-30 21:30:00+00:00,continuous,91031.3,91049.5,91003.0,91049.5,9846264.709599996
2025-11-30 21:35:59.949000+00:00,2025-11-30 21:33:00+00:00,continuous,91049.4,91172.7,91049.4,91133.6,36445481.78940002
2025-11-30 21:38:59.897000+00:00,2025-11-30 21:36:00+00:00,continuous,91133.6,91150.1,91078.7,91096.1,7821233.817199991
2025-11-30 21:41:59.360000+00:00,2025-11-30 21:39:00+00:00,continuous,91096.2,91096.2,91001.5,91006.1,7469262.054700004
2025-11-30 21:44:57.597000+00:00,2025-11-30 21:42:00+00:00,continuous,91006.1,91035.5,91006.0,91026.2,5005392.240899997
2025-11-30 21:47:59.953000+00:00,2025-11-30 21:45:00+00:00,continuous,91026.1,91113.1,91019.4,91061.9,7154087.237499989
2025-11-30 21:50:59.872000+00:00,2025-11-30 21:48:00+00:00,continuous,91062.0,91105.2,91062.0,91081.3,3504555.2181999935
2025-11-30 21:53:59.935000+00:00,2025-11-30 21:51:00+00:00,continuous,91081.2,91104.9,91063.4,91066.7,4850537.582800013
2025-11-30 21:56:59.988000+00:00,2025-11-30 21:54:00+00:00,continuous,91066.7,91150.0,91066.7,91147.0,7281483.622599981
2025-11-30 21:59:59.813000+00:00,2025-11-30 21:57:00+00:00,continuous,91147.1,91150.0,91118.7,91139.1,2601315.902299996
2025-11-30 22:02:59.906000+00:00,2025-11-30 22:00:00+00:00,continuous,91139.0,91196.0,91139.0,91184.9,7428461.087400018
2025-11-30 22:05:59.778000+00:00,2025-11-30 22:03:00+00:00,continuous,91184.8,91232.8,91172.5,91222.5,5641431.284299997
2025-11-30 22:08:59.784000+00:00,2025-11-30 22:06:00+00:00,continuous,91222.4,91282.1,91211.5,91243.6,11279835.102299992
2025-11-30 22:11:59.928000+00:00,2025-11-30 22:09:00+00:00,continuous,91243.7,91262.8,91243.2,91246.8,4709054.976499994
2025-11-30 22:14:59.917000+00:00,2025-11-30 22:12:00+00:00,continuous,91246.8,91276.3,91222.2,91233.1,7468868.487200007
2025-11-30 22:17:59.648000+00:00,2025-11-30 22:15:00+00:00,continuous,91233.0,91300.0,91204.7,91291.0,7030666.881299994
2025-11-30 22:20:59.540000+00:00,2025-11-30 22:18:00+00:00,continuous,91291.0,91291.1,91206.2,91212.4,4651875.256599997
2025-11-30 22:23:59.928000+00:00,2025-11-30 22:21:00+00:00,continuous,91212.4,91223.1,91150.0,91199.9,9609017.805599993
2025-11-30 22:26:59.999000+00:00,2025-11-30 22:24:00+00:00,continuous,91199.9,91235.7,91174.6,91233.2,5540587.247400003
2025-11-30 22:29:59.357000+00:00,2025-11-30 22:27:00+00:00,continuous,91233.3,91253.9,91185.2,91185.3,3571357.3433000008
2025-11-30 22:32:59.567000+00:00,2025-11-30 22:30:00+00:00,continuous,91185.2,91185.2,91072.2,91075.7,14907109.840399994
2025-11-30 22:35:59.723000+00:00,2025-11-30 22:33:00+00:00,continuous,91075.7,91078.5,91038.6,91070.1,10609094.9707
2025-11-30 22:38:59.812000+00:00,2025-11-30 22:36:00+00:00,continuous,91070.1,91124.0,91000.9,91009.1,7161263.408499999
2025-11-30 22:41:59.835000+00:00,2025-11-30 22:39:00+00:00,continuous,91009.1,91088.8,91009.0,91088.8,3857648.178399998
2025-11-30 22:44:59.532000+00:00,2025-11-30 22:42:00+00:00,continuous,91088.8,91153.6,91037.7,91040.5,12118226.016699998
2025-11-30 22:47:59.097000+00:00,2025-11-30 22:45:00+00:00,continuous,91040.5,91069.6,91004.9,91050.0,6569469.804099994
2025-11-30 22:50:59.840000+00:00,2025-11-30 22:48:00+00:00,continuous,91049.9,91120.0,91049.3,91097.2,4838594.024700007
2025-11-30 22:53:58.923000+00:00,2025-11-30 22:51:00+00:00,continuous,91097.3,91135.0,91095.4,91104.2,3890343.8480000007
2025-11-30 22:56:59.733000+00:00,2025-11-30 22:54:00+00:00,continuous,91104.2,91171.1,91096.1,91144.5,5049031.981199991
2025-11-30 22:59:59.091000+00:00,2025-11-30 22:57:00+00:00,continuous,91144.5,91249.9,91124.9,91178.9,8610197.291699998
2025-11-30 23:02:59.878000+00:00,2025-11-30 23:00:00+00:00,continuous,91179.0,91213.2,91103.4,91103.4,17601480.135899983
2025-11-30 23:05:59.349000+00:00,2025-11-30 23:03:00+00:00,continuous,91103.4,91106.2,90896.2,90917.3,95607499.26729998
2025-11-30 23:08:59.859000+00:00,2025-11-30 23:06:00+00:00,continuous,90917.2,90977.7,90819.5,90833.9,26588388.240299985
2025-11-30 23:11:59.727000+00:00,2025-11-30 23:09:00+00:00,continuous,90833.8,90932.7,90833.8,90932.6,17601848.75799998
2025-11-30 23:14:59.507000+00:00,2025-11-30 23:12:00+00:00,continuous,90932.7,90972.6,90886.8,90930.0,11435421.829900036
2025-11-30 23:17:59.669000+00:00,2025-11-30 23:15:00+00:00,continuous,90930.1,90930.1,90823.5,90890.0,25820536.216300007
2025-11-30 23:20:59.795000+00:00,2025-11-30 23:18:00+00:00,continuous,90890.0,90898.7,90832.2,90840.6,8829768.11539998
2025-11-30 23:23:59.595000+00:00,2025-11-30 23:21:00+00:00,continuous,90840.6,90880.6,90750.1,90786.2,25897545.21820003
2025-11-30 23:26:59.990000+00:00,2025-11-30 23:24:00+00:00,continuous,90786.1,90844.0,90666.0,90666.1,43982789.187999904
2025-11-30 23:29:59.746000+00:00,2025-11-30 23:27:00+00:00,continuous,90666.0,90690.5,90600.0,90615.6,36007230.45470009
2025-11-30 23:32:59.777000+00:00,2025-11-30 23:30:00+00:00,continuous,90615.6,90668.5,90547.1,90565.1,45037379.42140009
2025-11-30 23:35:59.940000+00:00,2025-11-30 23:33:00+00:00,continuous,90565.1,90584.5,90500.0,90549.9,36354592.38790002
2025-11-30 23:38:59.883000+00:00,2025-11-30 23:36:00+00:00,continuous,90549.8,90603.7,90477.3,90586.2,31471580.11440001
2025-11-30 23:41:59.546000+00:00,2025-11-30 23:39:00+00:00,continuous,90586.2,90586.2,90461.3,90493.2,30104601.286199965
2025-11-30 23:44:59.991000+00:00,2025-11-30 23:42:00+00:00,continuous,90493.1,90643.5,90490.4,90604.1,69245091.27050006
2025-11-30 23:47:59.601000+00:00,2025-11-30 23:45:00+00:00,continuous,90604.0,90680.8,90580.6,90648.9,20997301.110800035
2025-11-30 23:50:59.980000+00:00,2025-11-30 23:48:00+00:00,continuous,90648.9,90703.9,90539.0,90572.3,21513390.350700013
2025-11-30 23:53:59.865000+00:00,2025-11-30 23:51:00+00:00,continuous,90572.2,90572.3,90335.0,90375.7,133807744.53449993
2025-11-30 23:56:59.948000+00:00,2025-11-30 23:54:00+00:00,continuous,90375.7,90432.3,90335.8,90364.3,37221024.82100002
